20130401|101 |0|1|28241|1669|1712|1541|1107|1015|35285|
20130401|101 |0|2|58413|1834|7751|0|0|2865|70863|
20130401|101 |1|1|25182|1766|1775|1620|1333|2108|33784|
20130401|101 |1|2|50751|2010|7865|0|0|2574|63200|
20130401|190 |0|1|17664|1864|1903|1860|1018|587|24896|
20130401|190 |0|2|35160|1861|2070|0|0|1729|40820|
20130401|190 |1|1|15649|1787|1649|1552|1062|1206|22905|
20130401|190 |1|2|29919|1728|2046|0|0|1576|35269|
20130401|253 |0|1|25145|2292|2117|2330|1828|1082|34794|
20130401|253 |0|2|53807|1837|689|1|0|3350|59684|
20130401|253 |1|1|21834|2172|2052|2226|2365|2183|32832|
20130401|253 |1|2|48302|1960|688|0|0|3253|54203|
20130401|254 |0|1|12881|1515|1252|1707|3545|674|21574|
20130401|254 |0|2|25900|1103|820|1|0|2035|29859|
20130401|254 |1|1|13497|1545|1412|1544|3175|1479|22652|
20130401|254 |1|2|26337|1156|885|0|0|2041|30419|
20130401|651 |0|1|6968|393|307|266|288|277|8499|
20130401|651 |0|2|12445|337|664|0|0|777|14223|
20130401|651 |1|1|6761|418|382|228|268|630|8687|
20130401|651 |1|2|12276|377|631|0|0|824|14108|
20130401|685 |0|1|4335|814|996|1303|2446|154|10048|
20130401|685 |0|2|10317|528|740|0|0|525|12110|
20130401|685 |1|1|3017|687|759|919|1926|223|7531|
20130401|685 |1|2|7380|453|618|0|0|387|8838|
20130402|101 |0|1|24732|1745|1857|1472|950|932|31688|
20130402|101 |0|2|53561|1903|7744|0|0|2551|65759|
20130402|101 |1|1|23430|1913|1894|2087|1380|1990|32694|
20130402|101 |1|2|49185|2168|7703|2|0|2458|61516|
20130402|190 |0|1|14885|1829|1991|1680|1121|452|21958|
20130402|190 |0|2|31461|1930|2087|0|0|1505|36983|
20130402|190 |1|1|14095|1824|1783|2017|1281|1123|22123|
20130402|190 |1|2|29424|1907|2066|0|0|1485|34882|
20130402|253 |0|1|21651|2313|2158|2370|1907|905|31304|
20130402|253 |0|2|49057|1850|739|4|5|3130|54785|
20130402|253 |1|1|20028|2270|2156|2530|2446|2076|31506|
20130402|253 |1|2|47221|1971|734|0|0|3191|53117|
20130402|254 |0|1|11268|1453|1238|1744|3594|621|19918|
20130402|254 |0|2|24154|1082|734|0|0|1928|27898|
20130402|254 |1|1|12581|1547|1532|1771|3289|1359|22079|
20130402|254 |1|2|25935|1176|842|0|0|2011|29964|
20130402|651 |0|1|5993|346|286|268|250|244|7387|
20130402|651 |0|2|11611|325|652|0|0|739|13327|
20130402|651 |1|1|5754|368|350|221|212|518|7423|
20130402|651 |1|2|11551|390|618|0|0|712|13271|
20130402|685 |0|1|3413|786|1048|1230|2554|139|9170|
20130402|685 |0|2|8803|539|665|0|0|477|10484|
20130402|685 |1|1|2867|710|813|930|2091|222|7633|
20130402|685 |1|2|7518|474|624|0|0|411|9027|
20130403|101 |0|1|27344|1785|1910|1495|942|994|34470|
20130403|101 |0|2|57166|1988|8174|0|0|2651|69979|
20130403|101 |1|1|25373|1942|2020|2143|1435|2060|34973|
20130403|101 |1|2|53040|2176|8122|0|0|2540|65878|
20130403|190 |0|1|16212|1979|1983|1810|1064|515|23563|
20130403|190 |0|2|33677|2006|2201|0|0|1631|39515|
20130403|190 |1|1|15099|1886|1872|2004|1228|1160|23249|
20130403|190 |1|2|31587|1955|2142|0|0|1561|37245|
20130403|253 |0|1|23160|2393|2159|2569|1986|992|33259|
20130403|253 |0|2|52118|1958|874|4|5|3315|58274|
20130403|253 |1|1|21278|2438|2177|2639|2719|2220|33471|
20130403|253 |1|2|50620|2087|898|0|5|3365|56975|
20130403|254 |0|1|12261|1577|1365|1713|3635|662|21213|
20130403|254 |0|2|25683|1162|883|3|5|2009|29745|
20130403|254 |1|1|13229|1642|1535|1749|3312|1412|22879|
20130403|254 |1|2|26460|1255|835|3|9|2060|30622|
20130403|651 |0|1|6672|372|308|299|275|295|8221|
20130403|651 |0|2|12952|341|763|1|2|767|14826|
20130403|651 |1|1|6232|381|369|228|255|574|8039|
20130403|651 |1|2|12645|383|735|0|0|744|14507|
20130403|685 |0|1|3637|834|1047|1314|2927|155|9914|
20130403|685 |0|2|9180|559|742|0|0|511|10992|
20130403|685 |1|1|3148|789|824|1049|2311|212|8333|
20130403|685 |1|2|7911|512|678|0|0|410|9511|
20130404|101 |0|1|28889|1869|1865|1491|859|973|35946|
20130404|101 |0|2|58885|1927|7997|0|0|2784|71593|
20130404|101 |1|1|26764|2010|2051|2109|1296|2140|36370|
20130404|101 |1|2|54686|2261|7988|0|0|2655|67590|
20130404|190 |0|1|17483|1939|2027|1842|1127|557|24975|
20130404|190 |0|2|35620|1939|2162|0|0|1631|41352|
20130404|190 |1|1|16418|1970|1847|1972|1314|1258|24779|
20130404|190 |1|2|33006|1924|2117|1|0|1591|38639|
20130404|253 |0|1|24268|2441|2221|2458|2152|996|34536|
20130404|253 |0|2|53978|1919|751|0|0|3380|60028|
20130404|253 |1|1|22382|2456|2207|2579|2746|2171|34541|
20130404|253 |1|2|51195|2025|794|2|7|3336|57359|
20130404|254 |0|1|12248|1520|1295|1700|3608|617|20988|
20130404|254 |0|2|25594|1112|749|1|1|2005|29462|
20130404|254 |1|1|13457|1627|1495|1775|3219|1504|23077|
20130404|254 |1|2|27739|1147|822|2|0|2164|31874|
20130404|651 |0|1|7303|374|326|285|302|302|8892|
20130404|651 |0|2|13737|324|744|0|0|775|15580|
20130404|651 |1|1|6666|393|382|235|249|637|8562|
20130404|651 |1|2|12973|377|645|0|0|818|14813|
20130404|685 |0|1|4055|850|1078|1344|2883|149|10359|
20130404|685 |0|2|9644|586|736|0|0|482|11448|
20130404|685 |1|1|3281|750|891|1117|2323|259|8621|
20130404|685 |1|2|8558|539|633|0|0|461|10191|
20130405|101 |0|1|34314|1909|1822|1457|1018|1100|41620|
20130405|101 |0|2|65291|1945|8745|0|1|2993|78975|
20130405|101 |1|1|31526|2114|1976|2172|1435|2418|41641|
20130405|101 |1|2|59685|2208|8605|0|0|2820|73318|
20130405|190 |0|1|21964|1952|1900|1856|1084|646|29402|
20130405|190 |0|2|41630|1987|2234|0|0|1816|47667|
20130405|190 |1|1|20539|1932|1889|1988|1318|1528|29194|
20130405|190 |1|2|39134|1975|2147|0|0|1779|45035|
20130405|253 |0|1|28761|2273|1921|1894|1872|1124|37845|
20130405|253 |0|2|58720|1923|679|0|0|3524|64846|
20130405|253 |1|1|27840|2376|1924|2094|2442|2637|39313|
20130405|253 |1|2|57062|2065|857|0|0|3491|63475|
20130405|254 |0|1|10504|1545|1209|1641|3466|558|18923|
20130405|254 |0|2|27428|1130|751|0|0|2015|31324|
20130405|254 |1|1|16644|1683|1503|1698|3107|1564|26199|
20130405|254 |1|2|27054|1150|637|0|0|1964|30805|
20130405|651 |0|1|10299|411|357|293|293|392|12045|
20130405|651 |0|2|18994|379|929|0|0|919|21221|
20130405|651 |1|1|8097|421|438|277|262|701|10196|
20130405|651 |1|2|15604|412|949|0|0|929|17894|
20130405|685 |0|1|4960|883|1041|1402|2858|187|11331|
20130405|685 |0|2|11275|574|711|0|0|539|13099|
20130405|685 |1|1|4972|845|958|1149|2373|378|10675|
20130405|685 |1|2|11781|534|726|0|0|607|13648|
20130406|101 |0|1|32897|874|1070|650|393|880|36764|
20130406|101 |0|2|51048|1116|7927|0|0|2025|62116|
20130406|101 |1|1|29860|1067|1242|1096|527|2066|35858|
20130406|101 |1|2|46322|1405|7784|0|0|1864|57375|
20130406|190 |0|1|21895|851|1064|712|428|543|25493|
20130406|190 |0|2|34145|1029|1757|0|1|1179|38111|
20130406|190 |1|1|20223|886|1031|961|573|1348|25022|
20130406|190 |1|2|32452|1062|1892|0|1|1237|36644|
20130406|253 |0|1|30464|892|885|796|782|873|34692|
20130406|253 |0|2|48798|877|589|0|1|2411|52676|
20130406|253 |1|1|28003|948|945|1072|1174|2212|34354|
20130406|253 |1|2|46956|1060|606|0|1|2493|51116|
20130406|254 |0|1|10726|587|647|772|1575|418|14725|
20130406|254 |0|2|23751|500|685|0|2|1427|26365|
20130406|254 |1|1|16775|767|763|1050|1541|1512|22408|
20130406|254 |1|2|25394|591|730|0|0|1559|28274|
20130406|651 |0|1|11763|193|190|161|136|351|12794|
20130406|651 |0|2|18392|199|810|0|0|807|20208|
20130406|651 |1|1|8985|189|247|122|123|724|10390|
20130406|651 |1|2|15126|229|837|0|0|675|16867|
20130406|685 |0|1|5757|330|538|552|1136|160|8473|
20130406|685 |0|2|10066|214|730|0|1|447|11458|
20130406|685 |1|1|5078|305|443|536|1145|330|7837|
20130406|685 |1|2|8948|195|603|0|0|380|10126|
20130407|101 |0|1|33447|537|574|358|139|948|36003|
20130407|101 |0|2|53462|714|7148|0|0|1917|63241|
20130407|101 |1|1|34617|624|887|712|215|2244|39299|
20130407|101 |1|2|51320|731|7446|0|0|1858|61355|
20130407|190 |0|1|20636|459|542|356|140|455|22588|
20130407|190 |0|2|30398|560|1896|0|0|1050|33904|
20130407|190 |1|1|23885|466|571|562|172|1470|27126|
20130407|190 |1|2|35553|491|1752|8|10|1129|38943|
20130407|253 |0|1|30144|504|404|293|310|823|32478|
20130407|253 |0|2|45558|508|583|0|0|2114|48763|
20130407|253 |1|1|30142|402|412|332|305|2267|33860|
20130407|253 |1|2|43914|386|567|0|0|1880|46747|
20130407|254 |0|1|15058|281|283|261|418|517|16818|
20130407|254 |0|2|22064|241|728|0|1|1199|24233|
20130407|254 |1|1|17193|272|289|238|371|1533|19896|
20130407|254 |1|2|23265|216|805|0|1|1209|25496|
20130407|651 |0|1|8845|82|85|33|34|312|9391|
20130407|651 |0|2|14287|78|667|0|0|664|15696|
20130407|651 |1|1|11957|96|153|38|30|900|13174|
20130407|651 |1|2|19724|98|780|0|0|799|21401|
20130407|685 |0|1|5543|111|168|132|344|128|6426|
20130407|685 |0|2|8471|87|718|0|0|346|9622|
20130407|685 |1|1|5956|124|159|88|317|378|7022|
20130407|685 |1|2|10479|74|648|0|0|368|11569|
20130408|101 |0|1|28863|1715|1618|1492|964|1038|35690|
20130408|101 |0|2|59465|1842|8007|0|1|2888|72203|
20130408|101 |1|1|25679|1770|1702|1654|1336|2150|34291|
20130408|101 |1|2|52804|2068|7961|1|1|2689|65524|
20130408|190 |0|1|18145|1802|1895|1740|964|606|25152|
20130408|190 |0|2|36342|1897|2194|0|0|1706|42139|
20130408|190 |1|1|15756|1727|1650|1440|1050|1202|22825|
20130408|190 |1|2|30674|1772|2161|0|0|1617|36224|
20130408|253 |0|1|25518|2290|2077|2293|1736|1029|34943|
20130408|253 |0|2|54940|1844|797|0|0|3337|60918|
20130408|253 |1|1|21325|2144|1957|2140|2169|2187|31922|
20130408|253 |1|2|48529|1945|801|0|0|3270|54545|
20130408|254 |0|1|12627|1477|1231|1645|3343|707|21030|
20130408|254 |0|2|25907|1113|746|0|2|2047|29815|
20130408|254 |1|1|13132|1396|1415|1368|2755|1450|21516|
20130408|254 |1|2|26036|1149|817|0|2|2000|30004|
20130408|651 |0|1|7185|386|285|250|268|287|8661|
20130408|651 |0|2|13136|346|716|0|0|785|14983|
20130408|651 |1|1|6772|377|382|203|234|617|8585|
20130408|651 |1|2|12783|388|681|0|0|836|14688|
20130408|685 |0|1|4705|833|1038|1264|2576|188|10604|
20130408|685 |0|2|11304|593|796|0|0|577|13270|
20130408|685 |1|1|3207|745|809|999|1967|275|8002|
20130408|685 |1|2|7973|469|692|0|0|470|9604|
20130409|101 |0|1|26750|1902|1780|1556|1125|954|34067|
20130409|101 |0|2|57231|2000|8033|0|0|2635|69899|
20130409|101 |1|1|24826|2023|2107|2164|1624|2122|34866|
20130409|101 |1|2|53126|2213|7956|0|2|2447|65744|
20130409|190 |0|1|16277|1992|2046|1860|1096|487|23758|
20130409|190 |0|2|33668|2000|2141|0|0|1616|39425|
20130409|190 |1|1|15527|1942|1870|2056|1271|1240|23906|
20130409|190 |1|2|31595|1911|2152|0|0|1557|37215|
20130409|253 |0|1|22403|2401|2296|2615|2154|939|32808|
20130409|253 |0|2|51967|1981|813|0|1|3345|58107|
20130409|253 |1|1|21347|2509|2277|2711|2718|2108|33670|
20130409|253 |1|2|49592|2093|818|0|2|3253|55758|
20130409|254 |0|1|11579|1538|1272|1766|3593|615|20363|
20130409|254 |0|2|24809|1112|697|0|1|1927|28546|
20130409|254 |1|1|12810|1636|1473|1751|3255|1377|22302|
20130409|254 |1|2|26532|1182|817|0|0|2111|30642|
20130409|651 |0|1|6665|411|326|298|294|293|8287|
20130409|651 |0|2|13110|364|644|0|0|772|14890|
20130409|651 |1|1|6357|422|414|240|267|587|8287|
20130409|651 |1|2|12843|398|636|0|0|784|14661|
20130409|685 |0|1|3816|877|1096|1317|2717|156|9979|
20130409|685 |0|2|9548|608|765|0|0|533|11454|
20130409|685 |1|1|3325|712|864|1134|2194|272|8501|
20130409|685 |1|2|8194|529|667|0|0|458|9848|
20130410|101 |0|1|26937|1745|1750|1514|1073|952|33971|
20130410|101 |0|2|56668|1909|8234|0|0|2739|69550|
20130410|101 |1|1|25370|1955|2049|2170|1535|2114|35193|
20130410|101 |1|2|53306|2165|8213|2|0|2593|66279|
20130410|190 |0|1|15737|1876|1907|1829|1006|467|22822|
20130410|190 |0|2|33254|1951|2254|0|0|1488|38947|
20130410|190 |1|1|15167|1844|1792|1930|1204|1133|23070|
20130410|190 |1|2|31570|1899|2132|0|0|1492|37093|
20130410|253 |0|1|22817|2439|2289|2407|2202|990|33144|
20130410|253 |0|2|51993|1928|868|0|0|3322|58111|
20130410|253 |1|1|21246|2366|2145|2575|2758|2175|33265|
20130410|253 |1|2|50287|2070|893|0|0|3271|56521|
20130410|254 |0|1|11705|1519|1246|1762|3590|637|20459|
20130410|254 |0|2|25167|1114|783|0|0|1990|29054|
20130410|254 |1|1|12817|1603|1472|1699|3236|1479|22306|
20130410|254 |1|2|26970|1206|865|0|0|2058|31099|
20130410|651 |0|1|6629|399|305|297|263|281|8174|
20130410|651 |0|2|12992|372|733|0|1|789|14887|
20130410|651 |1|1|6509|418|382|233|224|557|8323|
20130410|651 |1|2|12808|422|675|0|0|803|14708|
20130410|685 |0|1|3743|936|1053|1304|2807|129|9972|
20130410|685 |0|2|9557|539|841|0|0|526|11463|
20130410|685 |1|1|3422|820|887|1152|2264|232|8777|
20130410|685 |1|2|8554|508|715|0|0|471|10248|
20130411|101 |0|1|27408|1792|1806|1528|1204|907|34645|
20130411|101 |0|2|58586|1964|8102|0|0|2714|71366|
20130411|101 |1|1|25174|1972|2100|2147|1536|2048|34977|
20130411|101 |1|2|53300|2159|8001|0|0|2568|66028|
20130411|190 |0|1|15745|1860|2054|1814|1108|511|23092|
20130411|190 |0|2|33887|1876|2111|0|0|1585|39459|
20130411|190 |1|1|16848|1947|1970|1936|1225|1258|25184|
20130411|190 |1|2|30774|1770|1867|0|0|1446|35857|
20130411|253 |0|1|22819|2350|2290|2446|2029|972|32906|
20130411|253 |0|2|52370|1909|812|0|0|3324|58415|
20130411|253 |1|1|21586|2346|2161|2709|2704|2188|33694|
20130411|253 |1|2|50093|2002|792|1|0|3340|56228|
20130411|254 |0|1|11964|1563|1226|1692|3363|650|20458|
20130411|254 |0|2|25357|1137|762|1|1|2011|29269|
20130411|254 |1|1|13049|1555|1421|1680|2939|1488|22132|
20130411|254 |1|2|26797|1161|797|1|0|2042|30798|
20130411|651 |0|1|6795|394|345|305|275|310|8424|
20130411|651 |0|2|13486|336|711|0|0|758|15291|
20130411|651 |1|1|6443|394|461|241|285|582|8406|
20130411|651 |1|2|12808|386|735|0|0|777|14706|
20130411|685 |0|1|3952|898|1085|1352|2756|137|10180|
20130411|685 |0|2|9897|565|738|0|0|524|11724|
20130411|685 |1|1|3389|767|909|1168|2291|254|8778|
20130411|685 |1|2|8629|528|675|0|0|499|10331|
20130412|101 |0|1|32535|1814|1755|1494|1113|1081|39792|
20130412|101 |0|2|63982|1958|8905|0|0|2960|77805|
20130412|101 |1|1|28773|1935|2010|2100|1491|2433|38742|
20130412|101 |1|2|57521|2228|8746|0|0|2853|71348|
20130412|190 |0|1|21182|1931|1926|1780|1083|604|28506|
20130412|190 |0|2|40622|1954|2283|0|0|1797|46656|
20130412|190 |1|1|19913|1898|2005|1836|1233|1527|28412|
20130412|190 |1|2|36420|1901|2164|0|0|1665|42150|
20130412|253 |0|1|27554|2359|2147|2339|2076|1103|37578|
20130412|253 |0|2|58260|1948|847|0|0|3562|64617|
20130412|253 |1|1|24737|2428|2174|2492|2720|2492|37043|
20130412|253 |1|2|54752|2102|923|0|0|3538|61315|
20130412|254 |0|1|13291|1501|1279|1689|3428|702|21890|
20130412|254 |0|2|27244|1168|736|2|1|2130|31281|
20130412|254 |1|1|14197|1530|1512|1771|3113|1502|23625|
20130412|254 |1|2|27981|1143|682|2|0|2105|31913|
20130412|651 |0|1|10744|426|330|347|288|361|12496|
20130412|651 |0|2|19408|365|870|0|0|933|21576|
20130412|651 |1|1|7565|457|453|261|271|689|9696|
20130412|651 |1|2|14786|384|863|0|0|851|16884|
20130412|685 |0|1|5020|925|1175|1622|2733|153|11628|
20130412|685 |0|2|11573|604|810|0|0|570|13557|
20130412|685 |1|1|4355|857|989|1403|2328|315|10247|
20130412|685 |1|2|10984|593|777|0|0|566|12920|
20130413|101 |0|1|41745|1050|1204|697|486|991|46173|
20130413|101 |0|2|59077|1157|8968|0|0|2181|71383|
20130413|101 |1|1|35898|1320|1479|1326|832|2394|43249|
20130413|101 |1|2|55802|1559|8805|0|1|2140|68307|
20130413|190 |0|1|29530|1035|1216|935|670|644|34030|
20130413|190 |0|2|41870|1052|1844|0|0|1449|46215|
20130413|190 |1|1|24931|1030|1237|1139|878|1691|30906|
20130413|190 |1|2|39904|1123|2156|0|0|1427|44610|
20130413|253 |0|1|35702|1129|949|1001|1177|1000|40958|
20130413|253 |0|2|53985|957|664|0|0|2558|58164|
20130413|253 |1|1|32327|1267|1113|1354|1765|2558|40384|
20130413|253 |1|2|52648|1173|751|0|0|2621|57193|
20130413|254 |0|1|17206|732|671|901|1965|655|22130|
20130413|254 |0|2|25985|534|657|1|0|1563|28740|
20130413|254 |1|1|18941|838|974|1103|1956|1748|25560|
20130413|254 |1|2|28560|687|829|0|0|1733|31809|
20130413|651 |0|1|17380|283|249|240|211|583|18946|
20130413|651 |0|2|25632|258|930|0|0|954|27774|
20130413|651 |1|1|12622|279|315|185|161|935|14497|
20130413|651 |1|2|21040|314|934|0|0|854|23142|
20130413|685 |0|1|8194|489|678|769|1607|217|11954|
20130413|685 |0|2|14237|293|906|0|0|574|16010|
20130413|685 |1|1|6090|396|491|668|1345|390|9380|
20130413|685 |1|2|10937|231|632|1|0|495|12296|
20130414|101 |0|1|32902|532|608|356|213|792|35403|
20130414|101 |0|2|51301|666|7484|0|0|1903|61354|
20130414|101 |1|1|36131|693|845|703|292|2293|40957|
20130414|101 |1|2|52477|742|8145|0|0|1863|63227|
20130414|190 |0|1|19706|429|478|371|193|458|21635|
20130414|190 |0|2|29673|500|2021|0|0|1079|33273|
20130414|190 |1|1|25497|446|525|586|184|1617|28855|
20130414|190 |1|2|37664|470|1912|0|0|1280|41326|
20130414|253 |0|1|28850|487|418|328|400|839|31322|
20130414|253 |0|2|43195|468|733|0|0|2074|46470|
20130414|253 |1|1|31202|395|389|403|464|2352|35205|
20130414|253 |1|2|44795|395|719|0|0|2024|47933|
20130414|254 |0|1|14772|231|261|309|459|564|16596|
20130414|254 |0|2|20846|236|759|0|0|1205|23046|
20130414|254 |1|1|17219|240|308|248|397|1607|20019|
20130414|254 |1|2|23208|188|791|0|0|1205|25392|
20130414|651 |0|1|8995|87|98|57|42|314|9593|
20130414|651 |0|2|14216|85|688|0|0|656|15645|
20130414|651 |1|1|14262|111|155|79|34|1103|15744|
20130414|651 |1|2|22571|115|748|0|0|876|24310|
20130414|685 |0|1|5287|115|193|162|367|146|6270|
20130414|685 |0|2|7888|94|821|0|0|359|9162|
20130414|685 |1|1|6637|133|159|165|348|364|7806|
20130414|685 |1|2|11130|98|720|0|0|386|12334|
20130415|101 |0|1|28530|1645|1694|1471|1041|1048|35429|
20130415|101 |0|2|58834|1831|8237|0|0|2866|71768|
20130415|101 |1|1|25938|1716|1727|1573|1373|2255|34582|
20130415|101 |1|2|52697|2035|8344|0|0|2724|65800|
20130415|190 |0|1|17929|1809|1863|1814|1053|586|25054|
20130415|190 |0|2|36052|1891|2213|0|0|1671|41827|
20130415|190 |1|1|15962|1727|1599|1466|1132|1276|23162|
20130415|190 |1|2|31253|1789|2172|0|0|1563|36777|
20130415|253 |0|1|25454|2213|2121|2286|1917|1085|35076|
20130415|253 |0|2|55525|1841|859|0|1|3371|61597|
20130415|253 |1|1|22026|2161|2059|2190|2375|2272|33083|
20130415|253 |1|2|49903|2004|879|0|0|3270|56056|
20130415|254 |0|1|12791|1485|1227|1632|3421|708|21264|
20130415|254 |0|2|25719|1088|745|1|1|2035|29589|
20130415|254 |1|1|13242|1422|1359|1451|3055|1466|21995|
20130415|254 |1|2|26604|1132|863|0|1|2067|30667|
20130415|651 |0|1|7174|389|283|283|259|315|8703|
20130415|651 |0|2|13239|324|757|0|0|793|15113|
20130415|651 |1|1|6963|367|376|239|235|658|8838|
20130415|651 |1|2|13054|386|703|1|2|840|14986|
20130415|685 |0|1|4943|864|1077|1351|2704|195|11134|
20130415|685 |0|2|12077|632|887|0|0|600|14196|
20130415|685 |1|1|3464|802|850|1008|2032|256|8412|
20130415|685 |1|2|8475|548|720|0|0|509|10252|
20130416|101 |0|1|26981|1748|1859|1588|1097|931|34204|
20130416|101 |0|2|57269|1942|8499|1|1|2672|70384|
20130416|101 |1|1|24675|2062|2008|2296|1494|2052|34587|
20130416|101 |1|2|51989|2149|8400|0|0|2499|65037|
20130416|190 |0|1|16093|1883|1933|1774|1137|528|23348|
20130416|190 |0|2|33468|2016|2213|2|0|1670|39369|
20130416|190 |1|1|15229|1829|1814|1988|1408|1157|23425|
20130416|190 |1|2|31066|1956|2172|1|0|1582|36777|
20130416|253 |0|1|23004|2383|2234|2466|2063|938|33088|
20130416|253 |0|2|51792|1960|1002|0|0|3364|58118|
20130416|253 |1|1|21402|2391|2264|2578|2695|2153|33483|
20130416|253 |1|2|49564|2010|1068|0|0|3364|56006|
20130416|254 |0|1|11423|1546|1316|1787|3654|625|20351|
20130416|254 |0|2|24776|1126|707|1|2|1934|28546|
20130416|254 |1|1|12871|1562|1521|1810|3243|1375|22382|
20130416|254 |1|2|26483|1259|803|0|1|2093|30639|
20130416|651 |0|1|7067|366|324|295|315|286|8653|
20130416|651 |0|2|13432|361|730|0|0|763|15286|
20130416|651 |1|1|6690|380|384|256|246|600|8556|
20130416|651 |1|2|13169|396|693|0|0|803|15061|
20130416|685 |0|1|3920|901|1122|1424|2934|158|10459|
20130416|685 |0|2|10118|633|837|0|0|604|12192|
20130416|685 |1|1|3458|828|914|1218|2364|272|9054|
20130416|685 |1|2|8804|563|742|0|0|565|10674|
20130417|101 |0|1|27995|1822|1837|1523|1065|967|35209|
20130417|101 |0|2|59022|1990|8690|1|0|2710|72413|
20130417|101 |1|1|25857|1952|2033|2133|1540|2187|35702|
20130417|101 |1|2|54268|2236|8505|0|0|2509|67518|
20130417|190 |0|1|16071|1896|1970|1797|1070|498|23302|
20130417|190 |0|2|33825|1913|2283|4|3|1589|39617|
20130417|190 |1|1|15355|1900|1884|2001|1270|1181|23591|
20130417|190 |1|2|32639|1925|2332|2|2|1586|38486|
20130417|253 |0|1|23440|2410|2127|2368|2076|1008|33429|
20130417|253 |0|2|51739|1873|977|2|11|3338|57940|
20130417|253 |1|1|21527|2427|2199|2551|2741|2211|33656|
20130417|253 |1|2|51129|2048|1040|0|0|3372|57589|
20130417|254 |0|1|11838|1519|1274|1712|3547|618|20508|
20130417|254 |0|2|25160|1078|826|1|1|2050|29116|
20130417|254 |1|1|12961|1583|1475|1738|3178|1391|22326|
20130417|254 |1|2|26605|1168|878|0|0|2106|30757|
20130417|651 |0|1|7141|424|324|281|316|307|8793|
20130417|651 |0|2|13713|353|849|0|0|771|15686|
20130417|651 |1|1|6674|450|434|229|288|606|8681|
20130417|651 |1|2|13253|387|780|0|0|797|15217|
20130417|685 |0|1|4139|901|1009|1406|2932|178|10565|
20130417|685 |0|2|10255|601|846|0|0|558|12260|
20130417|685 |1|1|3583|832|863|1184|2375|310|9147|
20130417|685 |1|2|9046|504|737|0|0|562|10849|
20130418|101 |0|1|28099|1720|1861|1502|970|988|35140|
20130418|101 |0|2|59496|1977|8788|1|0|2757|73019|
20130418|101 |1|1|26296|1994|2068|2052|1368|2108|35886|
20130418|101 |1|2|55114|2258|8651|0|0|2559|68582|
20130418|190 |0|1|16454|1928|2008|1939|1150|502|23981|
20130418|190 |0|2|34789|1957|2263|0|0|1597|40606|
20130418|190 |1|1|16375|1918|1884|2025|1273|1232|24707|
20130418|190 |1|2|32869|1956|2205|0|0|1580|38610|
20130418|253 |0|1|23480|2425|2211|2504|2100|993|33713|
20130418|253 |0|2|53896|1983|1014|1|0|3351|60245|
20130418|253 |1|1|21997|2420|2152|2725|2676|2226|34196|
20130418|253 |1|2|52163|2067|1040|1|0|3353|58624|
20130418|254 |0|1|11527|1458|1205|1720|3443|655|20008|
20130418|254 |0|2|25015|1122|768|1|1|2016|28923|
20130418|254 |1|1|13282|1563|1451|1677|3196|1443|22612|
20130418|254 |1|2|26971|1141|842|0|0|2086|31040|
20130418|651 |0|1|7435|404|317|285|307|279|9027|
20130418|651 |0|2|14390|333|772|0|0|808|16303|
20130418|651 |1|1|6983|451|401|219|286|602|8942|
20130418|651 |1|2|13683|374|744|0|0|811|15612|
20130418|685 |0|1|4174|871|1057|1409|2938|153|10602|
20130418|685 |0|2|10297|604|808|0|0|611|12320|
20130418|685 |1|1|3807|791|877|1218|2303|291|9287|
20130418|685 |1|2|9113|551|748|0|0|527|10939|
20130419|101 |0|1|32472|1826|1810|1525|930|1061|39624|
20130419|101 |0|2|65158|2008|9387|3|1|2895|79452|
20130419|101 |1|1|29517|2032|2098|2168|1420|2446|39681|
20130419|101 |1|2|57408|2236|9019|1|0|2726|71390|
20130419|190 |0|1|20237|1923|1961|1789|1127|578|27615|
20130419|190 |0|2|40159|1960|2325|0|0|1816|46260|
20130419|190 |1|1|18676|1913|1948|2003|1252|1388|27180|
20130419|190 |1|2|38357|2003|2312|0|1|1831|44504|
20130419|253 |0|1|27280|2309|2167|2350|2024|1072|37202|
20130419|253 |0|2|58015|1878|1023|2|0|3621|64539|
20130419|253 |1|1|25300|2390|2198|2617|2706|2505|37716|
20130419|253 |1|2|54509|2063|1160|0|0|3477|61209|
20130419|254 |0|1|12852|1261|1000|1400|2901|641|20055|
20130419|254 |0|2|27213|1162|764|3|1|2174|31317|
20130419|254 |1|1|14347|1522|1388|1655|3148|1459|23519|
20130419|254 |1|2|27978|1207|757|0|0|2183|32125|
20130419|651 |0|1|10873|444|362|336|383|335|12733|
20130419|651 |0|2|20068|379|900|0|0|1006|22353|
20130419|651 |1|1|7957|431|445|279|302|669|10083|
20130419|651 |1|2|15386|420|972|0|0|934|17712|
20130419|685 |0|1|4989|900|1063|1497|2860|186|11495|
20130419|685 |0|2|11912|648|813|0|0|634|14007|
20130419|685 |1|1|4802|915|965|1339|2486|373|10880|
20130419|685 |1|2|11288|595|780|0|0|643|13306|
20130420|101 |0|1|37731|1022|1212|738|465|1052|42220|
20130420|101 |0|2|57140|1230|8836|0|0|2162|69368|
20130420|101 |1|1|33505|1262|1409|1308|742|2250|40476|
20130420|101 |1|2|52181|1553|8552|0|0|1952|64238|
20130420|190 |0|1|24833|1051|1122|836|620|556|29018|
20130420|190 |0|2|38467|1043|1817|1|0|1338|42666|
20130420|190 |1|1|22063|1041|1146|1208|750|1454|27662|
20130420|190 |1|2|36672|1173|2102|0|0|1353|41300|
20130420|253 |0|1|32509|1114|988|841|1090|875|37417|
20130420|253 |0|2|50877|1005|752|0|0|2518|55152|
20130420|253 |1|1|29525|1168|1079|1175|1615|2390|36952|
20130420|253 |1|2|50020|1115|891|0|0|2560|54586|
20130420|254 |0|1|15520|712|697|800|1881|620|20230|
20130420|254 |0|2|24514|552|634|0|0|1569|27269|
20130420|254 |1|1|16987|819|895|1036|1793|1548|23078|
20130420|254 |1|2|26414|667|729|0|0|1628|29438|
20130420|651 |0|1|15418|257|198|225|242|465|16805|
20130420|651 |0|2|24410|255|1118|0|0|944|26727|
20130420|651 |1|1|10816|305|295|184|207|801|12608|
20130420|651 |1|2|18782|299|942|0|0|782|20805|
20130420|685 |0|1|7192|409|532|638|1380|222|10373|
20130420|685 |0|2|12588|264|873|0|0|524|14249|
20130420|685 |1|1|5463|369|479|590|1328|419|8648|
20130420|685 |1|2|10262|231|704|0|0|506|11703|
20130421|101 |0|1|34625|570|632|359|246|832|37264|
20130421|101 |0|2|55143|783|7485|0|0|2030|65441|
20130421|101 |1|1|35867|697|864|744|323|2396|40891|
20130421|101 |1|2|53620|843|8075|0|0|1893|64431|
20130421|190 |0|1|20927|522|584|390|190|453|23066|
20130421|190 |0|2|31227|546|2163|0|0|1145|35081|
20130421|190 |1|1|25367|525|655|617|180|1570|28914|
20130421|190 |1|2|37727|525|2053|0|0|1282|41587|
20130421|253 |0|1|31034|533|435|355|395|895|33647|
20130421|253 |0|2|47024|563|762|0|0|2212|50561|
20130421|253 |1|1|33141|467|468|391|450|2377|37294|
20130421|253 |1|2|47995|458|723|1|0|2041|51218|
20130421|254 |0|1|14998|310|313|270|447|476|16814|
20130421|254 |0|2|22074|266|699|0|0|1227|24266|
20130421|254 |1|1|17578|269|333|256|364|1513|20313|
20130421|254 |1|2|24089|255|742|0|0|1248|26334|
20130421|651 |0|1|10947|97|97|64|69|373|11647|
20130421|651 |0|2|17055|96|781|0|0|755|18687|
20130421|651 |1|1|14909|127|138|88|48|1073|16383|
20130421|651 |1|2|24079|122|799|0|0|933|25933|
20130421|685 |0|1|5602|103|218|181|355|144|6603|
20130421|685 |0|2|8628|95|838|0|0|356|9917|
20130421|685 |1|1|6536|135|175|176|325|413|7760|
20130421|685 |1|2|11035|86|832|1|0|420|12374|
20130422|101 |0|1|29802|1595|1779|1543|960|1070|36749|
20130422|101 |0|2|60789|1820|8397|0|1|2954|73961|
20130422|101 |1|1|26710|1726|1715|1734|1264|2415|35564|
20130422|101 |1|2|53988|2020|8446|0|0|2764|67218|
20130422|190 |0|1|18477|1841|1864|1756|958|591|25487|
20130422|190 |0|2|37265|1874|2368|0|0|1771|43278|
20130422|190 |1|1|16829|1690|1662|1507|1043|1308|24039|
20130422|190 |1|2|32421|1764|2295|0|0|1665|38145|
20130422|253 |0|1|26435|2329|2081|2350|1844|1112|36151|
20130422|253 |0|2|56408|1833|910|3|0|3523|62677|
20130422|253 |1|1|22817|2243|2016|2269|2317|2268|33930|
20130422|253 |1|2|51294|1974|939|0|0|3396|57603|
20130422|254 |0|1|12439|1478|1253|1650|3380|664|20864|
20130422|254 |0|2|25934|1117|683|1|1|2032|29768|
20130422|254 |1|1|13301|1413|1394|1398|2906|1358|21770|
20130422|254 |1|2|26138|1142|726|2|0|2073|30081|
20130422|651 |0|1|7976|393|288|276|282|307|9522|
20130422|651 |0|2|14106|344|772|0|0|840|16062|
20130422|651 |1|1|7771|394|372|285|253|712|9787|
20130422|651 |1|2|14169|397|742|0|0|873|16181|
20130422|685 |0|1|5391|875|1074|1363|2702|202|11607|
20130422|685 |0|2|12619|634|853|0|0|650|14756|
20130422|685 |1|1|3830|794|895|988|2260|311|9078|
20130422|685 |1|2|9192|538|727|0|0|525|10982|
20130423|101 |0|1|25737|1690|1926|1636|1055|896|32940|
20130423|101 |0|2|56023|1950|8448|1|1|2691|69114|
20130423|101 |1|1|24028|1900|2010|2229|1417|2038|33622|
20130423|101 |1|2|50402|2167|8500|1|1|2495|63566|
20130423|190 |0|1|15157|1753|1957|1807|1092|467|22233|
20130423|190 |0|2|32470|1956|2277|0|2|1587|38292|
20130423|190 |1|1|15228|1783|1906|1968|1243|1134|23262|
20130423|190 |1|2|31068|1918|2222|0|2|1582|36792|
20130423|253 |0|1|21899|2361|2220|2361|2118|909|31868|
20130423|253 |0|2|51829|1891|1099|2|0|3325|58146|
20130423|253 |1|1|20735|2259|2200|2617|2649|2099|32559|
20130423|253 |1|2|49646|1937|1071|0|0|3182|55836|
20130423|254 |0|1|11015|1467|1269|1623|3532|623|19529|
20130423|254 |0|2|24145|1105|714|1|1|1996|27962|
20130423|254 |1|1|12179|1480|1425|1693|3126|1346|21249|
20130423|254 |1|2|25082|1144|718|0|0|1979|28923|
20130423|651 |0|1|6637|356|306|303|323|295|8220|
20130423|651 |0|2|13006|337|772|0|0|800|14915|
20130423|651 |1|1|6672|385|390|257|288|540|8532|
20130423|651 |1|2|13004|388|748|0|0|819|14959|
20130423|685 |0|1|3851|879|1021|1338|2830|128|10047|
20130423|685 |0|2|9986|548|800|0|1|525|11860|
20130423|685 |1|1|3569|792|888|1185|2477|277|9188|
20130423|685 |1|2|8968|525|708|0|0|543|10744|
20130424|101 |0|1|27227|1650|1872|1586|957|949|34241|
20130424|101 |0|2|58307|1920|8711|0|0|2726|71664|
20130424|101 |1|1|25136|1775|1917|2193|1268|2093|34382|
20130424|101 |1|2|52978|2158|8752|1|0|2603|66492|
20130424|190 |0|1|15871|1822|1933|1701|921|512|22760|
20130424|190 |0|2|33716|1917|2303|0|0|1590|39526|
20130424|190 |1|1|15211|1747|1787|1891|1136|1165|22937|
20130424|190 |1|2|32055|1912|2234|0|0|1584|37785|
20130424|253 |0|1|23354|2243|2132|2484|1976|954|33143|
20130424|253 |0|2|53572|1888|969|1|0|3394|59824|
20130424|253 |1|1|21532|2184|2110|2510|2515|2162|33013|
20130424|253 |1|2|51084|2053|1053|0|0|3392|57582|
20130424|254 |0|1|11649|1468|1186|1674|3525|647|20149|
20130424|254 |0|2|25043|1148|759|1|2|2046|28999|
20130424|254 |1|1|12951|1479|1421|1677|3068|1394|21990|
20130424|254 |1|2|26446|1150|842|1|0|2018|30457|
20130424|651 |0|1|7095|394|292|331|320|258|8690|
20130424|651 |0|2|13789|364|856|0|2|752|15763|
20130424|651 |1|1|6886|429|339|294|256|561|8765|
20130424|651 |1|2|13420|402|817|0|2|768|15409|
20130424|685 |0|1|4309|893|1095|1408|2853|160|10718|
20130424|685 |0|2|10710|613|876|0|0|603|12802|
20130424|685 |1|1|3628|798|933|1220|2505|280|9364|
20130424|685 |1|2|9434|540|720|0|0|559|11253|
20130425|101 |0|1|27107|1656|1782|1564|925|924|33958|
20130425|101 |0|2|56950|1941|8683|0|0|2652|70226|
20130425|101 |1|1|25117|1844|1965|2200|1293|2081|34500|
20130425|101 |1|2|52424|2184|8597|0|0|2560|65765|
20130425|190 |0|1|15334|1727|1938|1917|1035|493|22444|
20130425|190 |0|2|33065|1937|2271|0|0|1576|38849|
20130425|190 |1|1|14921|1718|1772|2075|1162|1157|22805|
20130425|190 |1|2|32093|1876|2296|1|1|1624|37891|
20130425|253 |0|1|22841|2289|2229|2423|1917|986|32685|
20130425|253 |0|2|52388|1870|1066|1|3|3370|58698|
20130425|253 |1|1|21048|2277|2090|2574|2425|2114|32528|
20130425|253 |1|2|50377|1988|1040|0|3|3379|56787|
20130425|254 |0|1|11283|1434|1189|1668|3327|609|19510|
20130425|254 |0|2|24982|1066|730|0|1|2113|28892|
20130425|254 |1|1|12616|1422|1471|1681|2879|1348|21417|
20130425|254 |1|2|26310|1129|777|0|0|2135|30351|
20130425|651 |0|1|6952|347|316|317|263|259|8454|
20130425|651 |0|2|13115|344|825|0|0|758|15042|
20130425|651 |1|1|6581|381|395|260|252|609|8478|
20130425|651 |1|2|12838|380|796|0|0|792|14806|
20130425|685 |0|1|4186|830|1123|1384|2707|163|10393|
20130425|685 |0|2|10446|525|837|0|0|565|12373|
20130425|685 |1|1|3812|858|942|1152|2378|294|9436|
20130425|685 |1|2|9442|529|776|0|0|589|11336|
20130426|101 |0|1|33159|1896|1862|1583|1068|1022|40590|
20130426|101 |0|2|63948|1984|9555|1|0|2889|78377|
20130426|101 |1|1|29086|2001|2094|2206|1406|2314|39107|
20130426|101 |1|2|57438|2276|9270|0|0|2810|71794|
20130426|190 |0|1|20715|1992|1986|1817|1118|605|28233|
20130426|190 |0|2|41005|1990|2510|1|0|1849|47355|
20130426|190 |1|1|18547|1954|1881|2067|1303|1392|27144|
20130426|190 |1|2|37752|1975|2430|2|0|1822|43981|
20130426|253 |0|1|27730|2487|2126|2392|2022|1111|37868|
20130426|253 |0|2|59025|2010|999|2|0|3740|65776|
20130426|253 |1|1|25205|2516|2217|2680|2664|2526|37808|
20130426|253 |1|2|56767|2119|1156|1|0|3680|63723|
20130426|254 |0|1|13224|1587|1257|1757|3443|698|21966|
20130426|254 |0|2|27084|1172|761|1|2|2121|31141|
20130426|254 |1|1|14724|1608|1437|1733|3005|1469|23976|
20130426|254 |1|2|27066|1179|744|2|1|2116|31108|
20130426|651 |0|1|11076|430|354|372|361|375|12968|
20130426|651 |0|2|20434|408|905|0|0|959|22706|
20130426|651 |1|1|8259|469|456|322|290|764|10560|
20130426|651 |1|2|14859|404|914|0|0|850|17027|
20130426|685 |0|1|5402|955|1120|1456|2991|200|12124|
20130426|685 |0|2|12712|649|895|0|1|612|14869|
20130426|685 |1|1|4867|930|1011|1249|2486|376|10919|
20130426|685 |1|2|11704|627|829|0|0|646|13806|
20130427|101 |0|1|40175|1176|1209|782|554|1004|44900|
20130427|101 |0|2|58907|1222|8966|0|0|2239|71334|
20130427|101 |1|1|35301|1393|1385|1431|846|2477|42833|
20130427|101 |1|2|56318|1598|8770|0|0|2185|68871|
20130427|190 |0|1|27403|1159|1176|929|704|646|32017|
20130427|190 |0|2|42844|1123|2000|1|0|1507|47475|
20130427|190 |1|1|23356|1156|1216|1228|873|1571|29400|
20130427|190 |1|2|38684|1181|2148|0|0|1471|43484|
20130427|253 |0|1|36351|1231|1050|971|1172|1054|41829|
20130427|253 |0|2|55801|1049|820|0|0|2685|60355|
20130427|253 |1|1|31635|1359|1221|1414|1756|2607|39992|
20130427|253 |1|2|50377|1194|857|0|0|2590|55018|
20130427|254 |0|1|16847|769|681|922|1989|654|21862|
20130427|254 |0|2|25703|571|678|1|0|1587|28540|
20130427|254 |1|1|18473|880|923|1130|1957|1757|25120|
20130427|254 |1|2|27912|699|815|0|0|1744|31170|
20130427|651 |0|1|17562|303|274|245|238|577|19199|
20130427|651 |0|2|26046|239|1027|0|0|1060|28372|
20130427|651 |1|1|12680|320|312|219|157|957|14645|
20130427|651 |1|2|21046|303|947|0|0|862|23158|
20130427|685 |0|1|7848|477|615|895|1714|209|11758|
20130427|685 |0|2|13498|268|974|0|0|581|15321|
20130427|685 |1|1|6568|448|549|774|1605|425|10369|
20130427|685 |1|2|10908|245|780|0|0|549|12482|
20130428|101 |0|1|35213|618|629|414|288|866|38028|
20130428|101 |0|2|56063|756|7748|0|0|2082|66649|
20130428|101 |1|1|36900|741|765|905|383|2444|42138|
20130428|101 |1|2|54172|807|8509|0|0|2002|65490|
20130428|190 |0|1|21407|570|545|442|179|470|23613|
20130428|190 |0|2|32614|517|2167|0|0|1208|36506|
20130428|190 |1|1|27512|561|582|638|212|1661|31166|
20130428|190 |1|2|38667|491|2005|0|0|1180|42343|
20130428|253 |0|1|31386|564|461|337|436|889|34073|
20130428|253 |0|2|46689|537|728|1|0|2237|50192|
20130428|253 |1|1|33975|533|448|439|514|2509|38418|
20130428|253 |1|2|49231|449|752|0|0|2100|52532|
20130428|254 |0|1|15216|335|307|320|598|518|17294|
20130428|254 |0|2|22165|262|684|0|0|1243|24354|
20130428|254 |1|1|18254|293|347|307|512|1589|21302|
20130428|254 |1|2|24746|243|779|0|0|1306|27074|
20130428|651 |0|1|10865|111|96|70|72|326|11540|
20130428|651 |0|2|16609|112|842|0|0|716|18279|
20130428|651 |1|1|15510|140|155|95|39|1058|16997|
20130428|651 |1|2|24440|142|836|0|0|960|26378|
20130428|685 |0|1|5954|168|214|214|444|137|7131|
20130428|685 |0|2|9075|85|888|0|0|378|10426|
20130428|685 |1|1|7551|174|184|179|448|432|8968|
20130428|685 |1|2|12609|102|789|0|0|448|13948|
20130429|101 |0|1|26898|1511|1693|1588|855|949|33494|
20130429|101 |0|2|56667|1803|8216|0|0|2827|69513|
20130429|101 |1|1|25025|1645|1668|1827|1027|2134|33326|
20130429|101 |1|2|51045|2035|8207|0|0|2604|63891|
20130429|190 |0|1|16822|1610|1822|1914|882|530|23580|
20130429|190 |0|2|34817|1803|2140|0|0|1682|40442|
20130429|190 |1|1|16204|1589|1584|1664|922|1323|23286|
20130429|190 |1|2|30109|1689|2114|0|0|1571|35483|
20130429|253 |0|1|24424|2196|2025|2287|1712|1021|33665|
20130429|253 |0|2|53495|1758|884|2|0|3447|59586|
20130429|253 |1|1|21487|2015|1993|2109|2114|2209|31927|
20130429|253 |1|2|49085|1862|778|0|0|3376|55101|
20130429|254 |0|1|11706|1300|1195|1547|3202|594|19544|
20130429|254 |0|2|24833|1053|696|0|1|1973|28556|
20130429|254 |1|1|12784|1347|1309|1433|2742|1382|20997|
20130429|254 |1|2|25406|1070|787|0|0|2007|29270|
20130429|651 |0|1|7209|329|249|312|231|292|8622|
20130429|651 |0|2|12889|298|757|0|0|776|14720|
20130429|651 |1|1|7189|364|358|277|182|658|9028|
20130429|651 |1|2|12789|356|658|0|0|857|14660|
20130429|685 |0|1|5275|791|1114|1398|2596|209|11383|
20130429|685 |0|2|12523|597|839|0|0|658|14617|
20130429|685 |1|1|3826|722|856|1007|2114|300|8825|
20130429|685 |1|2|9005|558|751|0|0|530|10844|
20130430|101 |0|1|29686|1918|2010|1828|1141|1029|37612|
20130430|101 |0|2|61169|2164|8451|0|0|2886|74670|
20130430|101 |1|1|28022|2143|2008|2632|1454|2302|38561|
20130430|101 |1|2|56823|2380|8462|1|0|2845|70511|
20130430|190 |0|1|17517|2061|2061|2055|1117|600|25411|
20130430|190 |0|2|36125|2052|2181|0|1|1795|42154|
20130430|190 |1|1|17208|2002|1991|2290|1346|1381|26218|
20130430|190 |1|2|34852|2090|2264|0|0|1751|40957|
20130430|253 |0|1|25986|2627|2269|2636|2061|1061|36640|
20130430|253 |0|2|56830|2035|952|3|0|3586|63406|
20130430|253 |1|1|24477|2580|2292|2857|2678|2407|37291|
20130430|253 |1|2|54366|2106|946|0|0|3556|60974|
20130430|254 |0|1|12392|1542|1282|1833|3609|668|21326|
20130430|254 |0|2|25769|1196|702|1|0|2036|29704|
20130430|254 |1|1|13899|1596|1429|1799|3224|1446|23393|
20130430|254 |1|2|27021|1275|685|1|0|2090|31072|
20130430|651 |0|1|9173|447|364|389|340|333|11046|
20130430|651 |0|2|16359|407|783|0|2|886|18437|
20130430|651 |1|1|7723|452|428|365|278|650|9896|
20130430|651 |1|2|14504|424|737|0|0|841|16506|
20130430|685 |0|1|4774|905|1129|1402|2886|200|11296|
20130430|685 |0|2|11446|643|815|0|0|608|13512|
20130430|685 |1|1|4682|902|994|1319|2539|366|10802|
20130430|685 |1|2|11003|603|759|0|0|604|12969|
