20171201|101 |0|1|17772|423|910|629|159|320|20213|
20171201|101 |0|2|73710|2696|9375|1294|1024|3495|91594|
20171201|101 |1|1|16228|526|1229|959|230|1558|20730|
20171201|101 |1|2|71149|3230|9500|1865|1459|3519|90722|
20171201|190 |0|1|8216|434|995|858|220|116|10839|
20171201|190 |0|2|45214|2660|2968|1557|1467|2093|55959|
20171201|190 |1|1|8613|445|730|894|256|759|11697|
20171201|190 |1|2|37389|2417|2529|1626|1510|1891|47362|
20171201|253 |0|1|14955|548|1158|918|329|322|18230|
20171201|253 |0|2|71679|2895|2111|1968|2349|4184|85186|
20171201|253 |1|1|13292|508|992|1060|400|1380|17632|
20171201|253 |1|2|65989|2891|2134|2227|2786|3944|79971|
20171201|254 |0|1|6279|358|770|901|526|159|8993|
20171201|254 |0|2|31797|1609|1326|1012|2963|2123|40830|
20171201|254 |1|1|6833|341|760|849|452|743|9978|
20171201|254 |1|2|31584|1513|1223|916|2642|2065|39943|
20171201|651 |0|1|6213|150|193|183|37|225|7001|
20171201|651 |0|2|26309|662|1147|301|486|1541|30446|
20171201|651 |1|1|5359|167|279|154|46|586|6591|
20171201|651 |1|2|23049|690|1123|251|398|1537|27048|
20171201|685 |0|1|4306|293|897|1025|815|79|7415|
20171201|685 |0|2|20113|1222|1498|854|2848|1139|27674|
20171201|685 |1|1|3781|309|797|777|487|383|6534|
20171201|685 |1|2|18698|1387|1362|930|3231|1179|26787|
20171202|101 |0|1|20895|292|532|379|104|259|22461|
20171202|101 |0|2|72397|1700|8496|677|574|2664|86508|
20171202|101 |1|1|19671|358|948|546|154|1668|23345|
20171202|101 |1|2|70693|2149|8415|1119|886|2907|86169|
20171202|190 |0|1|14250|256|602|473|117|136|15834|
20171202|190 |0|2|53864|1358|2336|674|795|2061|61088|
20171202|190 |1|1|12668|283|452|619|153|1029|15204|
20171202|190 |1|2|48347|1490|2318|1086|1043|2034|56318|
20171202|253 |0|1|18430|308|559|439|199|289|20224|
20171202|253 |0|2|70994|1351|984|742|1630|3288|78989|
20171202|253 |1|1|16852|283|486|596|255|1540|20012|
20171202|253 |1|2|66825|1444|1060|1013|2048|3272|75662|
20171202|254 |0|1|7183|191|410|474|264|118|8640|
20171202|254 |0|2|35031|819|1055|524|1862|1947|41238|
20171202|254 |1|1|8837|178|401|472|271|917|11076|
20171202|254 |1|2|32818|764|935|539|1601|1796|38453|
20171202|651 |0|1|8657|96|142|98|31|287|9311|
20171202|651 |0|2|33463|396|955|182|299|1497|36792|
20171202|651 |1|1|6701|111|190|67|25|674|7768|
20171202|651 |1|2|27323|415|990|115|234|1290|30367|
20171202|685 |0|1|5975|101|395|407|351|89|7318|
20171202|685 |0|2|21310|485|1145|410|1810|921|26081|
20171202|685 |1|1|5364|134|435|451|303|467|7154|
20171202|685 |1|2|20098|562|1069|514|2164|988|25395|
20171203|101 |0|1|19168|143|288|174|38|221|20032|
20171203|101 |0|2|67297|894|7313|407|261|2575|78747|
20171203|101 |1|1|19190|191|562|297|62|1481|21783|
20171203|101 |1|2|67473|948|7511|671|320|2576|79499|
20171203|190 |0|1|11858|113|247|169|28|89|12504|
20171203|190 |0|2|42509|767|2096|427|213|1753|47765|
20171203|190 |1|1|12618|130|195|215|57|905|14120|
20171203|190 |1|2|46835|646|1967|450|224|1699|51821|
20171203|253 |0|1|16762|154|240|155|51|228|17590|
20171203|253 |0|2|62629|670|659|329|413|3077|67777|
20171203|253 |1|1|17083|109|158|200|56|1450|19056|
20171203|253 |1|2|61616|566|632|369|448|2802|66433|
20171203|254 |0|1|8273|62|121|135|61|119|8771|
20171203|254 |0|2|30883|379|760|222|292|1663|34199|
20171203|254 |1|1|8035|73|111|110|53|823|9205|
20171203|254 |1|2|28805|287|743|179|243|1492|31749|
20171203|651 |0|1|5759|59|47|36|9|245|6155|
20171203|651 |0|2|20762|163|900|50|68|1058|23001|
20171203|651 |1|1|7714|66|73|46|10|673|8582|
20171203|651 |1|2|29044|211|884|49|52|1269|31509|
20171203|685 |0|1|5375|40|125|113|89|71|5813|
20171203|685 |0|2|17782|209|1087|156|462|803|20499|
20171203|685 |1|1|5495|63|93|106|68|470|6295|
20171203|685 |1|2|19777|226|999|127|393|833|22355|
20171204|101 |0|1|16617|411|920|588|188|316|19040|
20171204|101 |0|2|67236|2450|8399|1230|834|3180|83329|
20171204|101 |1|1|14895|491|991|756|227|1519|18879|
20171204|101 |1|2|66726|2979|8815|1631|1203|3335|84689|
20171204|190 |0|1|9689|429|1032|975|191|163|12479|
20171204|190 |0|2|43519|2786|2859|1615|1342|2171|54292|
20171204|190 |1|1|7500|366|642|749|232|678|10167|
20171204|190 |1|2|32728|2312|2566|1342|1300|1626|41874|
20171204|253 |0|1|14331|502|1179|946|334|352|17644|
20171204|253 |0|2|68095|2750|1919|1924|2571|4101|81360|
20171204|253 |1|1|12081|457|953|923|431|1290|16135|
20171204|253 |1|2|61116|2716|1971|1959|2911|3736|74409|
20171204|254 |0|1|6596|353|752|941|512|166|9320|
20171204|254 |0|2|33400|1718|1440|1143|3232|2288|43221|
20171204|254 |1|1|6495|317|670|724|452|733|9391|
20171204|254 |1|2|30205|1498|1242|788|2564|2080|38377|
20171204|651 |0|1|5187|128|199|148|46|275|5983|
20171204|651 |0|2|20968|611|1001|284|488|1362|24714|
20171204|651 |1|1|5216|154|276|136|31|593|6406|
20171204|651 |1|2|21601|659|990|258|442|1443|25393|
20171204|685 |0|1|4534|328|985|1009|946|107|7909|
20171204|685 |0|2|17311|1201|1335|874|2901|1011|24633|
20171204|685 |1|1|3508|298|744|724|482|340|6096|
20171204|685 |1|2|16896|1347|1404|864|3293|1102|24906|
20171205|101 |0|1|15606|423|919|639|200|316|18103|
20171205|101 |0|2|67918|2858|8616|1436|1156|3381|85365|
20171205|101 |1|1|13850|503|1058|917|264|1435|18027|
20171205|101 |1|2|64263|3224|8954|1977|1458|3270|83146|
20171205|190 |0|1|7997|414|1136|924|195|111|10777|
20171205|190 |0|2|37166|2844|2959|1711|1547|1932|48159|
20171205|190 |1|1|7788|468|942|986|261|784|11229|
20171205|190 |1|2|35712|2859|2925|1845|1658|1940|46939|
20171205|253 |0|1|12328|544|1308|1019|404|301|15904|
20171205|253 |0|2|63912|2892|2064|2036|2651|3903|77458|
20171205|253 |1|1|11723|512|1083|1159|487|1215|16179|
20171205|253 |1|2|60192|2919|2157|2305|3117|3716|74406|
20171205|254 |0|1|5676|387|805|963|587|167|8585|
20171205|254 |0|2|31778|1812|1523|1219|3495|2215|42042|
20171205|254 |1|1|6023|325|771|885|494|742|9240|
20171205|254 |1|2|29862|1568|1307|933|3000|2069|38739|
20171205|651 |0|1|4672|144|239|172|35|186|5448|
20171205|651 |0|2|19331|689|1023|312|459|1286|23100|
20171205|651 |1|1|4467|171|287|144|46|534|5649|
20171205|651 |1|2|19760|722|1002|271|422|1319|23496|
20171205|685 |0|1|3403|316|942|1036|977|71|6745|
20171205|685 |0|2|16627|1257|1483|889|3108|1053|24417|
20171205|685 |1|1|3192|328|787|861|577|313|6058|
20171205|685 |1|2|16748|1401|1469|1045|3430|1086|25179|
20171206|101 |0|1|14998|418|870|651|163|294|17394|
20171206|101 |0|2|67322|2799|8603|1482|897|3320|84423|
20171206|101 |1|1|13562|517|1007|923|216|1321|17546|
20171206|101 |1|2|63230|3209|8848|1985|1359|3221|81852|
20171206|190 |0|1|7787|434|1064|906|194|123|10508|
20171206|190 |0|2|36190|2684|2936|1631|1372|1762|46575|
20171206|190 |1|1|7558|468|882|923|261|719|10811|
20171206|190 |1|2|34066|2687|2813|1852|1592|1818|44828|
20171206|253 |0|1|11847|533|1189|879|354|291|15093|
20171206|253 |0|2|61999|2851|2054|2076|2544|3677|75201|
20171206|253 |1|1|11146|540|1044|1126|447|1216|15519|
20171206|253 |1|2|58819|2849|2120|2266|2917|3508|72479|
20171206|254 |0|1|5916|359|775|938|524|163|8675|
20171206|254 |0|2|30914|1773|1522|1157|3259|2159|40784|
20171206|254 |1|1|5741|314|768|833|499|677|8832|
20171206|254 |1|2|29342|1558|1277|908|2768|1924|37777|
20171206|651 |0|1|4456|119|222|199|50|117|5163|
20171206|651 |0|2|19049|640|1011|312|521|1317|22850|
20171206|651 |1|1|4440|154|261|168|31|465|5519|
20171206|651 |1|2|18971|655|988|265|439|1339|22657|
20171206|685 |0|1|3102|281|879|962|818|62|6104|
20171206|685 |0|2|15551|1192|1396|888|2941|989|22957|
20171206|685 |1|1|2905|293|802|728|522|287|5537|
20171206|685 |1|2|15425|1300|1383|962|3119|1040|23229|
20171207|101 |0|1|15739|447|822|641|169|293|18111|
20171207|101 |0|2|66943|2717|8734|1376|988|3177|83935|
20171207|101 |1|1|14756|539|955|933|302|1366|18851|
20171207|101 |1|2|66747|3180|8979|1923|1346|3328|85503|
20171207|190 |0|1|7849|371|1018|866|220|117|10441|
20171207|190 |0|2|36327|2695|2911|1618|1323|1870|46744|
20171207|190 |1|1|7962|400|855|888|277|729|11111|
20171207|190 |1|2|36843|2830|2881|1738|1469|1934|47695|
20171207|253 |0|1|12297|552|1188|907|336|313|15593|
20171207|253 |0|2|63060|2796|2091|2050|2266|3893|76156|
20171207|253 |1|1|11497|534|1029|1045|405|1246|15756|
20171207|253 |1|2|60518|2890|2090|2279|2771|3735|74283|
20171207|254 |0|1|6166|376|815|947|498|165|8967|
20171207|254 |0|2|31511|1809|1497|1135|3334|2212|41498|
20171207|254 |1|1|6141|348|825|821|456|698|9289|
20171207|254 |1|2|30286|1555|1342|911|2766|2010|38870|
20171207|651 |0|1|4638|129|245|163|48|142|5365|
20171207|651 |0|2|19340|664|1045|321|562|1245|23177|
20171207|651 |1|1|4487|178|295|144|32|483|5619|
20171207|651 |1|2|19344|675|967|274|432|1298|22990|
20171207|685 |0|1|3283|282|914|994|794|81|6348|
20171207|685 |0|2|16141|1191|1438|870|2925|1087|23652|
20171207|685 |1|1|3223|310|792|775|548|330|5978|
20171207|685 |1|2|16751|1320|1399|894|3075|1155|24594|
20171208|101 |0|1|17427|450|873|652|192|306|19900|
20171208|101 |0|2|72834|2736|9352|1394|974|3399|90689|
20171208|101 |1|1|16120|499|1000|904|313|1530|20366|
20171208|101 |1|2|70212|3063|9660|1811|1246|3480|89472|
20171208|190 |0|1|9007|404|952|750|198|107|11418|
20171208|190 |0|2|39518|2457|2785|1501|1380|1857|49498|
20171208|190 |1|1|9529|463|864|904|261|892|12913|
20171208|190 |1|2|42734|2798|2844|1746|1661|2259|54042|
20171208|253 |0|1|14044|562|1173|896|311|325|17311|
20171208|253 |0|2|69859|2820|2089|1979|2555|4155|83457|
20171208|253 |1|1|13494|546|1008|1050|405|1512|18015|
20171208|253 |1|2|67881|2813|2076|2150|2998|4022|81940|
20171208|254 |0|1|5446|415|871|980|685|155|8552|
20171208|254 |0|2|33704|1784|1366|1265|2987|2297|43403|
20171208|254 |1|1|6456|346|792|794|433|759|9580|
20171208|254 |1|2|31886|1616|1241|956|2755|2113|40567|
20171208|651 |0|1|6353|140|213|165|47|155|7073|
20171208|651 |0|2|26206|680|1138|312|512|1465|30313|
20171208|651 |1|1|5399|159|292|128|36|553|6567|
20171208|651 |1|2|22075|690|1107|268|446|1453|26039|
20171208|685 |0|1|3890|306|882|957|811|89|6935|
20171208|685 |0|2|18758|1264|1484|874|2853|1194|26427|
20171208|685 |1|1|3762|304|814|744|483|374|6481|
20171208|685 |1|2|18935|1399|1361|966|3183|1218|27062|
20171209|101 |0|1|20568|269|479|367|96|237|22016|
20171209|101 |0|2|72836|1642|8643|687|524|2814|87146|
20171209|101 |1|1|19270|333|731|524|198|1566|22622|
20171209|101 |1|2|68968|2122|8815|1067|781|2775|84528|
20171209|190 |0|1|13534|226|512|377|119|129|14897|
20171209|190 |0|2|50885|1358|2350|649|834|1979|58055|
20171209|190 |1|1|12335|244|432|486|140|996|14633|
20171209|190 |1|2|46449|1438|2261|1064|1013|2012|54237|
20171209|253 |0|1|17894|268|574|418|176|291|19621|
20171209|253 |0|2|70370|1341|1023|766|1493|3310|78303|
20171209|253 |1|1|16651|284|592|571|274|1593|19965|
20171209|253 |1|2|66741|1427|1050|1058|1879|3320|75475|
20171209|254 |0|1|8237|183|358|401|287|152|9618|
20171209|254 |0|2|34956|805|1003|495|1771|1906|40936|
20171209|254 |1|1|8482|177|393|475|324|903|10754|
20171209|254 |1|2|33236|832|887|552|1545|1787|38839|
20171209|651 |0|1|8802|86|124|98|30|172|9312|
20171209|651 |0|2|33165|374|982|149|325|1534|36529|
20171209|651 |1|1|6810|97|185|77|18|654|7841|
20171209|651 |1|2|26917|361|1064|107|263|1339|30051|
20171209|685 |0|1|5799|121|396|409|309|82|7116|
20171209|685 |0|2|20561|531|1278|469|1599|945|25383|
20171209|685 |1|1|5007|149|419|447|224|457|6703|
20171209|685 |1|2|19207|556|1137|510|1813|958|24181|
20171210|101 |0|1|17182|154|277|131|38|168|17950|
20171210|101 |0|2|59681|827|7331|361|222|2407|70829|
20171210|101 |1|1|17120|214|430|275|81|1381|19501|
20171210|101 |1|2|58924|865|7591|657|272|2397|70706|
20171210|190 |0|1|9527|102|257|183|33|89|10191|
20171210|190 |0|2|34996|698|1911|412|194|1415|39626|
20171210|190 |1|1|10179|109|197|219|54|770|11528|
20171210|190 |1|2|37877|578|1826|443|199|1397|42320|
20171210|253 |0|1|15077|132|233|159|40|186|15827|
20171210|253 |0|2|58020|619|665|334|449|2815|62902|
20171210|253 |1|1|14527|99|163|207|67|1250|16313|
20171210|253 |1|2|53770|523|637|337|459|2510|58236|
20171210|254 |0|1|7839|59|127|153|90|124|8392|
20171210|254 |0|2|30061|335|760|194|331|1509|33190|
20171210|254 |1|1|7747|54|130|125|63|714|8833|
20171210|254 |1|2|27731|252|714|138|249|1483|30567|
20171210|651 |0|1|4861|47|54|30|8|145|5145|
20171210|651 |0|2|17588|161|945|49|49|835|19627|
20171210|651 |1|1|6801|55|89|44|7|586|7582|
20171210|651 |1|2|25164|186|854|61|48|1102|27415|
20171210|685 |0|1|4867|51|142|128|85|67|5340|
20171210|685 |0|2|16472|199|1057|200|516|782|19226|
20171210|685 |1|1|4591|51|111|110|59|398|5320|
20171210|685 |1|2|16383|206|1024|167|503|675|18958|
20171211|101 |0|1|15806|367|868|556|128|316|18041|
20171211|101 |0|2|69495|2498|8517|1253|835|3496|86094|
20171211|101 |1|1|13779|424|879|759|244|1377|17462|
20171211|101 |1|2|63345|2870|8855|1499|997|3327|80893|
20171211|190 |0|1|8999|410|1027|806|178|120|11540|
20171211|190 |0|2|40961|2682|2890|1493|1166|2149|51341|
20171211|190 |1|1|7972|416|783|688|217|798|10874|
20171211|190 |1|2|36419|2553|2822|1265|1261|1977|46297|
20171211|253 |0|1|13205|482|1111|866|322|320|16306|
20171211|253 |0|2|66446|2620|1864|1871|2589|3922|79312|
20171211|253 |1|1|11284|490|950|871|427|1214|15236|
20171211|253 |1|2|59413|2596|1988|1790|2823|3591|72201|
20171211|254 |0|1|5694|316|753|933|489|157|8342|
20171211|254 |0|2|33425|1739|1456|1058|3153|2303|43134|
20171211|254 |1|1|6057|319|788|761|548|685|9158|
20171211|254 |1|2|29566|1470|1221|731|2639|2000|37627|
20171211|651 |0|1|4723|114|190|154|51|100|5332|
20171211|651 |0|2|19624|636|999|259|428|1327|23273|
20171211|651 |1|1|4709|148|242|141|46|513|5799|
20171211|651 |1|2|20300|650|960|230|349|1398|23887|
20171211|685 |0|1|3827|261|855|927|755|102|6727|
20171211|685 |0|2|16949|1152|1406|856|2881|1073|24317|
20171211|685 |1|1|2989|260|687|679|484|299|5398|
20171211|685 |1|2|15483|1244|1327|801|2913|1100|22868|
20171212|101 |0|1|14865|426|887|579|165|314|17236|
20171212|101 |0|2|67131|2769|8611|1385|874|3386|84156|
20171212|101 |1|1|13478|490|960|877|203|1270|17278|
20171212|101 |1|2|62905|3120|8855|1839|1261|3311|81291|
20171212|190 |0|1|8082|407|1110|783|224|119|10725|
20171212|190 |0|2|38012|2829|2945|1666|1348|2011|48811|
20171212|190 |1|1|7866|482|897|922|253|798|11218|
20171212|190 |1|2|36694|2769|2926|1755|1415|2046|47605|
20171212|253 |0|1|12049|500|1159|855|311|305|15179|
20171212|253 |0|2|63151|2804|2040|2096|2577|3852|76520|
20171212|253 |1|1|11095|491|989|1047|408|1141|15171|
20171212|253 |1|2|58687|2817|2074|2277|2856|3634|72345|
20171212|254 |0|1|4786|323|764|904|491|129|7397|
20171212|254 |0|2|31161|1705|1427|1193|3082|2172|40740|
20171212|254 |1|1|5809|367|768|812|461|696|8913|
20171212|254 |1|2|29157|1469|1246|941|2597|2020|37430|
20171212|651 |0|1|4529|166|225|177|41|127|5265|
20171212|651 |0|2|18228|599|981|303|352|1321|21784|
20171212|651 |1|1|4390|171|275|137|41|492|5506|
20171212|651 |1|2|18514|660|935|264|353|1314|22040|
20171212|685 |0|1|3293|303|1021|1013|1055|71|6756|
20171212|685 |0|2|16301|1282|1423|894|2631|1117|23648|
20171212|685 |1|1|3019|272|802|762|444|331|5630|
20171212|685 |1|2|15974|1346|1443|965|3003|1037|23768|
20171213|101 |0|1|14980|414|841|617|199|307|17358|
20171213|101 |0|2|68734|2691|8527|1324|864|3390|85530|
20171213|101 |1|1|13781|485|950|825|228|1349|17618|
20171213|101 |1|2|65260|3149|8837|1786|1203|3433|83668|
20171213|190 |0|1|8402|412|1032|799|185|132|10962|
20171213|190 |0|2|38375|2793|2913|1610|1328|2029|49048|
20171213|190 |1|1|8005|464|840|887|255|797|11248|
20171213|190 |1|2|37621|2800|2835|1727|1399|2054|48436|
20171213|253 |0|1|12275|512|1207|898|361|325|15578|
20171213|253 |0|2|64822|2846|2071|2057|2534|3907|78237|
20171213|253 |1|1|11337|485|1060|1067|420|1258|15627|
20171213|253 |1|2|60423|2847|2026|2157|2823|3688|73964|
20171213|254 |0|1|6013|372|742|895|512|165|8699|
20171213|254 |0|2|31682|1730|1399|1067|3023|2293|41194|
20171213|254 |1|1|6015|366|747|819|493|714|9154|
20171213|254 |1|2|30487|1531|1247|879|2558|2063|38765|
20171213|651 |0|1|4580|117|219|160|52|99|5227|
20171213|651 |0|2|18789|697|979|273|494|1303|22535|
20171213|651 |1|1|4428|169|283|156|43|502|5581|
20171213|651 |1|2|18972|674|939|245|411|1367|22608|
20171213|685 |0|1|3372|315|917|973|1018|67|6662|
20171213|685 |0|2|16799|1248|1443|896|2724|1075|24185|
20171213|685 |1|1|3115|314|811|806|604|350|6000|
20171213|685 |1|2|16610|1298|1409|938|3111|1117|24483|
20171214|101 |0|1|15965|443|870|616|170|315|18379|
20171214|101 |0|2|69203|2738|8701|1343|954|3403|86342|
20171214|101 |1|1|14946|512|973|903|198|1374|18906|
20171214|101 |1|2|67589|3141|9026|1899|1315|3438|86408|
20171214|190 |0|1|8556|426|1108|831|199|143|11263|
20171214|190 |0|2|39545|2874|2976|1657|1338|2060|50450|
20171214|190 |1|1|8301|453|799|882|260|788|11483|
20171214|190 |1|2|37213|2767|2844|1784|1391|2017|48016|
20171214|253 |0|1|12923|544|1151|933|381|308|16240|
20171214|253 |0|2|65763|2854|2128|2058|2588|3970|79361|
20171214|253 |1|1|11788|553|1062|1040|442|1252|16137|
20171214|253 |1|2|62122|2766|2077|2159|2864|3764|75752|
20171214|254 |0|1|6203|359|781|984|586|167|9080|
20171214|254 |0|2|31281|1695|1454|1161|3188|2221|41000|
20171214|254 |1|1|6143|334|785|832|494|687|9275|
20171214|254 |1|2|30620|1534|1222|923|2653|2097|39049|
20171214|651 |0|1|4890|167|223|166|61|113|5620|
20171214|651 |0|2|19743|654|1013|316|420|1357|23503|
20171214|651 |1|1|4576|158|297|135|39|496|5701|
20171214|651 |1|2|19575|677|1015|263|341|1348|23219|
20171214|685 |0|1|3271|288|852|919|811|84|6225|
20171214|685 |0|2|15793|1163|1301|907|2726|992|22882|
20171214|685 |1|1|3364|279|800|792|502|357|6094|
20171214|685 |1|2|17150|1383|1469|919|3112|1141|25174|
20171215|101 |0|1|17482|439|868|658|156|316|19919|
20171215|101 |0|2|72025|2786|9337|1386|920|3498|89952|
20171215|101 |1|1|16454|518|1010|906|222|1586|20696|
20171215|101 |1|2|71865|3185|9680|1825|1369|3536|91460|
20171215|190 |0|1|10215|426|1032|910|212|140|12935|
20171215|190 |0|2|45609|2799|3061|1863|1484|2252|57068|
20171215|190 |1|1|10245|465|895|915|238|886|13644|
20171215|190 |1|2|45265|2773|2934|1874|1516|2353|56715|
20171215|253 |0|1|13819|530|1123|926|358|318|17074|
20171215|253 |0|2|69287|2744|2043|1896|2612|4028|82610|
20171215|253 |1|1|14031|525|1087|1047|460|1477|18627|
20171215|253 |1|2|68550|2844|2041|2105|3055|4052|82647|
20171215|254 |0|1|6757|381|762|915|559|179|9553|
20171215|254 |0|2|33599|1729|1420|1072|3084|2293|43197|
20171215|254 |1|1|6650|366|792|808|495|761|9872|
20171215|254 |1|2|31741|1516|1233|910|2688|2121|40209|
20171215|651 |0|1|6442|125|143|87|31|164|6992|
20171215|651 |0|2|26402|678|1184|316|477|1491|30548|
20171215|651 |1|1|5442|180|303|147|40|557|6669|
20171215|651 |1|2|22975|704|1085|280|416|1444|26904|
20171215|685 |0|1|4045|315|900|983|899|79|7221|
20171215|685 |0|2|19004|1266|1624|856|2932|1170|26852|
20171215|685 |1|1|4023|294|792|788|547|379|6823|
20171215|685 |1|2|19420|1349|1429|1037|3233|1201|27669|
20171216|101 |0|1|20352|265|510|322|98|266|21813|
20171216|101 |0|2|72688|1644|8700|680|594|2902|87208|
20171216|101 |1|1|18875|330|682|514|156|1546|22103|
20171216|101 |1|2|67366|2050|8940|1105|798|2871|83130|
20171216|190 |0|1|13025|231|544|405|120|108|14433|
20171216|190 |0|2|48672|1372|2492|637|764|1931|55868|
20171216|190 |1|1|12192|272|446|534|137|1026|14607|
20171216|190 |1|2|45606|1556|2365|1075|951|1917|53470|
20171216|253 |0|1|16767|293|582|366|189|271|18468|
20171216|253 |0|2|67227|1321|1079|712|1483|3261|75083|
20171216|253 |1|1|15690|254|495|554|267|1501|18761|
20171216|253 |1|2|63351|1410|1090|1000|1853|3242|71946|
20171216|254 |0|1|8277|203|417|407|256|139|9699|
20171216|254 |0|2|34892|777|961|513|1745|1870|40758|
20171216|254 |1|1|8531|203|408|453|226|845|10666|
20171216|254 |1|2|33187|788|942|566|1574|1803|38860|
20171216|651 |0|1|9058|90|144|94|23|157|9566|
20171216|651 |0|2|32918|416|1054|168|270|1576|36402|
20171216|651 |1|1|6866|96|205|74|15|655|7911|
20171216|651 |1|2|26383|433|1124|122|229|1319|29610|
20171216|685 |0|1|5459|136|377|431|329|71|6803|
20171216|685 |0|2|19353|496|1273|423|1671|905|24121|
20171216|685 |1|1|4966|136|396|440|293|454|6685|
20171216|685 |1|2|18753|547|1084|493|1867|907|23651|
20171217|101 |0|1|18551|149|273|153|38|202|19366|
20171217|101 |0|2|64221|899|7288|363|222|2654|75647|
20171217|101 |1|1|17672|201|474|299|54|1526|20226|
20171217|101 |1|2|61823|952|7574|663|331|2583|73926|
20171217|190 |0|1|11380|143|265|173|31|78|12070|
20171217|190 |0|2|41253|768|2099|424|194|1722|46460|
20171217|190 |1|1|11144|158|206|212|42|866|12628|
20171217|190 |1|2|41123|614|2005|417|193|1580|45932|
20171217|253 |0|1|15627|188|229|163|59|204|16470|
20171217|253 |0|2|61083|661|698|324|523|2970|66259|
20171217|253 |1|1|14274|131|181|176|65|1364|16191|
20171217|253 |1|2|54148|541|643|312|517|2526|58687|
20171217|254 |0|1|8008|75|150|130|115|133|8611|
20171217|254 |0|2|30992|382|716|225|366|1687|34368|
20171217|254 |1|1|8000|66|126|171|67|801|9231|
20171217|254 |1|2|29233|331|723|157|302|1582|32328|
20171217|651 |0|1|5934|54|61|34|8|178|6269|
20171217|651 |0|2|21235|149|922|64|102|1050|23522|
20171217|651 |1|1|7637|60|113|48|6|708|8572|
20171217|651 |1|2|29014|193|891|65|92|1210|31465|
20171217|685 |0|1|4901|53|139|127|98|60|5378|
20171217|685 |0|2|17140|222|1050|148|452|807|19819|
20171217|685 |1|1|4207|51|128|82|82|376|4926|
20171217|685 |1|2|15325|206|1002|124|410|714|17781|
20171218|101 |0|1|14168|342|882|600|181|275|16448|
20171218|101 |0|2|63669|2427|8549|1230|761|2921|79557|
20171218|101 |1|1|12315|402|842|683|153|1193|15588|
20171218|101 |1|2|57153|2730|8686|1465|933|2895|73862|
20171218|190 |0|1|7000|358|935|744|163|100|9300|
20171218|190 |0|2|33274|2469|2554|1426|1065|1560|42348|
20171218|190 |1|1|6653|401|750|654|208|602|9268|
20171218|190 |1|2|30755|2390|2534|1244|1082|1527|39532|
20171218|253 |0|1|11627|465|1005|797|283|262|14439|
20171218|253 |0|2|59934|2413|1882|1814|2270|3315|71628|
20171218|253 |1|1|9836|410|816|869|333|1129|13393|
20171218|253 |1|2|52508|2450|1852|1772|2398|3080|64060|
20171218|254 |0|1|5824|357|683|893|523|140|8420|
20171218|254 |0|2|30000|1579|1433|1026|3137|1953|39128|
20171218|254 |1|1|5504|299|687|707|469|582|8248|
20171218|254 |1|2|26689|1307|1160|701|2469|1689|34015|
20171218|651 |0|1|3944|132|197|142|43|181|4639|
20171218|651 |0|2|16834|594|987|212|355|1006|19988|
20171218|651 |1|1|4249|136|289|160|40|435|5309|
20171218|651 |1|2|17707|631|945|200|318|1178|20979|
20171218|685 |0|1|3882|239|849|759|737|86|6552|
20171218|685 |0|2|14338|976|1204|756|2502|809|20585|
20171218|685 |1|1|2958|238|675|624|449|318|5262|
20171218|685 |1|2|14954|1133|1438|763|2904|900|22092|
20171219|101 |0|1|14692|430|893|652|210|317|17194|
20171219|101 |0|2|66315|2831|8731|1448|915|3274|83514|
20171219|101 |1|1|13635|510|975|918|194|1372|17604|
20171219|101 |1|2|63473|3203|9004|1924|1344|3344|82292|
20171219|190 |0|1|8214|430|1074|890|171|144|10923|
20171219|190 |0|2|38090|2966|2872|1707|1260|1995|48890|
20171219|190 |1|1|7675|480|856|945|242|727|10925|
20171219|190 |1|2|35816|2844|2784|1800|1429|1950|46623|
20171219|253 |0|1|11672|530|1246|925|406|321|15100|
20171219|253 |0|2|63350|2949|2103|2079|2846|3804|77131|
20171219|253 |1|1|11116|544|1089|1114|457|1268|15588|
20171219|253 |1|2|57637|2798|2102|2275|3167|3532|71511|
20171219|254 |0|1|6214|347|798|901|556|167|8983|
20171219|254 |0|2|31691|1839|1443|1229|3401|2226|41829|
20171219|254 |1|1|6084|336|791|852|520|664|9247|
20171219|254 |1|2|30041|1580|1274|954|2813|2112|38774|
20171219|651 |0|1|4520|142|219|165|40|135|5221|
20171219|651 |0|2|18593|669|1037|313|393|1235|22240|
20171219|651 |1|1|4377|166|291|145|43|482|5504|
20171219|651 |1|2|18845|683|1044|278|383|1305|22538|
20171219|685 |0|1|3532|286|939|985|934|88|6764|
20171219|685 |0|2|17128|1230|1462|946|3128|1034|24928|
20171219|685 |1|1|3155|340|773|827|510|314|5919|
20171219|685 |1|2|15945|1368|1378|968|3411|1030|24100|
20171220|101 |0|1|14464|450|897|629|168|305|16913|
20171220|101 |0|2|64257|2714|8686|1428|973|3168|81226|
20171220|101 |1|1|13425|514|967|932|250|1289|17377|
20171220|101 |1|2|61632|3183|8982|1936|1369|3152|80254|
20171220|190 |0|1|7602|407|1088|897|220|123|10337|
20171220|190 |0|2|36158|2913|2830|1650|1335|1908|46794|
20171220|190 |1|1|7568|458|878|1025|253|661|10843|
20171220|190 |1|2|35309|2898|2780|1847|1517|1921|46272|
20171220|253 |0|1|11615|539|1234|958|330|317|14993|
20171220|253 |0|2|62329|2893|2133|2087|2830|3751|76023|
20171220|253 |1|1|11007|518|1054|1087|445|1209|15320|
20171220|253 |1|2|58142|2982|2162|2300|3287|3596|72469|
20171220|254 |0|1|5928|361|738|920|517|182|8646|
20171220|254 |0|2|30898|1746|1438|1143|3216|2149|40590|
20171220|254 |1|1|5885|350|761|807|430|668|8901|
20171220|254 |1|2|29205|1580|1209|933|2713|1999|37639|
20171220|651 |0|1|4540|133|252|172|48|142|5287|
20171220|651 |0|2|18497|666|1001|290|448|1249|22151|
20171220|651 |1|1|4411|167|287|168|38|472|5543|
20171220|651 |1|2|18887|710|979|271|396|1352|22595|
20171220|685 |0|1|3281|273|827|911|572|90|5954|
20171220|685 |0|2|16365|1248|1481|1055|3321|1007|24477|
20171220|685 |1|1|3061|287|820|764|548|292|5772|
20171220|685 |1|2|16238|1309|1394|972|3333|1016|24262|
20171221|101 |0|1|15240|441|886|591|166|294|17618|
20171221|101 |0|2|65340|2777|8640|1400|921|3267|82345|
20171221|101 |1|1|14314|502|978|915|180|1289|18178|
20171221|101 |1|2|65088|3191|8863|1855|1297|3321|83615|
20171221|190 |0|1|7984|401|1029|880|194|137|10625|
20171221|190 |0|2|37474|2753|2967|1613|1310|1887|48004|
20171221|190 |1|1|7786|441|876|928|235|706|10972|
20171221|190 |1|2|36100|2669|2824|1719|1382|1813|46507|
20171221|253 |0|1|11532|536|1077|867|346|307|14665|
20171221|253 |0|2|60717|2761|2005|2015|2617|3628|73743|
20171221|253 |1|1|10750|529|1058|974|386|1174|14871|
20171221|253 |1|2|58688|2787|2096|2101|2941|3564|72177|
20171221|254 |0|1|6017|357|755|906|545|152|8732|
20171221|254 |0|2|31491|1748|1406|1141|3371|2224|41381|
20171221|254 |1|1|5912|291|780|760|520|681|8944|
20171221|254 |1|2|30047|1496|1204|911|2745|1978|38381|
20171221|651 |0|1|4870|190|283|181|133|133|5790|
20171221|651 |0|2|19308|649|997|246|387|1272|22859|
20171221|651 |1|1|4508|162|306|134|34|462|5606|
20171221|651 |1|2|19003|686|974|266|407|1286|22622|
20171221|685 |0|1|3212|262|815|811|544|78|5722|
20171221|685 |0|2|16015|1163|1498|960|3174|969|23779|
20171221|685 |1|1|3207|264|782|750|488|327|5818|
20171221|685 |1|2|16399|1262|1415|898|3153|1018|24145|
20171222|101 |0|1|17532|453|877|608|170|347|19987|
20171222|101 |0|2|73266|2783|9209|1340|1043|3471|91112|
20171222|101 |1|1|16535|523|1018|913|194|1497|20680|
20171222|101 |1|2|71355|3251|9564|1852|1484|3474|90980|
20171222|190 |0|1|10296|509|1212|976|243|133|13369|
20171222|190 |0|2|46247|2838|2915|1666|1470|2193|57329|
20171222|190 |1|1|10333|515|948|1024|305|936|14061|
20171222|190 |1|2|46243|2911|2806|1879|1693|2318|57850|
20171222|253 |0|1|13963|553|1118|898|328|365|17225|
20171222|253 |0|2|69431|2839|2014|1920|2467|3954|82625|
20171222|253 |1|1|13607|516|1066|1059|415|1455|18118|
20171222|253 |1|2|68551|2877|2017|2101|3029|3968|82543|
20171222|254 |0|1|6790|388|820|895|585|186|9664|
20171222|254 |0|2|34107|1815|1345|1108|3425|2301|44101|
20171222|254 |1|1|6733|338|772|809|520|759|9931|
20171222|254 |1|2|32854|1563|1195|972|2885|2119|41588|
20171222|651 |0|1|6407|162|237|193|103|153|7255|
20171222|651 |0|2|25982|658|1099|284|422|1551|29996|
20171222|651 |1|1|5514|185|324|158|62|619|6862|
20171222|651 |1|2|22670|698|1080|242|434|1493|26617|
20171222|685 |0|1|3918|274|825|930|560|89|6596|
20171222|685 |0|2|19284|1254|1504|1040|3545|1163|27790|
20171222|685 |1|1|3868|303|834|847|522|372|6746|
20171222|685 |1|2|19051|1366|1326|1013|3499|1137|27392|
20171223|101 |0|1|20308|296|532|356|108|263|21863|
20171223|101 |0|2|71178|1739|8524|681|620|2862|85604|
20171223|101 |1|1|18787|339|739|575|133|1560|22133|
20171223|101 |1|2|65496|2202|8572|1142|945|2752|81109|
20171223|190 |0|1|13946|259|572|450|109|133|15469|
20171223|190 |0|2|53157|1374|2210|647|777|1997|60162|
20171223|190 |1|1|12295|295|490|582|139|1046|14847|
20171223|190 |1|2|46754|1560|2227|1052|1028|2018|54639|
20171223|253 |0|1|17125|310|570|409|184|292|18890|
20171223|253 |0|2|68268|1387|931|733|1311|3268|75898|
20171223|253 |1|1|15861|283|575|561|253|1494|19027|
20171223|253 |1|2|64422|1469|942|986|1871|3286|72976|
20171223|254 |0|1|8090|194|400|413|275|146|9518|
20171223|254 |0|2|33702|862|977|512|1913|1867|39833|
20171223|254 |1|1|8373|204|418|466|264|824|10549|
20171223|254 |1|2|32877|847|973|627|1790|1838|38952|
20171223|651 |0|1|9720|102|148|115|34|243|10362|
20171223|651 |0|2|36553|382|926|182|365|1538|39946|
20171223|651 |1|1|6768|121|207|90|15|591|7792|
20171223|651 |1|2|25402|387|980|127|319|1292|28507|
20171223|685 |0|1|5567|138|400|434|318|71|6928|
20171223|685 |0|2|21362|541|1177|439|2215|928|26662|
20171223|685 |1|1|4858|145|383|370|251|442|6449|
20171223|685 |1|2|19121|588|1034|502|2310|931|24486|
20171224|101 |0|1|16516|138|247|104|34|182|17221|
20171224|101 |0|2|55273|686|6547|278|214|2204|65202|
20171224|101 |1|1|15892|187|365|232|48|1358|18082|
20171224|101 |1|2|53833|766|6740|557|296|2174|64366|
20171224|190 |0|1|10184|94|185|87|18|84|10652|
20171224|190 |0|2|35471|588|1764|262|129|1414|39628|
20171224|190 |1|1|9912|119|181|164|24|846|11246|
20171224|190 |1|2|37063|504|1720|380|127|1404|41198|
20171224|253 |0|1|13620|101|138|74|52|179|14164|
20171224|253 |0|2|49496|483|487|211|346|2292|53315|
20171224|253 |1|1|13567|74|145|139|47|1211|15183|
20171224|253 |1|2|49510|435|451|223|383|2317|53319|
20171224|254 |0|1|7213|74|118|102|46|96|7649|
20171224|254 |0|2|27265|299|734|144|210|1427|30079|
20171224|254 |1|1|7445|54|110|91|45|724|8469|
20171224|254 |1|2|26722|262|694|164|198|1371|29411|
20171224|651 |0|1|7500|30|44|40|6|260|7880|
20171224|651 |0|2|26102|105|830|69|62|1215|28383|
20171224|651 |1|1|7505|38|117|37|2|675|8374|
20171224|651 |1|2|26898|122|795|55|52|1174|29096|
20171224|685 |0|1|4140|42|109|69|75|57|4492|
20171224|685 |0|2|13711|176|988|71|424|596|15966|
20171224|685 |1|1|4199|55|98|76|64|376|4868|
20171224|685 |1|2|15222|162|959|101|435|644|17523|
20171225|101 |0|1|17356|222|493|262|79|203|18615|
20171225|101 |0|2|60381|1433|6821|629|411|2538|72213|
20171225|101 |1|1|15309|255|554|337|55|1346|17856|
20171225|101 |1|2|55445|1586|7067|806|489|2276|67669|
20171225|190 |0|1|9909|182|433|301|61|69|10955|
20171225|190 |0|2|38054|1310|2197|577|467|1625|44230|
20171225|190 |1|1|10055|193|317|298|74|826|11763|
20171225|190 |1|2|39486|1182|2021|524|474|1604|45291|
20171225|253 |0|1|13934|156|343|249|108|194|14984|
20171225|253 |0|2|57255|995|665|488|855|2901|63159|
20171225|253 |1|1|13116|150|261|230|103|1238|15098|
20171225|253 |1|2|51466|923|637|420|867|2514|56827|
20171225|254 |0|1|7083|108|204|257|117|140|7909|
20171225|254 |0|2|29634|604|809|320|970|1632|33969|
20171225|254 |1|1|7031|104|190|218|102|763|8408|
20171225|254 |1|2|27149|527|771|235|833|1541|31056|
20171225|651 |0|1|6501|73|82|45|7|131|6839|
20171225|651 |0|2|23045|321|827|97|107|1117|25514|
20171225|651 |1|1|8176|79|139|59|11|761|9225|
20171225|651 |1|2|30841|344|764|87|87|1362|33485|
20171225|685 |0|1|4410|68|191|241|162|68|5140|
20171225|685 |0|2|15922|308|1019|268|1269|756|19542|
20171225|685 |1|1|3649|51|173|167|151|322|4513|
20171225|685 |1|2|13619|306|973|190|1195|581|16864|
20171226|101 |0|1|16991|435|889|592|190|314|19411|
20171226|101 |0|2|72861|2668|8395|1269|887|3579|89659|
20171226|101 |1|1|13840|466|914|745|201|1437|17603|
20171226|101 |1|2|63289|2939|8624|1511|1203|3280|80846|
20171226|190 |0|1|9717|390|1026|876|186|128|12323|
20171226|190 |0|2|43564|2759|2860|1566|1265|2244|54258|
20171226|190 |1|1|8860|444|828|724|200|831|11887|
20171226|190 |1|2|39224|2642|2803|1392|1334|2106|49501|
20171226|253 |0|1|13482|485|1153|918|288|315|16641|
20171226|253 |0|2|68228|2694|1867|1884|2264|3976|80913|
20171226|253 |1|1|11638|492|988|943|381|1304|15746|
20171226|253 |1|2|60010|2733|1898|1853|2693|3597|72784|
20171226|254 |0|1|6408|343|728|858|522|182|9041|
20171226|254 |0|2|32452|1676|1355|1086|3239|2263|42071|
20171226|254 |1|1|6088|305|731|708|451|713|8996|
20171226|254 |1|2|30121|1368|1158|729|2618|2059|38053|
20171226|651 |0|1|5535|136|222|144|45|178|6260|
20171226|651 |0|2|21932|638|984|256|426|1427|25663|
20171226|651 |1|1|5587|182|285|132|37|579|6802|
20171226|651 |1|2|22664|640|939|256|357|1485|26341|
20171226|685 |0|1|3789|259|849|828|569|83|6377|
20171226|685 |0|2|18452|1305|1358|973|3288|1102|26478|
20171226|685 |1|1|3153|278|771|701|498|328|5729|
20171226|685 |1|2|16472|1343|1326|857|3086|1092|24176|
20171227|101 |0|1|16078|465|920|670|184|285|18602|
20171227|101 |0|2|67145|2805|8155|1470|1016|3381|83972|
20171227|101 |1|1|14084|516|965|934|226|1329|18054|
20171227|101 |1|2|63870|3131|8542|1923|1456|3293|82215|
20171227|190 |0|1|8909|431|1165|931|228|142|11806|
20171227|190 |0|2|40325|2913|2864|1691|1324|2099|51216|
20171227|190 |1|1|8447|482|912|984|279|830|11934|
20171227|190 |1|2|38007|2833|2695|1868|1556|2021|48980|
20171227|253 |0|1|12318|536|1195|912|323|329|15613|
20171227|253 |0|2|63563|2832|1789|1790|2336|3809|76119|
20171227|253 |1|1|11502|525|1099|1094|441|1285|15946|
20171227|253 |1|2|59508|2885|1788|2031|2845|3694|72751|
20171227|254 |0|1|5863|360|745|890|510|160|8528|
20171227|254 |0|2|30470|1627|1267|1090|3044|2176|39674|
20171227|254 |1|1|5972|332|785|893|505|692|9179|
20171227|254 |1|2|29914|1482|1190|942|2680|2025|38233|
20171227|651 |0|1|5207|132|221|160|48|228|5996|
20171227|651 |0|2|20880|626|1020|329|361|1326|24542|
20171227|651 |1|1|4948|154|300|123|35|570|6130|
20171227|651 |1|2|20785|679|931|261|303|1365|24324|
20171227|685 |0|1|3291|290|861|921|617|83|6063|
20171227|685 |0|2|16740|1294|1452|1036|3827|1056|25405|
20171227|685 |1|1|3021|288|790|774|556|336|5765|
20171227|685 |1|2|16493|1334|1371|915|3568|1029|24710|
20171228|101 |0|1|15921|420|876|656|210|312|18395|
20171228|101 |0|2|67330|2745|8305|1433|979|3350|84142|
20171228|101 |1|1|14795|493|981|970|234|1451|18924|
20171228|101 |1|2|66603|3227|8602|2062|1379|3450|85323|
20171228|190 |0|1|9208|456|1136|957|236|133|12126|
20171228|190 |0|2|41827|2883|2879|1779|1385|2112|52865|
20171228|190 |1|1|8819|480|933|1034|263|828|12357|
20171228|190 |1|2|40003|2857|2863|1933|1599|2101|51356|
20171228|253 |0|1|12858|564|1270|961|305|317|16275|
20171228|253 |0|2|65134|2875|1942|1993|2449|3898|78291|
20171228|253 |1|1|11747|525|1010|1121|423|1242|16068|
20171228|253 |1|2|61279|2909|1952|2163|3002|3730|75035|
20171228|254 |0|1|6363|398|781|951|663|166|9322|
20171228|254 |0|2|31908|1762|1321|1109|3336|2150|41586|
20171228|254 |1|1|6270|349|776|818|470|717|9400|
20171228|254 |1|2|29971|1549|1158|904|2792|2028|38402|
20171228|651 |0|1|5512|138|251|158|59|244|6362|
20171228|651 |0|2|22539|685|1009|364|421|1372|26390|
20171228|651 |1|1|5191|165|306|153|49|521|6385|
20171228|651 |1|2|21431|675|968|304|359|1387|25124|
20171229|101 |0|1|17622|475|876|625|170|316|20084|
20171229|101 |0|2|70904|2661|8972|1328|984|3467|88316|
20171229|101 |1|1|16810|507|938|903|235|1531|20924|
20171229|101 |1|2|70644|3120|9208|1950|1391|3606|89919|
20171229|190 |0|1|10555|426|1027|917|207|136|13268|
20171229|190 |0|2|46319|2604|2847|1622|1308|2180|56880|
20171229|190 |1|1|10276|471|858|965|272|947|13789|
20171229|190 |1|2|44438|2690|2732|1820|1543|2264|55487|
20171229|253 |0|1|14249|484|1094|883|304|333|17347|
20171229|253 |0|2|69019|2653|1543|1611|2121|3876|80823|
20171229|253 |1|1|13575|493|920|1001|376|1444|17809|
20171229|253 |1|2|66273|2569|1564|1719|2793|3857|78775|
20171229|254 |0|1|6803|368|716|876|541|183|9487|
20171229|254 |0|2|32957|1580|1186|1014|3220|2244|42201|
20171229|254 |1|1|6714|308|701|834|482|782|9821|
20171229|254 |1|2|32221|1370|1064|906|2768|2104|40433|
20171230|101 |0|1|19338|279|468|255|89|235|20664|
20171230|101 |0|2|67156|1603|7907|667|507|2667|80507|
20171230|101 |1|1|18070|362|646|480|120|1513|21191|
20171230|101 |1|2|64051|2038|7994|1063|714|2634|78494|
20171230|190 |0|1|13744|226|503|332|116|102|15023|
20171230|190 |0|2|51365|1275|2111|529|628|1952|57860|
20171230|190 |1|1|11542|260|405|425|133|982|13747|
20171230|190 |1|2|43570|1407|2242|993|806|1878|50896|
20171230|253 |0|1|16350|233|447|372|166|241|17809|
20171230|253 |0|2|65176|1144|756|614|1198|2870|71758|
20171230|253 |1|1|15084|236|436|486|220|1345|17807|
20171230|253 |1|2|58923|1236|787|842|1663|2844|66295|
20171230|254 |0|1|7691|181|285|341|204|136|8838|
20171230|254 |0|2|31004|660|855|428|1554|1631|36132|
20171230|254 |1|1|7983|173|339|435|188|839|9957|
20171230|254 |1|2|30513|685|808|493|1408|1630|35537|
20171231|101 |0|1|17432|118|171|70|20|163|17974|
20171231|101 |0|2|57845|666|6677|215|77|2174|67654|
20171231|101 |1|1|16538|158|351|133|19|1339|18538|
20171231|101 |1|2|56267|702|6612|318|122|2297|66318|
20171231|190 |0|1|11618|88|117|53|16|87|11979|
20171231|190 |0|2|40052|505|1879|176|76|1529|44217|
20171231|190 |1|1|10691|95|105|74|26|828|11819|
20171231|190 |1|2|39339|430|1779|201|87|1483|43319|
20171231|253 |0|1|15071|109|125|77|28|160|15570|
20171231|253 |0|2|53733|432|449|154|282|2366|57416|
20171231|253 |1|1|14406|90|117|100|27|1274|16014|
20171231|253 |1|2|51982|363|418|181|279|2326|55549|
20171231|254 |0|1|7522|47|101|90|30|102|7892|
20171231|254 |0|2|28403|226|679|151|215|1441|31115|
20171231|254 |1|1|7907|57|86|139|38|713|8940|
20171231|254 |1|2|28076|227|632|147|184|1375|30641|
