20190101|101 |0|1|15178|108|216|123|17|141|15783|
20190101|101 |0|2|61128|1098|6144|533|182|2370|71455|
20190101|101 |1|1|13603|183|377|231|30|1104|15528|
20190101|101 |1|2|57636|1212|6694|765|273|2139|68719|
20190101|190 |0|1|9835|88|184|117|19|92|10335|
20190101|190 |0|2|39972|972|2035|391|251|1582|45203|
20190101|190 |1|1|10110|87|167|217|31|875|11487|
20190101|190 |1|2|44029|816|1944|598|348|1615|49350|
20190101|253 |0|1|13412|108|206|119|47|159|14051|
20190101|253 |0|2|58379|727|618|304|377|2706|63111|
20190101|253 |1|1|12809|81|164|182|51|1204|14491|
20190101|253 |1|2|55013|673|565|459|376|2424|59510|
20190101|254 |0|1|6687|59|137|150|50|73|7156|
20190101|254 |0|2|29650|421|698|269|382|1448|32868|
20190101|254 |1|1|6687|63|138|181|44|741|7854|
20190101|254 |1|2|28634|364|718|326|367|1350|31759|
20190101|651 |0|1|7100|33|46|22|13|112|7326|
20190101|651 |0|2|30709|196|838|68|99|1342|33252|
20190101|651 |1|1|8309|34|87|45|6|733|9214|
20190101|651 |1|2|36595|218|904|57|80|1473|39327|
20190101|685 |0|1|4598|34|126|102|67|58|4985|
20190101|685 |0|2|17720|219|1030|159|519|755|20402|
20190101|685 |1|1|3874|41|104|94|55|340|4508|
20190101|685 |1|2|16217|229|1048|162|478|656|18790|
20190102|101 |0|1|13800|256|684|465|105|265|15575|
20190102|101 |0|2|69668|2353|7978|1330|939|3393|85661|
20190102|101 |1|1|12286|339|708|655|157|1340|15485|
20190102|101 |1|2|66932|2798|8113|1730|1143|3403|84119|
20190102|190 |0|1|8259|331|948|748|156|129|10571|
20190102|190 |0|2|42986|2625|2773|1662|1278|2163|53487|
20190102|190 |1|1|7591|324|649|657|196|722|10139|
20190102|190 |1|2|39653|2431|2707|1546|1268|2021|49626|
20190102|253 |0|1|11781|360|903|761|210|223|14238|
20190102|253 |0|2|68445|2359|1266|1350|1981|3860|79261|
20190102|253 |1|1|10423|366|762|743|278|1192|13764|
20190102|253 |1|2|60343|2432|1319|1395|2405|3521|71415|
20190102|254 |0|1|5640|288|726|846|325|150|7975|
20190102|254 |0|2|33174|1605|1248|1137|2874|2134|42172|
20190102|254 |1|1|5324|273|565|628|299|638|7727|
20190102|254 |1|2|29955|1312|1117|771|2534|1934|37623|
20190102|651 |0|1|4520|90|174|101|35|98|5018|
20190102|651 |0|2|21466|616|853|228|300|1392|24855|
20190102|651 |1|1|5155|118|231|119|36|576|6235|
20190102|651 |1|2|24987|621|847|254|289|1529|28527|
20190102|685 |0|1|3547|232|785|740|413|76|5793|
20190102|685 |0|2|19086|1154|1532|988|3105|1029|26894|
20190102|685 |1|1|2878|250|687|676|366|338|5195|
20190102|685 |1|2|16999|1248|1521|853|2801|1020|24442|
20190103|101 |0|1|13368|335|890|551|142|233|15519|
20190103|101 |0|2|68275|2599|8051|1598|1117|3440|85080|
20190103|101 |1|1|12343|450|874|879|195|1225|15966|
20190103|101 |1|2|67635|3053|8319|2258|1471|3437|86173|
20190103|190 |0|1|7861|342|1179|911|199|110|10602|
20190103|190 |0|2|41041|2876|2929|1885|1658|2059|52448|
20190103|190 |1|1|7319|354|853|968|242|692|10428|
20190103|190 |1|2|39222|2848|2878|2166|1848|2019|50981|
20190103|253 |0|1|10772|407|1235|959|288|231|13892|
20190103|253 |0|2|65087|2712|2012|2115|2712|3739|78377|
20190103|253 |1|1|10041|421|982|1039|339|1173|13995|
20190103|253 |1|2|61544|2708|2046|2452|3211|3591|75552|
20190103|254 |0|1|5292|304|795|901|413|128|7833|
20190103|254 |0|2|31819|1716|1370|1288|3308|2069|41570|
20190103|254 |1|1|5473|293|710|801|391|654|8322|
20190103|254 |1|2|30726|1490|1216|1096|2902|2013|39443|
20190103|651 |0|1|4436|112|209|136|39|100|5032|
20190103|651 |0|2|21719|683|930|323|399|1451|25505|
20190103|651 |1|1|4266|114|235|129|29|472|5245|
20190103|651 |1|2|21421|708|875|280|372|1424|25080|
20190103|685 |0|1|3034|271|860|872|515|70|5622|
20190103|685 |0|2|17962|1299|1583|1152|3524|1041|26561|
20190103|685 |1|1|2724|296|791|804|414|299|5328|
20190103|685 |1|2|17326|1404|1574|1042|3197|1036|25579|
20190104|101 |0|1|14116|324|856|551|147|239|16233|
20190104|101 |0|2|70504|2578|8711|1540|1155|3415|87903|
20190104|101 |1|1|13403|389|879|847|201|1350|17069|
20190104|101 |1|2|73272|3037|9033|2084|1487|3662|92575|
20190104|190 |0|1|8891|358|1090|856|164|128|11487|
20190104|190 |0|2|46608|2814|2900|1767|1603|2290|57982|
20190104|190 |1|1|8343|367|879|993|262|800|11644|
20190104|190 |1|2|45540|2839|2798|2010|1788|2215|57190|
20190104|253 |0|1|11953|439|1107|880|255|286|14920|
20190104|253 |0|2|68957|2729|2050|2031|2850|3936|82553|
20190104|253 |1|1|11505|466|964|953|388|1293|15569|
20190104|253 |1|2|68771|2785|2110|2366|3383|4001|83416|
20190104|254 |0|1|5518|302|737|897|380|154|7988|
20190104|254 |0|2|33575|1672|1326|1177|3162|2239|43151|
20190104|254 |1|1|5804|312|710|795|359|659|8639|
20190104|254 |1|2|32989|1474|1183|1046|2915|2200|41807|
20190104|651 |0|1|5213|113|194|169|45|167|5901|
20190104|651 |0|2|27399|689|975|349|407|1590|31409|
20190104|651 |1|1|4537|133|276|140|27|521|5634|
20190104|651 |1|2|23194|677|939|280|374|1501|26965|
20190104|685 |0|1|3486|251|884|775|435|85|5916|
20190104|685 |0|2|19478|1331|1639|1111|3376|1110|28045|
20190104|685 |1|1|3347|280|797|756|447|362|5989|
20190104|685 |1|2|19606|1401|1551|1056|3179|1086|27879|
20190105|101 |0|1|16109|196|491|287|79|184|17346|
20190105|101 |0|2|68697|1484|7590|877|712|2718|82078|
20190105|101 |1|1|14663|281|577|509|102|1327|17459|
20190105|101 |1|2|65283|1943|7683|1223|936|2712|79780|
20190105|190 |0|1|10641|158|516|273|86|104|11778|
20190105|190 |0|2|47426|1327|2274|614|732|1858|54231|
20190105|190 |1|1|9662|208|438|477|115|819|11719|
20190105|190 |1|2|44554|1430|2304|1024|813|1855|51980|
20190105|253 |0|1|13188|244|516|363|154|187|14652|
20190105|253 |0|2|63215|1207|874|718|1807|2985|70806|
20190105|253 |1|1|12798|221|481|536|189|1341|15566|
20190105|253 |1|2|63220|1326|994|966|2095|3034|71635|
20190105|254 |0|1|6708|152|403|368|153|115|7899|
20190105|254 |0|2|33087|752|959|554|1418|1712|38482|
20190105|254 |1|1|7042|197|399|409|145|840|9032|
20190105|254 |1|2|33530|751|933|600|1428|1835|39077|
20190105|651 |0|1|7498|62|91|73|22|132|7878|
20190105|651 |0|2|36726|384|917|176|221|1584|40008|
20190105|651 |1|1|6146|74|136|60|10|579|7005|
20190105|651 |1|2|28493|397|934|110|201|1398|31533|
20190105|685 |0|1|4399|111|405|345|239|70|5569|
20190105|685 |0|2|18980|520|1298|485|1925|901|24109|
20190105|685 |1|1|3921|120|344|405|218|414|5422|
20190105|685 |1|2|18062|558|1237|532|1976|848|23213|
20190106|101 |0|1|14359|112|338|165|40|120|15134|
20190106|101 |0|2|61846|786|6714|524|279|2444|72593|
20190106|101 |1|1|13178|168|418|331|55|1188|15338|
20190106|101 |1|2|57510|810|6842|904|375|2177|68618|
20190106|190 |0|1|8736|73|222|156|21|60|9268|
20190106|190 |0|2|38250|668|2064|380|238|1615|43215|
20190106|190 |1|1|9075|88|157|179|40|739|10278|
20190106|190 |1|2|41278|517|1986|482|201|1602|46066|
20190106|253 |0|1|12359|124|217|130|41|142|13013|
20190106|253 |0|2|56087|562|668|305|573|2680|60875|
20190106|253 |1|1|11943|102|146|148|50|1103|13492|
20190106|253 |1|2|53967|489|691|416|568|2521|58652|
20190106|254 |0|1|6324|69|107|116|33|80|6729|
20190106|254 |0|2|28766|345|764|210|307|1503|31895|
20190106|254 |1|1|6580|67|110|106|31|727|7621|
20190106|254 |1|2|28139|257|749|215|248|1447|31055|
20190106|651 |0|1|5484|30|26|26|15|106|5687|
20190106|651 |0|2|24885|135|851|52|111|1133|27167|
20190106|651 |1|1|6880|36|74|50|12|612|7664|
20190106|651 |1|2|33313|176|809|56|79|1363|35796|
20190106|685 |0|1|3857|33|135|89|57|50|4221|
20190106|685 |0|2|15624|185|1083|180|541|693|18306|
20190106|685 |1|1|3420|33|113|103|64|316|4049|
20190106|685 |1|2|14084|217|1061|152|504|607|16625|
20190107|101 |0|1|14031|301|828|592|139|235|16126|
20190107|101 |0|2|71272|2427|8066|1407|1034|3492|87698|
20190107|101 |1|1|12185|383|808|724|174|1275|15549|
20190107|101 |1|2|66922|2802|8297|1717|1386|3384|84508|
20190107|190 |0|1|8353|341|1057|870|197|120|10938|
20190107|190 |0|2|43558|2706|2850|1770|1344|2198|54426|
20190107|190 |1|1|7665|340|743|797|183|792|10520|
20190107|190 |1|2|39231|2570|2788|1564|1545|2064|49762|
20190107|253 |0|1|11739|406|1043|854|229|266|14537|
20190107|253 |0|2|67762|2453|1889|2019|2352|3939|80414|
20190107|253 |1|1|10457|421|835|881|327|1159|14080|
20190107|253 |1|2|62252|2612|1963|2021|2781|3738|75367|
20190107|254 |0|1|5644|281|743|850|389|144|8051|
20190107|254 |0|2|33651|1624|1252|1172|2979|2259|42937|
20190107|254 |1|1|5509|247|636|638|354|641|8025|
20190107|254 |1|2|30889|1409|1103|838|2563|2096|38898|
20190107|651 |0|1|4730|85|178|128|23|110|5254|
20190107|651 |0|2|22340|605|932|308|374|1414|25973|
20190107|651 |1|1|4562|111|257|128|44|516|5618|
20190107|651 |1|2|22865|638|878|268|362|1491|26502|
20190107|685 |0|1|3617|241|824|815|469|86|6052|
20190107|685 |0|2|19065|1253|1639|1111|3364|1132|27564|
20190107|685 |1|1|3059|255|712|713|390|311|5440|
20190107|685 |1|2|17805|1340|1618|904|3063|1067|25797|
20190108|101 |0|1|13415|341|883|617|138|272|15666|
20190108|101 |0|2|68423|2607|8125|1585|1118|3468|85326|
20190108|101 |1|1|12371|431|828|872|189|1255|15946|
20190108|101 |1|2|67136|2955|8293|2167|1435|3441|85427|
20190108|190 |0|1|7993|365|1126|956|191|119|10750|
20190108|190 |0|2|40325|2849|2942|1866|1527|2088|51597|
20190108|190 |1|1|7386|361|915|1024|225|722|10633|
20190108|190 |1|2|38776|2753|2911|2086|1775|2120|50421|
20190108|253 |0|1|10868|397|1242|854|251|270|13882|
20190108|253 |0|2|65107|2635|2092|2114|2637|3654|78239|
20190108|253 |1|1|10400|427|1006|1055|344|1152|14384|
20190108|253 |1|2|62626|2809|2142|2423|3273|3732|77005|
20190108|254 |0|1|5248|270|786|934|398|148|7784|
20190108|254 |0|2|32327|1690|1373|1270|3279|2134|42073|
20190108|254 |1|1|5417|267|780|781|353|674|8272|
20190108|254 |1|2|31404|1478|1237|1087|2888|2135|40229|
20190108|651 |0|1|4445|97|194|160|51|108|5055|
20190108|651 |0|2|21355|612|944|347|437|1394|25089|
20190108|651 |1|1|4378|141|254|137|29|477|5416|
20190108|651 |1|2|21429|606|912|290|386|1463|25086|
20190108|685 |0|1|3211|243|853|877|467|77|5728|
20190108|685 |0|2|18075|1284|1658|1056|3604|991|26668|
20190108|685 |1|1|2960|251|829|789|443|294|5566|
20190108|685 |1|2|17577|1374|1568|1037|3416|1005|25977|
20190109|101 |0|1|12935|293|871|550|124|262|15035|
20190109|101 |0|2|67139|2481|8006|1462|1084|3349|83521|
20190109|101 |1|1|12072|417|791|808|181|1237|15506|
20190109|101 |1|2|67550|2951|8295|2025|1446|3479|85746|
20190109|190 |0|1|7535|326|1097|869|176|88|10091|
20190109|190 |0|2|39542|2647|2884|1816|1448|2133|50470|
20190109|190 |1|1|7220|341|853|871|215|677|10177|
20190109|190 |1|2|38866|2601|2814|1955|1693|2082|50011|
20190109|253 |0|1|10887|391|1139|864|248|246|13775|
20190109|253 |0|2|64858|2593|1942|1972|2860|3780|78005|
20190109|253 |1|1|10421|406|906|968|383|1233|14317|
20190109|253 |1|2|62550|2697|2005|2295|3363|3640|76550|
20190109|254 |0|1|5248|274|744|897|366|134|7663|
20190109|254 |0|2|32241|1668|1347|1274|3015|2130|41675|
20190109|254 |1|1|5438|286|727|776|350|618|8195|
20190109|254 |1|2|31555|1432|1193|1033|2700|2058|39971|
20190109|651 |0|1|4484|94|187|144|30|102|5041|
20190109|651 |0|2|21312|612|957|322|395|1354|24952|
20190109|651 |1|1|4285|110|244|122|25|454|5240|
20190109|651 |1|2|21449|619|936|257|351|1435|25047|
20190109|685 |0|1|3211|254|840|822|430|61|5618|
20190109|685 |0|2|17842|1224|1655|1084|3429|1035|26269|
20190109|685 |1|1|2897|274|823|733|430|298|5455|
20190109|685 |1|2|17632|1315|1612|1044|3242|1056|25901|
20190110|101 |0|1|13558|339|906|553|131|251|15738|
20190110|101 |0|2|68517|2615|8156|1484|1118|3309|85199|
20190110|101 |1|1|12461|411|862|805|191|1286|16016|
20190110|101 |1|2|67390|2951|8326|2071|1466|3358|85562|
20190110|190 |0|1|7993|332|1096|771|179|104|10475|
20190110|190 |0|2|41459|2732|2928|1725|1514|2088|52446|
20190110|190 |1|1|7344|361|903|836|203|724|10371|
20190110|190 |1|2|39559|2726|2868|1982|1647|2083|50865|
20190110|253 |0|1|11091|423|1138|866|256|266|14040|
20190110|253 |0|2|65816|2686|1996|2040|2606|3733|78877|
20190110|253 |1|1|10513|432|948|1023|380|1273|14569|
20190110|253 |1|2|63901|2720|2085|2383|3133|3717|77939|
20190110|254 |0|1|5432|291|837|858|341|137|7896|
20190110|254 |0|2|32583|1604|1400|1298|2992|2113|41990|
20190110|254 |1|1|5666|261|758|808|350|668|8511|
20190110|254 |1|2|32465|1430|1249|1001|2684|2085|40914|
20190110|651 |0|1|4647|105|183|121|39|131|5226|
20190110|651 |0|2|22449|670|985|333|402|1370|26209|
20190110|651 |1|1|4446|109|267|111|33|551|5517|
20190110|651 |1|2|21899|691|967|290|360|1418|25625|
20190110|685 |0|1|3157|252|877|881|442|91|5700|
20190110|685 |0|2|17790|1244|1686|1055|3502|1115|26392|
20190110|685 |1|1|3078|284|846|773|399|353|5733|
20190110|685 |1|2|17938|1362|1613|1012|3292|1089|26306|
20190111|101 |0|1|14581|352|888|540|144|275|16780|
20190111|101 |0|2|71319|2567|8729|1412|968|3480|88475|
20190111|101 |1|1|13746|427|908|757|177|1395|17410|
20190111|101 |1|2|72690|2849|9010|1921|1307|3557|91334|
20190111|190 |0|1|9355|315|1093|776|175|119|11833|
20190111|190 |0|2|48540|2701|2922|1760|1476|2379|59778|
20190111|190 |1|1|8785|339|836|855|228|859|11902|
20190111|190 |1|2|46778|2745|2890|2015|1658|2394|58480|
20190111|253 |0|1|12199|408|1099|836|235|257|15034|
20190111|253 |0|2|70012|2595|2064|1985|2603|3952|83211|
20190111|253 |1|1|11947|441|896|992|331|1383|15990|
20190111|253 |1|2|70321|2752|2108|2251|3179|4038|84649|
20190111|254 |0|1|5971|288|748|871|387|145|8410|
20190111|254 |0|2|34552|1709|1377|1147|2969|2204|43958|
20190111|254 |1|1|6132|271|684|808|361|726|8982|
20190111|254 |1|2|34414|1527|1222|1012|2720|2243|43138|
20190111|651 |0|1|5921|122|219|118|39|123|6542|
20190111|651 |0|2|29629|646|1031|326|373|1610|33615|
20190111|651 |1|1|4882|138|287|124|31|522|5984|
20190111|651 |1|2|24018|664|1003|265|349|1478|27777|
20190111|685 |0|1|3753|238|848|806|425|85|6155|
20190111|685 |0|2|20215|1291|1645|1097|3470|1161|28879|
20190111|685 |1|1|3460|244|819|765|392|402|6082|
20190111|685 |1|2|20470|1383|1584|1038|3203|1192|28870|
20190112|101 |0|1|16980|198|486|277|85|180|18206|
20190112|101 |0|2|71035|1483|7886|802|635|2811|84652|
20190112|101 |1|1|15942|285|620|483|94|1401|18825|
20190112|101 |1|2|69390|1878|8083|1080|788|2850|84069|
20190112|190 |0|1|11653|166|512|307|83|82|12803|
20190112|190 |0|2|51460|1260|2257|659|809|2005|58450|
20190112|190 |1|1|9901|196|434|410|116|882|11939|
20190112|190 |1|2|46634|1342|2329|1127|1063|1885|54380|
20190112|253 |0|1|14448|214|488|413|161|151|15875|
20190112|253 |0|2|66531|1208|979|734|2028|3028|74508|
20190112|253 |1|1|13859|245|467|526|229|1345|16671|
20190112|253 |1|2|64672|1278|1003|936|2365|3014|73268|
20190112|254 |0|1|7175|152|360|368|167|105|8327|
20190112|254 |0|2|35041|716|1050|496|1553|1825|40681|
20190112|254 |1|1|7245|156|366|428|177|814|9186|
20190112|254 |1|2|34693|737|980|592|1643|1849|40494|
20190112|651 |0|1|8425|85|84|79|29|143|8845|
20190112|651 |0|2|40130|405|960|181|224|1634|43534|
20190112|651 |1|1|6684|75|155|62|20|636|7632|
20190112|651 |1|2|31431|386|992|109|191|1363|34472|
20190112|685 |0|1|4780|93|410|349|226|67|5925|
20190112|685 |0|2|20315|476|1276|472|1851|858|25248|
20190112|685 |1|1|4272|98|349|409|193|445|5766|
20190112|685 |1|2|18753|529|1187|503|1810|874|23656|
20190113|101 |0|1|15284|133|274|132|37|140|16000|
20190113|101 |0|2|63031|739|6835|474|254|2589|73922|
20190113|101 |1|1|14885|184|395|249|49|1267|17029|
20190113|101 |1|2|62864|731|7116|779|324|2537|74351|
20190113|190 |0|1|9614|81|209|132|18|59|10113|
20190113|190 |0|2|40689|625|2122|380|250|1649|45715|
20190113|190 |1|1|9707|91|155|176|37|866|11032|
20190113|190 |1|2|44003|514|1985|445|230|1606|48783|
20190113|253 |0|1|13170|127|211|132|53|151|13844|
20190113|253 |0|2|59291|544|645|280|453|2852|64065|
20190113|253 |1|1|12918|98|149|179|61|1189|14594|
20190113|253 |1|2|56993|452|637|340|459|2635|61516|
20190113|254 |0|1|6873|65|104|137|46|90|7315|
20190113|254 |0|2|30881|332|788|198|305|1559|34063|
20190113|254 |1|1|6982|62|112|131|30|734|8051|
20190113|254 |1|2|30205|236|792|208|203|1511|33155|
20190113|651 |0|1|6290|29|38|23|10|107|6497|
20190113|651 |0|2|27637|138|972|70|71|1235|30123|
20190113|651 |1|1|7710|53|88|45|9|673|8578|
20190113|651 |1|2|35302|168|889|65|65|1415|37904|
20190113|685 |0|1|4360|30|116|97|62|58|4723|
20190113|685 |0|2|17039|176|1162|163|406|765|19711|
20190113|685 |1|1|3753|30|75|116|44|344|4362|
20190113|685 |1|2|15629|193|1083|151|365|694|18115|
20190114|101 |0|1|14289|303|906|548|146|257|16449|
20190114|101 |0|2|72191|2455|8142|1438|935|3482|88643|
20190114|101 |1|1|12506|367|810|687|179|1271|15820|
20190114|101 |1|2|68083|2778|8291|1777|1224|3476|85629|
20190114|190 |0|1|8579|334|1026|788|198|137|11062|
20190114|190 |0|2|43926|2689|2791|1779|1439|2258|54882|
20190114|190 |1|1|7936|354|792|705|176|716|10679|
20190114|190 |1|2|40334|2568|2847|1609|1449|2150|50957|
20190114|253 |0|1|11725|390|1078|919|244|261|14617|
20190114|253 |0|2|67056|2466|1933|1876|2554|3769|79654|
20190114|253 |1|1|10409|432|932|880|378|1213|14244|
20190114|253 |1|2|62610|2581|1952|1978|3062|3654|75837|
20190114|254 |0|1|5978|286|764|909|344|145|8426|
20190114|254 |0|2|35415|1664|1345|1235|3137|2312|45108|
20190114|254 |1|1|5786|277|702|675|369|655|8464|
20190114|254 |1|2|31965|1451|1189|855|2612|2109|40181|
20190114|651 |0|1|4932|105|191|121|40|106|5495|
20190114|651 |0|2|22807|615|914|273|375|1437|26421|
20190114|651 |1|1|5006|116|263|122|21|514|6042|
20190114|651 |1|2|24025|644|899|284|352|1523|27727|
20190114|685 |0|1|4076|240|851|798|459|63|6487|
20190114|685 |0|2|17566|1200|1556|1042|3058|1007|25429|
20190114|685 |1|1|3141|258|779|696|368|341|5583|
20190114|685 |1|2|17717|1262|1572|881|2971|1061|25464|
20190115|101 |0|1|13453|340|917|612|147|273|15742|
20190115|101 |0|2|68016|2652|8103|1581|1039|3433|84824|
20190115|101 |1|1|12700|417|857|871|199|1314|16358|
20190115|101 |1|2|68368|2937|8389|2159|1438|3519|86810|
20190115|190 |0|1|7848|335|1108|887|168|123|10469|
20190115|190 |0|2|40587|2783|2787|1886|1491|2114|51648|
20190115|190 |1|1|7336|352|846|963|223|723|10443|
20190115|190 |1|2|39270|2784|2782|2167|1651|2084|50738|
20190115|253 |0|1|11018|416|1132|936|272|243|14017|
20190115|253 |0|2|65533|2630|2040|2033|2899|3743|78878|
20190115|253 |1|1|10375|469|983|991|360|1202|14380|
20190115|253 |1|2|63343|2722|2118|2436|3501|3696|77816|
20190115|254 |0|1|5509|281|824|912|361|132|8019|
20190115|254 |0|2|33191|1682|1435|1258|3165|2112|42843|
20190115|254 |1|1|5759|277|758|806|411|705|8716|
20190115|254 |1|2|32414|1483|1231|1049|2855|2078|41110|
20190115|651 |0|1|4612|111|183|145|57|113|5221|
20190115|651 |0|2|21642|640|965|348|427|1380|25402|
20190115|651 |1|1|4598|95|269|146|46|502|5656|
20190115|651 |1|2|21811|646|943|262|357|1434|25453|
20190115|685 |0|1|3283|230|826|824|448|56|5667|
20190115|685 |0|2|18595|1254|1708|1104|3535|1054|27250|
20190115|685 |1|1|2936|252|800|782|431|332|5533|
20190115|685 |1|2|17320|1323|1587|987|3306|1057|25580|
20190116|101 |0|1|13404|315|884|561|138|228|15530|
20190116|101 |0|2|68479|2469|7987|1495|1013|3372|84815|
20190116|101 |1|1|12414|421|841|855|195|1241|15967|
20190116|101 |1|2|67946|2892|8288|2049|1304|3374|85853|
20190116|190 |0|1|7695|345|1074|794|165|117|10190|
20190116|190 |0|2|40363|2705|2851|1596|1514|2130|51159|
20190116|190 |1|1|7398|341|853|862|184|792|10430|
20190116|190 |1|2|39457|2665|2832|1930|1768|2081|50733|
20190116|253 |0|1|11129|413|1132|856|247|251|14028|
20190116|253 |0|2|65092|2613|2007|2023|2692|3727|78154|
20190116|253 |1|1|10398|424|969|948|329|1185|14253|
20190116|253 |1|2|62910|2699|2070|2310|3249|3704|76942|
20190116|254 |0|1|5333|281|796|860|364|125|7759|
20190116|254 |0|2|33024|1646|1355|1155|2979|2169|42328|
20190116|254 |1|1|5669|282|708|762|371|669|8461|
20190116|254 |1|2|31951|1471|1205|975|2678|2074|40354|
20190116|651 |0|1|4583|98|185|121|51|111|5149|
20190116|651 |0|2|21967|663|926|313|352|1413|25634|
20190116|651 |1|1|4385|111|248|110|32|507|5393|
20190116|651 |1|2|21715|672|896|258|365|1431|25337|
20190116|685 |0|1|3223|229|843|793|445|75|5608|
20190116|685 |0|2|18150|1188|1653|1062|3637|1044|26734|
20190116|685 |1|1|3032|266|790|759|414|295|5556|
20190116|685 |1|2|17319|1278|1553|1038|3410|1023|25621|
20190117|101 |0|1|13499|335|884|597|141|242|15698|
20190117|101 |0|2|68099|2550|8102|1507|1076|3284|84618|
20190117|101 |1|1|12824|432|854|826|169|1266|16371|
20190117|101 |1|2|69370|2929|8392|2078|1367|3464|87600|
20190117|190 |0|1|7742|341|1084|798|194|101|10260|
20190117|190 |0|2|41607|2789|2911|1699|1618|2043|52667|
20190117|190 |1|1|7450|365|865|846|244|717|10487|
20190117|190 |1|2|40386|2700|2918|1991|1756|2037|51788|
20190117|253 |0|1|11025|408|1228|842|250|272|14025|
20190117|253 |0|2|64378|2672|2054|1953|2522|3729|77308|
20190117|253 |1|1|10615|425|930|962|349|1190|14471|
20190117|253 |1|2|63318|2705|2129|2318|3143|3651|77264|
20190117|254 |0|1|5592|312|800|941|382|136|8163|
20190117|254 |0|2|33227|1632|1468|1279|3160|2143|42909|
20190117|254 |1|1|5647|298|737|811|325|675|8493|
20190117|254 |1|2|32466|1427|1252|1014|2781|2123|41063|
20190117|651 |0|1|4716|103|197|144|40|114|5314|
20190117|651 |0|2|22760|644|998|296|347|1446|26491|
20190117|651 |1|1|4499|116|290|121|31|498|5555|
20190117|651 |1|2|21971|645|951|263|324|1463|25617|
20190117|685 |0|1|3053|213|835|864|563|52|5580|
20190117|685 |0|2|17366|1220|1469|1031|3337|1043|25466|
20190117|685 |1|1|2926|246|758|728|425|282|5365|
20190117|685 |1|2|17151|1326|1498|974|3344|1031|25324|
20190118|101 |0|1|14904|341|813|555|150|280|17043|
20190118|101 |0|2|72741|2586|8835|1431|1053|3582|90228|
20190118|101 |1|1|14058|445|909|785|203|1445|17845|
20190118|101 |1|2|74573|2974|9181|1958|1412|3721|93819|
20190118|190 |0|1|9477|313|1095|866|166|125|12042|
20190118|190 |0|2|48537|2722|2961|1807|1494|2350|59871|
20190118|190 |1|1|8843|334|856|870|200|896|11999|
20190118|190 |1|2|47170|2820|2897|2105|1598|2350|58940|
20190118|253 |0|1|12415|448|1160|777|252|247|15299|
20190118|253 |0|2|70105|2664|1991|1925|2494|3946|83125|
20190118|253 |1|1|12298|452|1001|928|311|1419|16409|
20190118|253 |1|2|70761|2771|2074|2205|3178|3989|84978|
20190118|254 |0|1|5639|320|807|807|371|120|8064|
20190118|254 |0|2|33784|1629|1346|1097|3004|2103|42963|
20190118|254 |1|1|5862|278|699|814|393|708|8754|
20190118|254 |1|2|33490|1483|1171|984|2616|2075|41819|
20190118|651 |0|1|5996|129|189|140|33|141|6628|
20190118|651 |0|2|30729|683|1038|288|341|1603|34682|
20190118|651 |1|1|5062|116|325|127|28|495|6153|
20190118|651 |1|2|25004|684|1009|254|336|1546|28833|
20190118|685 |0|1|3630|237|838|833|451|73|6062|
20190118|685 |0|2|19889|1264|1604|1073|3538|1174|28542|
20190118|685 |1|1|3381|255|801|756|415|360|5968|
20190118|685 |1|2|19604|1337|1510|1030|3356|1126|27963|
20190119|101 |0|1|17133|204|471|299|73|198|18378|
20190119|101 |0|2|70908|1472|8178|815|594|2818|84785|
20190119|101 |1|1|16129|312|636|468|90|1399|19034|
20190119|101 |1|2|69512|1862|8244|1146|801|2933|84498|
20190119|190 |0|1|11212|165|493|252|71|84|12277|
20190119|190 |0|2|51166|1282|2338|557|610|2018|57971|
20190119|190 |1|1|10388|201|385|433|96|897|12400|
20190119|190 |1|2|47907|1440|2434|985|735|1961|55462|
20190119|253 |0|1|14462|205|521|314|127|206|15835|
20190119|253 |0|2|67385|1194|975|697|1591|3168|75010|
20190119|253 |1|1|14081|213|482|468|161|1399|16804|
20190119|253 |1|2|66616|1294|1030|942|1913|3256|75051|
20190119|254 |0|1|7336|149|375|375|158|100|8493|
20190119|254 |0|2|35762|724|1053|531|1439|1912|41421|
20190119|254 |1|1|7518|161|393|403|168|811|9454|
20190119|254 |1|2|35046|736|948|560|1473|1915|40678|
20190119|651 |0|1|8773|82|113|77|23|150|9218|
20190119|651 |0|2|41182|411|1008|150|169|1698|44618|
20190119|651 |1|1|6764|71|177|71|14|667|7764|
20190119|651 |1|2|32373|422|1011|112|139|1422|35479|
20190119|685 |0|1|4657|102|414|349|199|67|5788|
20190119|685 |0|2|19797|488|1304|455|1809|925|24778|
20190119|685 |1|1|4257|102|394|392|178|405|5728|
20190119|685 |1|2|19016|544|1273|502|1968|966|24269|
20190120|101 |0|1|15467|102|336|151|23|126|16205|
20190120|101 |0|2|64921|782|6866|529|240|2571|75909|
20190120|101 |1|1|15060|141|460|290|55|1290|17296|
20190120|101 |1|2|63459|840|7185|907|342|2507|75240|
20190120|190 |0|1|9930|96|244|150|21|72|10513|
20190120|190 |0|2|42411|698|2192|378|185|1702|47566|
20190120|190 |1|1|9928|100|173|202|42|817|11262|
20190120|190 |1|2|45240|549|2090|516|200|1684|50279|
20190120|253 |0|1|13493|115|223|138|45|141|14155|
20190120|253 |0|2|60501|615|725|329|463|2770|65403|
20190120|253 |1|1|12793|101|162|173|52|1205|14486|
20190120|253 |1|2|57448|498|695|396|449|2507|61993|
20190120|254 |0|1|6967|57|145|137|35|79|7420|
20190120|254 |0|2|31554|383|804|234|362|1594|34931|
20190120|254 |1|1|7236|64|111|143|30|771|8355|
20190120|254 |1|2|31115|285|814|206|266|1533|34219|
20190120|651 |0|1|6525|27|52|19|6|102|6731|
20190120|651 |0|2|28499|157|966|41|44|1270|30977|
20190120|651 |1|1|7869|42|82|32|7|697|8729|
20190120|651 |1|2|36493|180|879|55|51|1461|39119|
20190120|685 |0|1|4423|33|131|109|44|65|4805|
20190120|685 |0|2|17494|182|1145|180|447|771|20219|
20190120|685 |1|1|3643|35|92|94|58|331|4253|
20190120|685 |1|2|15363|176|1124|163|414|684|17924|
20190121|101 |0|1|14360|276|823|541|138|262|16400|
20190121|101 |0|2|72166|2442|8099|1443|1075|3647|88872|
20190121|101 |1|1|12759|384|842|675|162|1303|16125|
20190121|101 |1|2|68600|2823|8287|1725|1241|3550|86226|
20190121|190 |0|1|8536|334|1100|920|149|77|11116|
20190121|190 |0|2|44346|2663|2783|1825|1396|2316|55329|
20190121|190 |1|1|7995|322|773|697|155|770|10712|
20190121|190 |1|2|40251|2544|2774|1652|1503|2117|50841|
20190121|253 |0|1|11998|385|1090|832|227|269|14801|
20190121|253 |0|2|69216|2473|1907|1904|2487|3861|81848|
20190121|253 |1|1|10631|423|934|756|261|1234|14239|
20190121|253 |1|2|63997|2532|1949|1963|2932|3724|77097|
20190121|254 |0|1|5928|275|815|921|338|157|8434|
20190121|254 |0|2|35423|1659|1365|1202|2982|2240|44871|
20190121|254 |1|1|5811|264|680|718|297|668|8438|
20190121|254 |1|2|32207|1468|1133|880|2524|2099|40311|
20190121|651 |0|1|4900|122|182|122|35|101|5462|
20190121|651 |0|2|22923|666|952|250|343|1474|26608|
20190121|651 |1|1|5167|112|269|127|32|538|6245|
20190121|651 |1|2|24513|676|924|241|330|1545|28229|
20190121|685 |0|1|3955|225|830|781|453|84|6328|
20190121|685 |0|2|18669|1194|1569|1007|3298|1006|26743|
20190121|685 |1|1|3076|237|741|655|440|349|5498|
20190121|685 |1|2|18001|1311|1602|936|3132|1062|26044|
20190122|101 |0|1|13429|309|952|618|171|248|15727|
20190122|101 |0|2|69332|2681|8053|1544|1088|3492|86190|
20190122|101 |1|1|12623|422|909|885|238|1305|16382|
20190122|101 |1|2|69476|3118|8303|2173|1577|3534|88181|
20190122|190 |0|1|7765|329|1159|898|174|115|10440|
20190122|190 |0|2|41439|2896|2836|1770|1503|2088|52532|
20190122|190 |1|1|7490|358|879|921|230|705|10583|
20190122|190 |1|2|39897|2836|2846|2096|1716|2142|51533|
20190122|253 |0|1|10731|370|1230|895|228|250|13704|
20190122|253 |0|2|64557|2652|2063|2024|2737|3694|77727|
20190122|253 |1|1|10394|394|1019|963|334|1144|14248|
20190122|253 |1|2|63751|2786|2054|2412|3499|3754|78256|
20190122|254 |0|1|5530|298|822|900|399|142|8091|
20190122|254 |0|2|33572|1727|1351|1241|3303|2154|43348|
20190122|254 |1|1|5377|272|775|790|360|630|8204|
20190122|254 |1|2|31385|1554|1200|1013|2865|2040|40057|
20190122|651 |0|1|4600|100|209|127|40|108|5184|
20190122|651 |0|2|21901|632|903|293|385|1450|25564|
20190122|651 |1|1|4560|118|300|145|54|523|5700|
20190122|651 |1|2|22384|645|871|268|361|1407|25936|
20190122|685 |0|1|3264|264|855|890|454|71|5798|
20190122|685 |0|2|18540|1296|1626|1105|3557|1034|27158|
20190122|685 |1|1|3064|266|844|814|419|353|5760|
20190122|685 |1|2|18043|1372|1625|1037|3322|1042|26441|
20190123|101 |0|1|13742|329|887|548|133|262|15901|
20190123|101 |0|2|70775|2566|8074|1572|1103|3559|87649|
20190123|101 |1|1|12567|433|841|828|216|1277|16162|
20190123|101 |1|2|70287|2975|8232|2031|1445|3524|88494|
20190123|190 |0|1|7762|379|1114|820|168|117|10360|
20190123|190 |0|2|41720|2686|2805|1907|1490|2050|52658|
20190123|190 |1|1|7460|394|884|878|200|699|10515|
20190123|190 |1|2|40873|2662|2822|2124|1636|2017|52134|
20190123|253 |0|1|10948|410|1120|898|259|216|13851|
20190123|253 |0|2|64654|2660|1953|2031|2886|3771|77955|
20190123|253 |1|1|10588|459|922|952|363|1192|14476|
20190123|253 |1|2|63483|2747|2032|2406|3511|3790|77969|
20190123|254 |0|1|5434|284|749|891|382|144|7884|
20190123|254 |0|2|32887|1632|1382|1210|3059|2112|42282|
20190123|254 |1|1|5582|259|724|815|408|668|8456|
20190123|254 |1|2|32446|1491|1192|1062|2664|2042|40897|
20190123|651 |0|1|4685|96|210|137|67|101|5296|
20190123|651 |0|2|22076|634|933|359|357|1393|25752|
20190123|651 |1|1|4482|113|253|133|27|492|5500|
20190123|651 |1|2|22144|670|918|268|345|1460|25805|
20190123|685 |0|1|3281|236|826|811|450|62|5666|
20190123|685 |0|2|18665|1296|1616|1097|3430|1109|27213|
20190123|685 |1|1|3058|260|808|753|426|327|5632|
20190123|685 |1|2|18010|1364|1566|1009|3283|1072|26304|
20190124|101 |0|1|13941|310|932|585|128|251|16147|
20190124|101 |0|2|70748|2588|8168|1555|1080|3372|87511|
20190124|101 |1|1|13137|417|922|889|196|1280|16841|
20190124|101 |1|2|70626|2976|8425|2149|1456|3488|89120|
20190124|190 |0|1|8015|368|1210|813|175|109|10690|
20190124|190 |0|2|42271|2837|2857|1856|1600|2067|53488|
20190124|190 |1|1|7805|353|874|873|239|742|10886|
20190124|190 |1|2|41508|2768|2874|2118|1774|2073|53115|
20190124|253 |0|1|11241|437|1161|901|239|261|14240|
20190124|253 |0|2|66109|2671|2035|2054|2889|3794|79552|
20190124|253 |1|1|10832|441|999|1030|305|1213|14820|
20190124|253 |1|2|64615|2761|2146|2393|3530|3855|79300|
20190124|254 |0|1|5488|266|820|903|367|108|7952|
20190124|254 |0|2|33043|1659|1366|1305|3150|2126|42649|
20190124|254 |1|1|5640|271|713|786|339|682|8431|
20190124|254 |1|2|33011|1524|1238|998|2714|2055|41540|
20190124|651 |0|1|4860|109|212|124|42|101|5448|
20190124|651 |0|2|22873|680|994|305|359|1445|26656|
20190124|651 |1|1|4623|122|296|129|34|479|5683|
20190124|651 |1|2|22458|650|964|292|349|1478|26191|
20190124|685 |0|1|3175|223|875|847|455|70|5645|
20190124|685 |0|2|18025|1293|1605|1065|3466|1041|26495|
20190124|685 |1|1|2965|257|816|768|449|315|5570|
20190124|685 |1|2|17733|1306|1546|1011|3405|1058|26059|
20190125|101 |0|1|14618|352|908|547|131|230|16786|
20190125|101 |0|2|72336|2607|8923|1502|1127|3532|90027|
20190125|101 |1|1|14185|432|974|834|173|1356|17954|
20190125|101 |1|2|74227|3068|9133|2058|1426|3661|93573|
20190125|190 |0|1|9185|361|1095|867|155|123|11786|
20190125|190 |0|2|48691|2784|2973|1743|1512|2321|60024|
20190125|190 |1|1|8694|387|880|856|175|833|11825|
20190125|190 |1|2|46870|2812|2898|2026|1756|2334|58696|
20190125|253 |0|1|12177|446|1118|828|224|285|15078|
20190125|253 |0|2|70211|2728|2033|1992|2776|3958|83698|
20190125|253 |1|1|12260|490|986|964|335|1402|16437|
20190125|253 |1|2|71777|2800|2095|2346|3502|4048|86568|
20190125|254 |0|1|5856|283|807|834|361|122|8263|
20190125|254 |0|2|34689|1678|1367|1140|3023|2221|44118|
20190125|254 |1|1|6051|289|730|800|358|686|8914|
20190125|254 |1|2|33499|1556|1201|996|2735|2109|42096|
20190125|651 |0|1|5901|104|211|147|29|129|6521|
20190125|651 |0|2|29717|671|1093|323|329|1637|33770|
20190125|651 |1|1|4914|112|318|145|25|555|6069|
20190125|651 |1|2|24198|689|1029|282|322|1543|28063|
20190125|685 |0|1|3648|215|861|797|439|69|6029|
20190125|685 |0|2|20178|1323|1684|1118|3447|1157|28907|
20190125|685 |1|1|3345|256|784|764|430|356|5935|
20190125|685 |1|2|19406|1329|1505|1038|3165|1153|27596|
20190126|101 |0|1|16333|214|502|284|81|165|17579|
20190126|101 |0|2|70228|1562|7908|882|692|2782|84054|
20190126|101 |1|1|15452|288|705|474|104|1350|18373|
20190126|101 |1|2|68065|1977|8011|1228|867|2860|83008|
20190126|190 |0|1|10716|160|544|398|74|91|11983|
20190126|190 |0|2|51124|1352|2336|784|828|2010|58434|
20190126|190 |1|1|10178|223|491|511|117|874|12394|
20190126|190 |1|2|47293|1441|2363|1187|1154|2019|55457|
20190126|253 |0|1|13997|198|564|442|162|192|15555|
20190126|253 |0|2|66475|1225|996|801|1903|3152|74552|
20190126|253 |1|1|13688|237|479|565|217|1362|16548|
20190126|253 |1|2|66423|1327|971|978|2374|3154|75227|
20190126|254 |0|1|6635|137|349|374|161|116|7772|
20190126|254 |0|2|35291|720|979|535|1563|1838|40926|
20190126|254 |1|1|7261|145|388|457|184|850|9285|
20190126|254 |1|2|34873|745|932|617|1592|1853|40612|
20190126|651 |0|1|8671|88|117|85|24|133|9118|
20190126|651 |0|2|38899|411|981|204|221|1770|42486|
20190126|651 |1|1|6705|97|198|70|15|639|7724|
20190126|651 |1|2|31250|396|982|126|214|1502|34470|
20190126|685 |0|1|4636|92|383|336|209|54|5710|
20190126|685 |0|2|20124|478|1330|519|1741|874|25066|
20190126|685 |1|1|4247|106|335|390|180|412|5670|
20190126|685 |1|2|18987|505|1216|526|1725|904|23863|
20190127|101 |0|1|15599|134|319|167|26|152|16397|
20190127|101 |0|2|65438|788|6854|560|303|2556|76499|
20190127|101 |1|1|14723|171|353|340|47|1253|16887|
20190127|101 |1|2|62977|810|7139|879|470|2573|74848|
20190127|190 |0|1|9617|108|240|181|23|63|10232|
20190127|190 |0|2|42308|728|2020|498|298|1684|47536|
20190127|190 |1|1|9669|105|189|221|40|886|11110|
20190127|190 |1|2|45020|561|1966|570|301|1651|50069|
20190127|253 |0|1|13254|109|242|145|48|138|13936|
20190127|253 |0|2|60174|584|631|377|496|2770|65032|
20190127|253 |1|1|12563|103|152|210|55|1190|14273|
20190127|253 |1|2|56259|471|622|502|503|2569|60926|
20190127|254 |0|1|6562|56|137|159|45|77|7036|
20190127|254 |0|2|31020|335|719|245|339|1532|34190|
20190127|254 |1|1|6825|59|109|130|39|730|7892|
20190127|254 |1|2|29932|256|730|240|292|1521|32971|
20190127|651 |0|1|6178|46|50|23|11|90|6398|
20190127|651 |0|2|26984|188|931|61|86|1226|29476|
20190127|651 |1|1|7595|59|111|45|8|663|8481|
20190127|651 |1|2|34772|203|869|71|81|1494|37490|
20190127|685 |0|1|4236|41|132|115|62|46|4632|
20190127|685 |0|2|17467|175|1074|204|466|787|20173|
20190127|685 |1|1|3549|35|100|118|47|317|4166|
20190127|685 |1|2|14873|188|1006|176|435|640|17318|
20190128|101 |0|1|14101|289|822|578|150|239|16179|
20190128|101 |0|2|72656|2558|8135|1451|1104|3683|89587|
20190128|101 |1|1|12571|393|805|731|185|1358|16043|
20190128|101 |1|2|68821|2882|8351|1890|1347|3579|86870|
20190128|190 |0|1|8475|312|1105|878|229|102|11101|
20190128|190 |0|2|44893|2751|2773|1864|1421|2272|55974|
20190128|190 |1|1|7807|352|784|751|219|759|10672|
20190128|190 |1|2|40988|2621|2759|1691|1617|2135|51811|
20190128|253 |0|1|12014|436|1159|864|256|259|14988|
20190128|253 |0|2|69491|2572|1892|1992|2540|3942|82429|
20190128|253 |1|1|10588|460|913|868|298|1228|14355|
20190128|253 |1|2|64251|2682|1940|2020|2991|3777|77661|
20190128|254 |0|1|5808|265|807|887|385|149|8301|
20190128|254 |0|2|35120|1714|1345|1201|3232|2277|44889|
20190128|254 |1|1|5578|268|725|727|352|695|8345|
20190128|254 |1|2|32191|1440|1108|863|2766|2137|40505|
20190128|651 |0|1|4696|104|181|134|40|106|5261|
20190128|651 |0|2|22376|599|982|284|357|1482|26080|
20190128|651 |1|1|4733|112|236|139|31|567|5818|
20190128|651 |1|2|23521|624|924|267|345|1566|27247|
20190128|685 |0|1|3637|223|830|793|429|86|5998|
20190128|685 |0|2|20013|1204|1529|1042|3490|1062|28340|
20190128|685 |1|1|2988|255|749|632|395|344|5363|
20190128|685 |1|2|17659|1308|1479|884|3143|1048|25521|
20190129|101 |0|1|13642|342|883|603|153|265|15888|
20190129|101 |0|2|69917|2692|8041|1634|1150|3454|86888|
20190129|101 |1|1|12636|415|889|882|187|1341|16350|
20190129|101 |1|2|70017|3078|8326|2199|1503|3586|88709|
20190129|190 |0|1|7969|367|1138|926|179|112|10691|
20190129|190 |0|2|42698|2881|2905|2045|1450|2194|54173|
20190129|190 |1|1|7538|389|882|1016|232|803|10860|
20190129|190 |1|2|41141|2882|2903|2305|1828|2181|53240|
20190129|253 |0|1|11482|405|1174|955|256|243|14515|
20190129|253 |0|2|67109|2711|1993|2119|2839|3852|80623|
20190129|253 |1|1|10701|436|958|1059|379|1207|14740|
20190129|253 |1|2|64255|2797|1992|2447|3480|3724|78695|
20190129|254 |0|1|5504|305|841|1038|562|146|8396|
20190129|254 |0|2|33744|1715|1322|1245|3306|2172|43504|
20190129|254 |1|1|5551|295|782|817|373|711|8529|
20190129|254 |1|2|32275|1522|1218|1029|3073|2104|41221|
20190129|651 |0|1|4334|109|218|144|51|154|5010|
20190129|651 |0|2|21622|670|957|307|367|1472|25395|
20190129|651 |1|1|4337|119|250|141|24|478|5349|
20190129|651 |1|2|22051|705|924|310|358|1510|25858|
20190129|685 |0|1|3334|253|898|887|528|81|5981|
20190129|685 |0|2|19113|1304|1611|1073|3749|1029|27879|
20190129|685 |1|1|3004|271|841|819|462|361|5758|
20190129|685 |1|2|17935|1371|1535|1019|3592|1068|26520|
20190130|101 |0|1|13679|330|868|628|149|221|15875|
20190130|101 |0|2|70558|2608|8061|1639|1125|3426|87417|
20190130|101 |1|1|12861|449|802|896|206|1304|16518|
20190130|101 |1|2|71212|3031|8278|2179|1527|3570|89797|
20190130|190 |0|1|8112|355|1134|1078|211|134|11024|
20190130|190 |0|2|43205|2787|2850|2084|1429|2143|54498|
20190130|190 |1|1|7797|374|878|1024|232|762|11067|
20190130|190 |1|2|41923|2785|2908|2315|1847|2177|53955|
20190130|253 |0|1|11339|467|1176|904|272|297|14455|
20190130|253 |0|2|67776|2744|1997|2132|2953|3901|81503|
20190130|253 |1|1|11284|485|999|1015|379|1311|15473|
20190130|253 |1|2|66070|2795|2052|2383|3572|3838|80710|
20190130|254 |0|1|5564|279|779|953|430|135|8140|
20190130|254 |0|2|33953|1698|1316|1264|3273|2177|43681|
20190130|254 |1|1|5600|259|748|798|400|579|8384|
20190130|254 |1|2|32661|1478|1108|1057|2913|2111|41328|
20190130|651 |0|1|4431|108|217|152|37|111|5056|
20190130|651 |0|2|21523|671|914|375|374|1467|25324|
20190130|651 |1|1|4405|118|244|148|38|509|5462|
20190130|651 |1|2|22428|696|912|334|349|1547|26266|
20190130|685 |0|1|3481|279|894|865|503|84|6106|
20190130|685 |0|2|19554|1262|1577|1140|3589|1141|28263|
20190130|685 |1|1|2974|281|841|766|447|305|5614|
20190130|685 |1|2|18162|1332|1505|1016|3501|1069|26585|
20190131|101 |0|1|14283|380|873|593|150|252|16531|
20190131|101 |0|2|70472|2661|7967|1479|1124|3472|87175|
20190131|101 |1|1|13000|439|883|851|188|1318|16679|
20190131|101 |1|2|70759|3017|8215|2060|1454|3629|89134|
20190131|190 |0|1|7996|241|792|686|131|86|9932|
20190131|190 |0|2|42114|2770|2844|1835|1571|2128|53262|
20190131|190 |1|1|7720|364|767|991|241|760|10843|
20190131|190 |1|2|41719|2727|2840|2150|1857|2163|53456|
20190131|253 |0|1|11650|429|1106|887|228|264|14564|
20190131|253 |0|2|67358|2661|1945|2005|2612|3970|80551|
20190131|253 |1|1|10847|431|977|944|295|1225|14719|
20190131|253 |1|2|65627|2713|2019|2349|3281|3715|79704|
20190131|254 |0|1|5538|276|818|874|370|136|8012|
20190131|254 |0|2|33617|1640|1302|1183|3073|2146|42961|
20190131|254 |1|1|5768|280|714|795|364|708|8629|
20190131|254 |1|2|33130|1519|1179|979|2696|2168|41671|
