20170101|101 |0|1|21098|132|248|99|20|288|21885|
20170101|101 |0|2|62047|678|6974|205|110|2569|72583|
20170101|101 |1|1|20958|156|429|145|36|1622|23346|
20170101|101 |1|2|62977|628|7275|325|93|2478|73776|
20170101|190 |0|1|13787|103|132|88|31|171|14312|
20170101|190 |0|2|41249|550|2089|198|108|1757|45951|
20170101|190 |1|1|14859|76|122|102|28|1138|16325|
20170101|190 |1|2|45880|419|1901|204|76|1811|50291|
20170101|253 |0|1|18800|173|131|106|33|212|19455|
20170101|253 |0|2|60762|449|500|203|195|2965|65074|
20170101|253 |1|1|18691|86|132|108|41|1557|20615|
20170101|253 |1|2|57241|385|463|157|158|2695|61099|
20170101|254 |0|1|9343|54|95|113|62|151|9818|
20170101|254 |0|2|28715|253|651|132|178|1487|31416|
20170101|254 |1|1|9624|53|92|116|44|873|10802|
20170101|254 |1|2|28317|202|627|99|106|1457|30808|
20170101|651 |0|1|7522|19|38|15|13|122|7729|
20170101|651 |0|2|22397|82|785|25|21|1060|24370|
20170101|651 |1|1|10487|24|86|52|8|872|11529|
20170101|651 |1|2|32885|98|810|16|14|1369|35192|
20170101|685 |0|1|5763|34|97|71|70|85|6120|
20170101|685 |0|2|15957|141|949|95|209|749|18100|
20170101|685 |1|1|5561|24|77|61|55|492|6270|
20170101|685 |1|2|16930|135|889|75|182|667|18878|
20170102|101 |0|1|18260|429|705|585|168|363|20510|
20170102|101 |0|2|67538|2284|8217|988|742|3396|83165|
20170102|101 |1|1|16747|478|749|743|187|1587|20491|
20170102|101 |1|2|62779|2698|8446|1234|1000|3390|79547|
20170102|190 |0|1|11442|472|823|823|209|198|13967|
20170102|190 |0|2|41524|2402|2742|1219|1069|2111|51067|
20170102|190 |1|1|11049|452|660|720|211|953|14045|
20170102|190 |1|2|39187|2312|2743|1043|1110|1981|48376|
20170102|253 |0|1|15741|635|1073|928|369|270|19016|
20170102|253 |0|2|67217|2478|1406|1339|1603|3984|78027|
20170102|253 |1|1|13755|574|834|902|427|1407|17899|
20170102|253 |1|2|57119|2343|1318|1166|1925|3513|67384|
20170102|254 |0|1|6615|210|287|382|241|172|7907|
20170102|254 |0|2|29955|1416|1102|815|2504|2002|37794|
20170102|254 |1|1|7255|419|617|642|439|816|10188|
20170102|254 |1|2|27912|1207|987|577|1925|1894|34502|
20170102|651 |0|1|5419|111|176|125|41|141|6013|
20170102|651 |0|2|18270|472|895|156|201|1227|21221|
20170102|651 |1|1|6205|129|252|155|37|586|7364|
20170102|651 |1|2|21912|529|839|173|214|1413|25080|
20170102|685 |0|1|4399|322|764|790|733|113|7121|
20170102|685 |0|2|17248|1036|1270|652|2471|1012|23689|
20170102|685 |1|1|3649|328|626|687|506|373|6169|
20170102|685 |1|2|15800|1085|1252|599|2481|991|22208|
20170103|101 |0|1|16647|536|1000|762|195|327|19467|
20170103|101 |0|2|64337|2673|8212|1268|880|3385|80755|
20170103|101 |1|1|15047|576|881|1030|266|1429|19229|
20170103|101 |1|2|60205|3114|8485|1723|1268|3232|78027|
20170103|190 |0|1|9737|539|1193|958|266|201|12894|
20170103|190 |0|2|38756|2926|2939|1511|1325|2007|49464|
20170103|190 |1|1|9447|524|891|1109|339|820|13130|
20170103|190 |1|2|36357|2800|2919|1678|1529|1947|47230|
20170103|253 |0|1|14258|744|1361|1138|431|287|18219|
20170103|253 |0|2|64229|2934|1932|1927|2315|4012|77349|
20170103|253 |1|1|12839|660|1142|1308|581|1291|17821|
20170103|253 |1|2|57471|2933|1982|2081|2843|3629|70939|
20170103|254 |0|1|6661|436|750|911|669|198|9625|
20170103|254 |0|2|29461|1530|1283|949|3106|2042|38371|
20170103|254 |1|1|7036|503|785|863|556|794|10537|
20170103|254 |1|2|29264|1436|1207|791|2689|1941|37328|
20170103|651 |0|1|5158|126|201|190|70|154|5899|
20170103|651 |0|2|17707|589|899|233|352|1257|21037|
20170103|651 |1|1|4916|164|270|171|53|543|6117|
20170103|651 |1|2|18145|625|881|198|351|1234|21434|
20170103|685 |0|1|3602|382|929|1030|1028|94|7065|
20170103|685 |0|2|15970|1188|1320|725|2868|1036|23107|
20170103|685 |1|1|3044|362|747|774|633|346|5906|
20170103|685 |1|2|14824|1174|1131|716|3036|1030|21911|
20170104|101 |0|1|16718|544|947|663|230|369|19471|
20170104|101 |0|2|64921|2641|8210|1217|939|3397|81325|
20170104|101 |1|1|15457|590|908|1028|270|1461|19714|
20170104|101 |1|2|62007|3074|8444|1730|1418|3246|79919|
20170104|190 |0|1|9702|537|1103|920|254|198|12714|
20170104|190 |0|2|38847|2863|2963|1412|1309|2024|49418|
20170104|190 |1|1|9290|543|913|1057|333|800|12936|
20170104|190 |1|2|36792|2810|2904|1583|1398|2021|47508|
20170104|253 |0|1|13717|703|1386|1059|432|233|17530|
20170104|253 |0|2|64213|3024|2013|2071|2391|4049|77761|
20170104|253 |1|1|12922|672|1064|1214|593|1315|17780|
20170104|253 |1|2|58229|2912|1964|2139|2782|3653|71679|
20170104|254 |0|1|6390|451|764|1002|910|179|9696|
20170104|254 |0|2|28766|1594|1190|864|2725|2064|37203|
20170104|254 |1|1|6798|471|743|833|583|746|10174|
20170104|254 |1|2|29344|1427|1119|746|2549|1950|37135|
20170104|651 |0|1|5071|122|199|142|49|123|5706|
20170104|651 |0|2|17489|617|904|249|425|1210|20894|
20170104|651 |1|1|4881|165|286|150|45|498|6025|
20170104|651 |1|2|17831|644|878|184|399|1314|21250|
20170104|685 |0|1|3511|389|944|1019|1063|100|7026|
20170104|685 |0|2|15635|1175|1346|743|2813|1019|22731|
20170104|685 |1|1|3275|361|751|851|610|366|6214|
20170104|685 |1|2|15527|1262|1326|805|3160|1044|23124|
20170105|101 |0|1|17482|583|911|732|234|358|20300|
20170105|101 |0|2|65790|2696|8276|1183|931|3375|82251|
20170105|101 |1|1|16144|614|940|1000|250|1478|20426|
20170105|101 |1|2|63837|3118|8533|1755|1299|3342|81884|
20170105|190 |0|1|9895|566|1130|929|281|206|13007|
20170105|190 |0|2|39398|2863|2860|1433|1278|1961|49793|
20170105|190 |1|1|9566|538|910|1052|318|822|13206|
20170105|190 |1|2|37645|2870|2906|1535|1419|1900|48275|
20170105|253 |0|1|13966|731|1385|1156|430|261|17929|
20170105|253 |0|2|65645|2950|2053|2120|2469|4166|79403|
20170105|253 |1|1|13378|693|1156|1270|590|1379|18466|
20170105|253 |1|2|60282|2928|2003|2185|2998|3805|74201|
20170105|254 |0|1|6712|452|755|939|682|188|9728|
20170105|254 |0|2|29755|1570|1303|910|3120|2062|38720|
20170105|254 |1|1|7008|457|731|857|613|803|10469|
20170105|254 |1|2|29817|1440|1213|755|2565|2071|37861|
20170105|651 |0|1|4679|142|228|194|219|149|5611|
20170105|651 |0|2|18297|576|872|204|454|1219|21622|
20170105|651 |1|1|4973|179|306|170|127|510|6265|
20170105|651 |1|2|18034|612|863|165|507|1254|21435|
20170105|685 |0|1|3525|366|855|962|1148|103|6959|
20170105|685 |0|2|15822|1186|1297|684|2880|970|22839|
20170105|685 |1|1|3398|380|764|828|741|354|6465|
20170105|685 |1|2|15567|1215|1309|761|3108|988|22948|
20170106|101 |0|1|19088|562|978|666|211|367|21872|
20170106|101 |0|2|70359|2673|8943|1163|918|3515|87571|
20170106|101 |1|1|18004|605|1017|992|251|1580|22449|
20170106|101 |1|2|69471|3025|9265|1629|1340|3728|88458|
20170106|190 |0|1|11801|535|1026|874|276|232|14744|
20170106|190 |0|2|47039|2811|3044|1369|1258|2324|57845|
20170106|190 |1|1|10880|578|895|995|288|957|14593|
20170106|190 |1|2|42877|2776|2896|1517|1343|2196|53605|
20170106|253 |0|1|15696|757|1296|1097|415|272|19533|
20170106|253 |0|2|69743|2967|2012|2121|2477|4278|83598|
20170106|253 |1|1|14827|745|1103|1227|563|1532|19997|
20170106|253 |1|2|65142|2933|1977|2147|3030|4003|79232|
20170106|254 |0|1|7217|474|804|1001|1010|211|10717|
20170106|254 |0|2|31017|1498|1171|840|2836|2149|39511|
20170106|254 |1|1|7458|496|746|890|669|885|11144|
20170106|254 |1|2|30983|1413|1122|776|2500|2131|38925|
20170106|651 |0|1|6800|143|208|158|76|137|7522|
20170106|651 |0|2|24072|587|947|212|456|1519|27793|
20170106|651 |1|1|5541|170|290|155|54|592|6802|
20170106|651 |1|2|20270|615|950|196|436|1406|23873|
20170106|685 |0|1|4096|380|942|1008|1196|107|7729|
20170106|685 |0|2|17558|1131|1332|720|2829|1100|24670|
20170106|685 |1|1|4040|359|781|836|700|440|7156|
20170106|685 |1|2|17710|1219|1253|773|3190|1160|25305|
20170107|101 |0|1|22276|345|661|344|127|305|24058|
20170107|101 |0|2|69044|1619|8703|552|509|2894|83321|
20170107|101 |1|1|20945|455|782|604|148|1732|24666|
20170107|101 |1|2|66699|2010|8890|1028|691|2825|82143|
20170107|190 |0|1|15328|322|521|409|161|205|16946|
20170107|190 |0|2|50945|1420|2638|577|759|2009|58348|
20170107|190 |1|1|13622|285|488|579|178|1083|16235|
20170107|190 |1|2|45065|1507|2610|942|883|1913|52920|
20170107|253 |0|1|19004|422|639|508|213|244|21030|
20170107|253 |0|2|66945|1422|1015|724|1566|3357|75029|
20170107|253 |1|1|17854|338|556|693|339|1636|21416|
20170107|253 |1|2|62958|1518|1022|964|2067|3343|71872|
20170107|254 |0|1|8919|214|340|418|328|203|10422|
20170107|254 |0|2|31083|743|896|421|1761|1770|36674|
20170107|254 |1|1|9563|267|372|419|313|985|11919|
20170107|254 |1|2|31841|764|910|471|1442|1798|37226|
20170107|651 |0|1|10017|99|121|111|47|197|10592|
20170107|651 |0|2|31784|353|903|148|272|1473|34933|
20170107|651 |1|1|7583|116|192|91|35|691|8708|
20170107|651 |1|2|25362|393|962|99|228|1313|28357|
20170107|685 |0|1|5723|147|403|442|440|117|7272|
20170107|685 |0|2|18543|527|1212|387|1741|885|23295|
20170107|685 |1|1|5276|173|415|441|421|517|7243|
20170107|685 |1|2|17717|531|1102|432|2141|910|22833|
20170108|101 |0|1|20552|165|272|161|56|262|21468|
20170108|101 |0|2|61876|764|7095|308|284|2682|73009|
20170108|101 |1|1|20273|221|417|283|67|1557|22818|
20170108|101 |1|2|62471|807|7325|547|362|2630|74142|
20170108|190 |0|1|12288|116|271|173|61|158|13067|
20170108|190 |0|2|39464|645|2382|338|201|1655|44685|
20170108|190 |1|1|13587|122|207|244|71|1032|15263|
20170108|190 |1|2|43471|542|2173|408|253|1690|48537|
20170108|253 |0|1|17317|223|214|178|72|184|18188|
20170108|253 |0|2|59816|622|772|350|478|2926|64964|
20170108|253 |1|1|16811|130|179|227|81|1456|18884|
20170108|253 |1|2|54350|487|677|316|480|2605|58915|
20170108|254 |0|1|8426|87|129|183|85|136|9046|
20170108|254 |0|2|27319|344|767|173|349|1453|30405|
20170108|254 |1|1|8840|99|144|143|69|828|10123|
20170108|254 |1|2|27437|264|749|133|280|1492|30355|
20170108|651 |0|1|6721|47|41|21|10|124|6964|
20170108|651 |0|2|20752|107|846|34|40|1005|22784|
20170108|651 |1|1|9092|67|84|38|10|760|10051|
20170108|651 |1|2|29620|156|866|31|36|1310|32019|
20170108|685 |0|1|5012|52|158|152|104|87|5565|
20170108|685 |0|2|14974|191|1078|164|544|704|17655|
20170108|685 |1|1|4811|57|126|133|98|427|5652|
20170108|685 |1|2|14983|190|1041|164|554|613|17545|
20170109|101 |0|1|18054|468|850|679|200|399|20650|
20170109|101 |0|2|69555|2485|8364|1096|820|3619|85939|
20170109|101 |1|1|16096|535|867|779|196|1498|19971|
20170109|101 |1|2|63652|2896|8606|1348|1099|3414|81015|
20170109|190 |0|1|10676|516|1087|948|269|228|13724|
20170109|190 |0|2|42201|2657|2896|1413|1275|2193|52635|
20170109|190 |1|1|9831|497|832|864|235|883|13142|
20170109|190 |1|2|37772|2636|2858|1220|1297|1996|47779|
20170109|253 |0|1|15387|698|1353|1100|409|293|19240|
20170109|253 |0|2|68736|2772|1891|1948|2249|4166|81762|
20170109|253 |1|1|13218|642|1038|1090|536|1343|17867|
20170109|253 |1|2|58442|2646|1880|1750|2748|3749|71215|
20170109|254 |0|1|6998|414|748|915|696|207|9978|
20170109|254 |0|2|30979|1496|1233|904|3171|2125|39908|
20170109|254 |1|1|7157|428|652|780|634|832|10483|
20170109|254 |1|2|29732|1364|1103|625|2267|2017|37108|
20170109|651 |0|1|5390|129|208|139|34|147|6047|
20170109|651 |0|2|18737|535|948|195|286|1245|21946|
20170109|651 |1|1|5474|170|253|151|46|523|6617|
20170109|651 |1|2|19641|601|899|180|309|1326|22956|
20170109|685 |0|1|4034|336|876|882|792|108|7028|
20170109|685 |0|2|16824|1166|1376|748|2799|1034|23947|
20170109|685 |1|1|3499|366|755|728|584|381|6313|
20170109|685 |1|2|16061|1232|1386|673|2949|1073|23374|
20170110|101 |0|1|17192|555|930|765|220|371|20033|
20170110|101 |0|2|65683|2733|8315|1286|926|3458|82401|
20170110|101 |1|1|15722|594|975|1064|253|1456|20064|
20170110|101 |1|2|62142|3142|8603|1731|1338|3377|80333|
20170110|190 |0|1|9921|530|1153|1012|255|232|13103|
20170110|190 |0|2|39405|2868|2951|1480|1440|2098|50242|
20170110|190 |1|1|9308|560|956|1118|322|877|13141|
20170110|190 |1|2|37173|2826|2893|1664|1652|2023|48231|
20170110|253 |0|1|13953|744|1432|1142|459|265|17995|
20170110|253 |0|2|65175|3023|2171|2137|2577|4082|79165|
20170110|253 |1|1|13005|699|1176|1361|614|1352|18207|
20170110|253 |1|2|58590|2943|1963|2262|3089|3709|72556|
20170110|254 |0|1|6664|455|760|910|690|210|9689|
20170110|254 |0|2|29780|1620|1292|976|3428|2088|39184|
20170110|254 |1|1|7091|471|763|917|580|790|10612|
20170110|254 |1|2|29641|1490|1223|788|2682|2073|37897|
20170110|651 |0|1|5000|136|198|144|79|143|5700|
20170110|651 |0|2|17110|590|878|241|384|1267|20470|
20170110|651 |1|1|5009|165|287|143|69|536|6209|
20170110|651 |1|2|17779|628|878|207|382|1280|21154|
20170110|685 |0|1|3423|367|938|962|990|103|6783|
20170110|685 |0|2|16011|1211|1370|721|2898|997|23208|
20170110|685 |1|1|3326|356|843|810|635|349|6319|
20170110|685 |1|2|15329|1284|1359|757|3195|1044|22968|
20170111|101 |0|1|16988|495|890|709|208|331|19621|
20170111|101 |0|2|65715|2592|8335|1221|895|3480|82238|
20170111|101 |1|1|15842|552|939|1010|246|1503|20092|
20170111|101 |1|2|62852|3024|8558|1671|1287|3430|80822|
20170111|190 |0|1|9622|514|1027|937|280|212|12592|
20170111|190 |0|2|38968|2814|2916|1441|1340|2077|49556|
20170111|190 |1|1|9591|520|915|1014|314|882|13236|
20170111|190 |1|2|37413|2788|2873|1643|1505|1958|48180|
20170111|253 |0|1|14068|731|1444|1108|447|256|18054|
20170111|253 |0|2|64771|2933|2022|2036|2450|4137|78349|
20170111|253 |1|1|13020|664|1146|1164|611|1390|17995|
20170111|253 |1|2|59010|2881|1991|2125|2948|3909|72864|
20170111|254 |0|1|6652|451|703|873|648|210|9537|
20170111|254 |0|2|29794|1542|1273|919|3115|2093|38736|
20170111|254 |1|1|7043|465|744|852|608|812|10524|
20170111|254 |1|2|29912|1368|1202|773|2622|1998|37875|
20170111|651 |0|1|4945|132|210|132|40|119|5578|
20170111|651 |0|2|17330|564|910|232|410|1257|20703|
20170111|651 |1|1|4907|154|275|149|44|509|6038|
20170111|651 |1|2|17572|595|885|195|419|1285|20951|
20170111|685 |0|1|3540|360|875|973|1010|112|6870|
20170111|685 |0|2|15719|1174|1328|709|3016|1029|22975|
20170111|685 |1|1|3394|356|748|819|598|341|6256|
20170111|685 |1|2|15462|1217|1297|806|3137|1017|22936|
20170112|101 |0|1|16771|555|870|736|205|354|19491|
20170112|101 |0|2|63793|2625|8223|1255|880|3152|79928|
20170112|101 |1|1|15609|562|908|1026|265|1336|19706|
20170112|101 |1|2|62189|3073|8623|1710|1278|3120|79993|
20170112|190 |0|1|9927|537|1113|902|299|196|12974|
20170112|190 |0|2|40096|2807|3097|1444|1312|2021|50777|
20170112|190 |1|1|9593|585|907|1010|326|822|13243|
20170112|190 |1|2|37723|2792|2919|1660|1335|1998|48427|
20170112|253 |0|1|13807|737|1330|1049|464|288|17675|
20170112|253 |0|2|63946|2926|2085|2019|2396|4018|77390|
20170112|253 |1|1|13063|692|1094|1233|578|1333|17993|
20170112|253 |1|2|58512|2911|1916|2101|3018|3720|72178|
20170112|254 |0|1|6529|412|780|921|789|209|9640|
20170112|254 |0|2|28701|1553|1226|905|2898|1954|37237|
20170112|254 |1|1|7134|452|765|924|596|754|10625|
20170112|254 |1|2|30060|1464|1156|803|2485|2030|37998|
20170112|651 |0|1|5164|133|199|155|162|130|5943|
20170112|651 |0|2|18344|593|913|227|439|1244|21760|
20170112|651 |1|1|4903|168|264|148|144|520|6147|
20170112|651 |1|2|18060|612|903|201|423|1254|21453|
20170112|685 |0|1|3460|358|868|934|938|106|6664|
20170112|685 |0|2|15544|1164|1322|717|2899|1028|22674|
20170112|685 |1|1|3299|382|739|768|675|346|6209|
20170112|685 |1|2|15519|1226|1240|708|3071|1001|22765|
20170113|101 |0|1|17820|547|871|742|216|345|20541|
20170113|101 |0|2|63260|2540|8998|1156|860|3139|79953|
20170113|101 |1|1|16551|578|990|988|268|1567|20942|
20170113|101 |1|2|63812|3042|9369|1683|1303|3304|82513|
20170113|190 |0|1|11115|515|1069|899|268|196|14062|
20170113|190 |0|2|44961|2785|3098|1361|1309|2187|55701|
20170113|190 |1|1|11253|525|922|959|287|976|14922|
20170113|190 |1|2|42626|2754|3002|1507|1365|2251|53505|
20170113|253 |0|1|14727|701|1400|1031|415|272|18546|
20170113|253 |0|2|67194|2938|2056|2040|2292|4054|80574|
20170113|253 |1|1|14153|713|1147|1219|535|1441|19208|
20170113|253 |1|2|63057|2849|1939|2011|2897|3854|76607|
20170113|254 |0|1|6622|438|740|913|858|186|9757|
20170113|254 |0|2|30276|1491|1244|812|2665|2055|38543|
20170113|254 |1|1|7430|440|699|915|565|837|10886|
20170113|254 |1|2|31139|1453|1175|794|2454|2125|39140|
20170113|651 |0|1|6668|144|223|155|144|127|7461|
20170113|651 |0|2|23433|589|991|221|489|1470|27193|
20170113|651 |1|1|5436|170|285|153|114|567|6725|
20170113|651 |1|2|19335|617|972|216|512|1297|22949|
20170113|685 |0|1|3828|348|880|879|950|103|6988|
20170113|685 |0|2|16792|1160|1411|705|2833|1043|23944|
20170113|685 |1|1|4039|366|781|798|624|415|7023|
20170113|685 |1|2|17712|1226|1332|785|3010|1080|25145|
20170114|101 |0|1|20927|327|582|319|120|300|22575|
20170114|101 |0|2|65185|1637|8716|620|485|2763|79406|
20170114|101 |1|1|19397|406|751|591|128|1567|22840|
20170114|101 |1|2|60578|2053|8895|979|690|2729|75924|
20170114|190 |0|1|14155|293|551|357|140|193|15689|
20170114|190 |0|2|47372|1428|2711|547|604|1924|54586|
20170114|190 |1|1|12969|287|470|548|168|1118|15560|
20170114|190 |1|2|42683|1496|2695|877|742|1844|50337|
20170114|253 |0|1|17813|428|642|491|221|229|19824|
20170114|253 |0|2|64326|1369|1269|945|1354|3418|72681|
20170114|253 |1|1|17002|334|587|685|278|1577|20463|
20170114|253 |1|2|59057|1431|1240|1140|1721|3270|67859|
20170114|254 |0|1|8598|208|369|420|296|169|10060|
20170114|254 |0|2|31092|724|958|432|1626|1807|36639|
20170114|254 |1|1|9120|243|407|466|331|920|11487|
20170114|254 |1|2|30609|742|935|494|1413|1742|35935|
20170114|651 |0|1|9880|88|118|95|55|192|10428|
20170114|651 |0|2|30646|320|909|157|326|1427|33785|
20170114|651 |1|1|7310|108|195|86|47|668|8414|
20170114|651 |1|2|23962|371|964|106|308|1271|26982|
20170114|685 |0|1|4972|161|414|407|368|92|6414|
20170114|685 |0|2|16432|538|1220|372|1601|831|20994|
20170114|685 |1|1|4706|176|407|403|336|430|6458|
20170114|685 |1|2|16543|554|1118|434|1850|863|21362|
20170115|101 |0|1|19265|156|300|198|48|246|20213|
20170115|101 |0|2|58120|826|7311|310|250|2539|69356|
20170115|101 |1|1|19034|220|502|318|64|1512|21650|
20170115|101 |1|2|57914|912|7388|581|357|2511|69663|
20170115|190 |0|1|11912|149|238|178|37|151|12665|
20170115|190 |0|2|37768|735|2526|359|207|1616|43211|
20170115|190 |1|1|12644|149|216|246|43|973|14271|
20170115|190 |1|2|40306|608|2385|388|195|1624|45506|
20170115|253 |0|1|16510|230|221|198|65|193|17417|
20170115|253 |0|2|57299|600|836|368|499|3007|62609|
20170115|253 |1|1|15949|126|219|214|69|1464|18041|
20170115|253 |1|2|51609|530|702|324|456|2661|56282|
20170115|254 |0|1|8006|89|159|104|90|153|8601|
20170115|254 |0|2|26481|359|781|163|329|1413|29526|
20170115|254 |1|1|8360|93|126|162|59|797|9597|
20170115|254 |1|2|25859|273|798|153|258|1327|28668|
20170115|651 |0|1|6443|56|70|26|12|121|6728|
20170115|651 |0|2|19956|117|826|50|72|1033|22054|
20170115|651 |1|1|8748|67|96|52|11|805|9779|
20170115|651 |1|2|27991|155|828|46|46|1230|30296|
20170115|685 |0|1|4747|62|122|114|133|65|5243|
20170115|685 |0|2|14184|198|1094|161|450|678|16765|
20170115|685 |1|1|4135|55|112|104|137|407|4950|
20170115|685 |1|2|13037|211|1036|143|432|644|15503|
20170116|101 |0|1|17832|525|850|648|211|383|20449|
20170116|101 |0|2|68712|2455|8326|1135|772|3480|84880|
20170116|101 |1|1|15847|554|1010|824|247|1548|20030|
20170116|101 |1|2|62820|2944|8571|1375|1083|3369|80162|
20170116|190 |0|1|11047|478|1070|927|233|243|13998|
20170116|190 |0|2|43264|2786|2894|1412|1151|2245|53752|
20170116|190 |1|1|9871|477|818|837|215|869|13087|
20170116|190 |1|2|37766|2611|2825|1222|1211|2013|47648|
20170116|253 |0|1|15593|727|1363|1049|371|271|19374|
20170116|253 |0|2|69257|2923|2026|1954|2356|4317|82833|
20170116|253 |1|1|13172|650|1030|1055|543|1482|17932|
20170116|253 |1|2|58351|2817|1862|1805|2670|3718|71223|
20170116|254 |0|1|7072|415|724|853|606|203|9873|
20170116|254 |0|2|30954|1521|1245|828|3039|2131|39718|
20170116|254 |1|1|7163|405|663|750|502|811|10294|
20170116|254 |1|2|29262|1354|1099|652|2365|2036|36768|
20170116|651 |0|1|5470|114|219|138|79|136|6156|
20170116|651 |0|2|18575|597|907|197|438|1274|21988|
20170116|651 |1|1|5606|159|269|180|69|566|6849|
20170116|651 |1|2|19647|618|869|180|434|1374|23122|
20170116|685 |0|1|4188|364|856|914|925|108|7355|
20170116|685 |0|2|17398|1172|1349|715|2724|1032|24390|
20170116|685 |1|1|3496|354|724|772|641|366|6353|
20170116|685 |1|2|15962|1215|1345|653|2789|1042|23006|
20170117|101 |0|1|17548|598|1004|782|212|375|20519|
20170117|101 |0|2|66825|2764|8447|1315|999|3468|83818|
20170117|101 |1|1|15875|607|946|1076|265|1557|20326|
20170117|101 |1|2|63231|3219|8695|1817|1418|3420|81800|
20170117|190 |0|1|10107|544|1165|1010|325|208|13359|
20170117|190 |0|2|40887|2998|2987|1595|1466|2124|52057|
20170117|190 |1|1|9784|520|983|1131|353|862|13633|
20170117|190 |1|2|38704|2862|2917|1765|1502|2013|49763|
20170117|253 |0|1|14292|756|1432|1115|422|252|18269|
20170117|253 |0|2|65457|2967|2143|2145|2392|4167|79271|
20170117|253 |1|1|13132|711|1154|1348|601|1427|18373|
20170117|253 |1|2|58524|2917|1988|2191|2982|3719|72321|
20170117|254 |0|1|6632|418|748|921|739|216|9674|
20170117|254 |0|2|30467|1601|1315|946|3348|2029|39706|
20170117|254 |1|1|6859|454|743|957|655|790|10458|
20170117|254 |1|2|29225|1443|1140|780|2712|2007|37307|
20170117|651 |0|1|5128|139|219|164|59|138|5847|
20170117|651 |0|2|18012|583|883|234|634|1237|21583|
20170117|651 |1|1|5128|161|329|172|73|512|6375|
20170117|651 |1|2|18398|605|855|220|608|1305|21991|
20170117|685 |0|1|3556|411|941|1015|946|108|6977|
20170117|685 |0|2|16364|1192|1310|781|2881|985|23513|
20170117|685 |1|1|3419|378|777|834|681|349|6438|
20170117|685 |1|2|15795|1254|1335|839|3004|1017|23244|
20170118|101 |0|1|18052|583|982|814|210|412|21053|
20170118|101 |0|2|66329|2763|8479|1295|831|3318|83015|
20170118|101 |1|1|16378|623|1035|1085|266|1538|20925|
20170118|101 |1|2|64261|3277|8707|1802|1253|3295|82595|
20170118|190 |0|1|10478|538|1125|992|262|208|13603|
20170118|190 |0|2|41347|2884|3085|1569|1346|2128|52359|
20170118|190 |1|1|9977|567|1009|1165|342|926|13986|
20170118|190 |1|2|38784|2842|2989|1690|1430|2027|49762|
20170118|253 |0|1|13983|755|1406|1189|429|297|18059|
20170118|253 |0|2|64989|3053|2064|2098|2360|4145|78709|
20170118|253 |1|1|13192|761|1144|1372|586|1381|18436|
20170118|253 |1|2|59748|2994|2041|2277|3043|3879|73982|
20170118|254 |0|1|6902|455|780|975|735|189|10036|
20170118|254 |0|2|30465|1706|1339|1052|3421|2179|40162|
20170118|254 |1|1|7146|516|782|942|627|792|10805|
20170118|254 |1|2|30529|1519|1215|836|2757|2138|38994|
20170118|651 |0|1|5319|165|232|137|92|145|6090|
20170118|651 |0|2|18039|587|922|221|542|1300|21611|
20170118|651 |1|1|5239|177|298|165|58|559|6496|
20170118|651 |1|2|18597|631|913|223|508|1294|22166|
20170118|685 |0|1|3455|333|803|873|861|84|6409|
20170118|685 |0|2|15381|1044|1181|693|2696|994|21989|
20170118|685 |1|1|3369|366|737|739|619|363|6193|
20170118|685 |1|2|15392|1189|1189|747|2766|1040|22323|
20170119|101 |0|1|17815|581|1002|765|232|369|20764|
20170119|101 |0|2|68158|2779|8504|1286|876|3502|85105|
20170119|101 |1|1|16872|638|1062|1199|291|1582|21644|
20170119|101 |1|2|65348|3305|8834|1899|1415|3353|84154|
20170119|190 |0|1|10566|610|1172|1082|315|206|13951|
20170119|190 |0|2|42186|2948|3026|1712|1474|2197|53543|
20170119|190 |1|1|9720|579|979|1179|343|850|13650|
20170119|190 |1|2|37497|2770|2839|1866|1538|2000|48510|
20170119|253 |0|1|14008|807|1427|1251|417|263|18173|
20170119|253 |0|2|66932|3114|2224|2251|2528|4184|81233|
20170119|253 |1|1|13820|767|1217|1432|655|1386|19277|
20170119|253 |1|2|60836|2979|2111|2351|3174|3870|75321|
20170119|254 |0|1|6693|427|764|927|673|232|9716|
20170119|254 |0|2|29734|1599|1241|957|3265|2100|38896|
20170119|254 |1|1|7252|501|749|970|621|801|10894|
20170119|254 |1|2|30436|1492|1189|842|2727|2113|38799|
20170119|651 |0|1|5590|146|226|157|56|157|6332|
20170119|651 |0|2|18973|602|950|260|470|1251|22506|
20170119|651 |1|1|5451|187|334|159|60|560|6751|
20170119|651 |1|2|19213|622|922|215|455|1319|22746|
20170119|685 |0|1|3791|375|948|1039|1035|110|7298|
20170119|685 |0|2|16885|1278|1347|785|2966|1068|24329|
20170119|685 |1|1|3508|398|795|776|666|367|6510|
20170119|685 |1|2|15667|1297|1240|823|3002|1001|23030|
20170120|101 |0|1|15049|505|846|718|185|283|17586|
20170120|101 |0|2|58773|2618|8983|1228|717|2885|75204|
20170120|101 |1|1|14971|542|1009|952|195|1409|19078|
20170120|101 |1|2|60636|3028|9174|1621|1000|3100|78559|
20170120|190 |0|1|8325|456|893|807|214|146|10841|
20170120|190 |0|2|35990|2576|2936|1397|1000|1773|45672|
20170120|190 |1|1|8600|483|774|949|225|762|11793|
20170120|190 |1|2|36191|2569|2902|1511|1034|1809|46016|
20170120|253 |0|1|8510|586|1231|977|349|153|11806|
20170120|253 |0|2|54680|2624|1897|1905|1956|3172|66234|
20170120|253 |1|1|12056|637|953|1202|477|1185|16510|
20170120|253 |1|2|54496|2578|1801|1975|2155|3124|66129|
20170120|254 |0|1|5583|408|654|749|569|147|8110|
20170120|254 |0|2|25858|1423|1219|827|2493|1661|33481|
20170120|254 |1|1|6230|450|665|810|549|652|9356|
20170120|254 |1|2|26783|1307|1132|758|2141|1687|33808|
20170120|651 |0|1|5462|117|212|140|45|125|6101|
20170120|651 |0|2|19756|545|940|222|256|1156|22875|
20170120|651 |1|1|4332|145|307|147|49|424|5404|
20170120|651 |1|2|16143|580|894|192|244|1114|19167|
20170120|685 |0|1|2893|289|746|753|657|89|5427|
20170120|685 |0|2|13813|983|1331|695|2262|805|19889|
20170120|685 |1|1|3112|304|674|727|565|331|5713|
20170120|685 |1|2|15069|1066|1199|689|2265|935|21223|
20170121|101 |0|1|18206|394|651|350|141|247|19989|
20170121|101 |0|2|58641|1730|8525|668|562|2601|72727|
20170121|101 |1|1|17641|422|899|670|170|1427|21229|
20170121|101 |1|2|58194|2148|8731|1104|793|2631|73601|
20170121|190 |0|1|11540|318|549|413|148|157|13125|
20170121|190 |0|2|40821|1521|2726|609|814|1760|48251|
20170121|190 |1|1|10887|309|501|599|191|806|13293|
20170121|190 |1|2|38754|1629|2688|969|929|1726|46695|
20170121|253 |0|1|14531|423|696|490|240|178|16558|
20170121|253 |0|2|55570|1566|1227|1043|1454|2898|63758|
20170121|253 |1|1|14156|369|586|758|319|1322|17510|
20170121|253 |1|2|51855|1517|1205|1173|1854|2755|60359|
20170121|254 |0|1|7048|231|410|443|347|146|8625|
20170121|254 |0|2|26456|802|985|426|1813|1505|31987|
20170121|254 |1|1|7378|285|431|482|318|677|9571|
20170121|254 |1|2|26568|808|921|486|1556|1493|31832|
20170121|651 |0|1|8631|104|155|100|35|157|9182|
20170121|651 |0|2|27542|384|941|153|230|1277|30527|
20170121|651 |1|1|6409|115|221|88|27|582|7442|
20170121|651 |1|2|21858|436|982|105|207|1048|24636|
20170121|685 |0|1|3768|214|426|406|388|63|5265|
20170121|685 |0|2|13701|540|1182|413|1744|675|18255|
20170121|685 |1|1|3895|190|417|475|327|359|5663|
20170121|685 |1|2|14168|573|1089|430|1883|738|18881|
20170122|101 |0|1|15723|174|331|226|55|217|16726|
20170122|101 |0|2|52741|817|6958|396|304|2259|63475|
20170122|101 |1|1|15153|207|556|334|77|1181|17508|
20170122|101 |1|2|48638|902|6907|677|426|2028|59578|
20170122|190 |0|1|9174|143|220|195|47|95|9874|
20170122|190 |0|2|31483|745|2227|435|228|1308|36426|
20170122|190 |1|1|9816|147|202|253|45|731|11194|
20170122|190 |1|2|33574|626|2151|446|223|1378|38398|
20170122|253 |0|1|13009|185|265|215|69|132|13875|
20170122|253 |0|2|49633|632|667|432|534|2536|54434|
20170122|253 |1|1|12475|166|224|249|95|1148|14357|
20170122|253 |1|2|42822|499|602|382|501|2130|46936|
20170122|254 |0|1|6476|94|152|162|83|121|7088|
20170122|254 |0|2|23093|350|756|165|364|1162|25890|
20170122|254 |1|1|6774|100|141|162|61|644|7882|
20170122|254 |1|2|22566|289|705|146|244|1185|25135|
20170122|651 |0|1|5261|45|94|34|8|104|5546|
20170122|651 |0|2|17161|155|811|44|47|828|19046|
20170122|651 |1|1|7498|63|136|48|5|623|8373|
20170122|651 |1|2|25313|197|793|37|40|1078|27458|
20170122|685 |0|1|3189|123|145|151|100|45|3753|
20170122|685 |0|2|11523|174|1012|186|479|593|13967|
20170122|685 |1|1|2908|49|105|121|107|274|3564|
20170122|685 |1|2|9883|182|917|154|442|477|12055|
20170123|101 |0|1|16755|525|840|646|211|342|19319|
20170123|101 |0|2|67032|2570|8243|1114|757|3335|83051|
20170123|101 |1|1|14746|554|902|814|213|1437|18666|
20170123|101 |1|2|59989|2927|8480|1471|1103|3159|77129|
20170123|190 |0|1|10175|583|1090|916|294|203|13261|
20170123|190 |0|2|43048|2793|2869|1471|1252|2358|53791|
20170123|190 |1|1|9379|533|832|825|295|815|12679|
20170123|190 |1|2|37199|2639|2789|1298|1260|2039|47224|
20170123|253 |0|1|14018|694|1306|1076|384|270|17748|
20170123|253 |0|2|68930|2971|1946|1999|2164|4316|82326|
20170123|253 |1|1|13004|651|1055|1104|552|1409|17775|
20170123|253 |1|2|59227|2875|1857|1872|2613|3812|72256|
20170123|254 |0|1|6815|434|776|922|696|201|9844|
20170123|254 |0|2|31096|1624|1325|932|3389|2053|40419|
20170123|254 |1|1|6794|477|768|836|573|809|10257|
20170123|254 |1|2|29059|1441|1181|690|2631|1976|36978|
20170123|651 |0|1|4835|125|202|112|59|142|5475|
20170123|651 |0|2|17649|567|912|235|336|1220|20919|
20170123|651 |1|1|5012|148|291|152|54|509|6166|
20170123|651 |1|2|18896|622|862|207|326|1369|22282|
20170123|685 |0|1|3759|333|807|796|715|99|6509|
20170123|685 |0|2|16683|1077|1134|723|2623|981|23221|
20170123|685 |1|1|2974|314|665|655|582|334|5524|
20170123|685 |1|2|14172|1141|1096|613|2453|935|20410|
20170124|101 |0|1|17100|574|888|758|205|417|19942|
20170124|101 |0|2|65536|2737|8189|1256|841|3367|81926|
20170124|101 |1|1|15194|589|1017|1095|255|1476|19626|
20170124|101 |1|2|61483|3200|8542|1754|1298|3216|79493|
20170124|190 |0|1|10029|564|1118|1019|307|216|13253|
20170124|190 |0|2|41732|2939|3046|1602|1348|2213|52880|
20170124|190 |1|1|9471|544|937|1126|342|797|13217|
20170124|190 |1|2|38148|2792|2904|1755|1384|1973|48956|
20170124|253 |0|1|14671|718|1438|1110|449|289|18675|
20170124|253 |0|2|67418|3061|1957|2171|2540|4165|81312|
20170124|253 |1|1|13511|747|1193|1328|683|1371|18833|
20170124|253 |1|2|60358|2989|1969|2161|3089|3832|74398|
20170124|254 |0|1|6727|443|817|973|827|202|9989|
20170124|254 |0|2|30687|1649|1323|1042|3394|2066|40161|
20170124|254 |1|1|7045|451|792|997|703|765|10753|
20170124|254 |1|2|29520|1457|1120|823|2730|2016|37666|
20170124|651 |0|1|4474|139|202|158|59|168|5200|
20170124|651 |0|2|17118|592|871|272|553|1269|20675|
20170124|651 |1|1|4635|154|296|185|71|563|5904|
20170124|651 |1|2|17969|658|891|241|527|1316|21602|
20170124|685 |0|1|3564|407|895|983|1175|86|7110|
20170124|685 |0|2|16265|1181|1200|810|2728|1022|23206|
20170124|685 |1|1|3334|399|731|832|718|351|6365|
20170124|685 |1|2|15287|1167|1123|719|2802|967|22065|
20170125|101 |0|1|18070|588|863|686|235|403|20845|
20170125|101 |0|2|68893|2630|8483|1143|838|3510|85497|
20170125|101 |1|1|16041|628|903|998|285|1443|20298|
20170125|101 |1|2|63075|3093|8746|1737|1290|3275|81216|
20170125|190 |0|1|11670|568|1011|884|328|249|14710|
20170125|190 |0|2|45775|2924|2923|1392|1314|2363|56691|
20170125|190 |1|1|10527|547|893|1054|347|879|14247|
20170125|190 |1|2|40036|2824|2860|1630|1371|2137|50858|
20170125|253 |0|1|15466|768|1199|1056|412|304|19205|
20170125|253 |0|2|70001|2975|1917|1824|2441|4235|83393|
20170125|253 |1|1|14653|679|1096|1271|610|1530|19839|
20170125|253 |1|2|63966|2973|1930|2052|3005|3972|77898|
20170125|254 |0|1|7424|449|800|921|735|208|10537|
20170125|254 |0|2|32289|1706|1278|958|3366|2269|41866|
20170125|254 |1|1|7606|519|823|985|622|820|11375|
20170125|254 |1|2|31540|1559|1152|884|2746|2138|40019|
20170125|651 |0|1|4942|139|220|177|66|146|5690|
20170125|651 |0|2|17783|652|852|268|701|1238|21494|
20170125|651 |1|1|5088|175|285|173|63|527|6311|
20170125|651 |1|2|18616|664|896|258|633|1314|22381|
20170125|685 |0|1|3952|375|841|919|1013|107|7207|
20170125|685 |0|2|17198|1175|1261|772|2960|1067|24433|
20170125|685 |1|1|3740|377|724|814|626|392|6673|
20170125|685 |1|2|15831|1160|1175|758|3115|1047|23086|
20170126|101 |0|1|23723|396|585|385|146|350|25585|
20170126|101 |0|2|74328|1935|10692|674|528|3104|91261|
20170126|101 |1|1|17753|472|832|735|170|1651|21613|
20170126|101 |1|2|63511|2572|9744|1216|880|3341|81264|
20170126|190 |0|1|18245|357|685|469|194|282|20232|
20170126|190 |0|2|63617|1978|2231|704|691|2366|71587|
20170126|190 |1|1|12298|347|625|679|203|1121|15273|
20170126|190 |1|2|42796|2075|2605|1034|842|2196|51548|
20170126|253 |0|1|20745|556|763|563|273|261|23161|
20170126|253 |0|2|78191|1855|1236|976|1558|3926|87742|
20170126|253 |1|1|16683|474|712|814|395|1717|20795|
20170126|253 |1|2|65192|2097|1385|1134|2128|3923|75859|
20170126|254 |0|1|9279|328|575|602|483|221|11488|
20170126|254 |0|2|36030|1217|1204|677|2340|2118|43586|
20170126|254 |1|1|8375|387|568|737|448|925|11440|
20170126|254 |1|2|31003|1145|1026|686|1967|1977|37804|
20170126|651 |0|1|7631|119|166|94|56|198|8264|
20170126|651 |0|2|26286|472|1000|205|372|1512|29847|
20170126|651 |1|1|5291|156|233|129|33|587|6429|
20170126|651 |1|2|18102|523|876|179|298|1338|21316|
20170126|685 |0|1|6696|253|586|570|509|140|8754|
20170126|685 |0|2|23478|718|968|509|1979|1055|28707|
20170126|685 |1|1|4879|257|567|653|442|471|7269|
20170126|685 |1|2|19077|880|1203|617|2204|1198|25179|
20170127|101 |0|1|29575|129|161|71|20|332|30288|
20170127|101 |0|2|74198|818|8005|202|92|2336|85651|
20170127|101 |1|1|19033|189|411|186|30|1594|21443|
20170127|101 |1|2|51295|1145|7159|320|106|2204|62229|
20170127|190 |0|1|18751|84|118|67|23|188|19231|
20170127|190 |0|2|60625|513|1553|133|74|1898|64796|
20170127|190 |1|1|13590|107|136|108|21|1070|15032|
20170127|190 |1|2|35944|620|2016|178|84|1467|40309|
20170127|253 |0|1|26965|206|112|86|39|196|27604|
20170127|253 |0|2|74293|490|410|132|269|2835|78429|
20170127|253 |1|1|17374|90|116|148|46|1547|19321|
20170127|253 |1|2|48321|557|469|151|301|2402|52201|
20170127|254 |0|1|10253|65|123|97|67|162|10767|
20170127|254 |0|2|28335|314|725|139|268|1364|31145|
20170127|254 |1|1|9238|86|119|147|74|863|10527|
20170127|254 |1|2|25860|309|655|144|245|1277|28490|
20170127|651 |0|1|9741|41|70|45|13|224|10134|
20170127|651 |0|2|28508|193|770|60|83|1258|30872|
20170127|651 |1|1|5036|51|142|43|11|546|5829|
20170127|651 |1|2|14422|192|662|40|57|819|16192|
20170127|685 |0|1|9421|33|87|88|51|125|9805|
20170127|685 |0|2|27157|154|988|115|323|925|29662|
20170127|685 |1|1|4594|40|89|85|61|386|5255|
20170127|685 |1|2|12029|162|983|127|359|555|14215|
20170128|101 |0|1|29369|63|74|9|12|331|29858|
20170128|101 |0|2|71796|198|6274|13|21|2401|80703|
20170128|101 |1|1|28274|111|358|20|2|2045|30810|
20170128|101 |1|2|72870|245|6444|26|20|2389|81994|
20170128|190 |0|1|22844|39|26|14|4|237|23164|
20170128|190 |0|2|57907|108|1171|31|12|1897|61126|
20170128|190 |1|1|20774|39|27|23|4|1474|22341|
20170128|190 |1|2|54238|91|1040|28|16|1779|57192|
20170128|253 |0|1|26204|144|41|23|11|246|26669|
20170128|253 |0|2|75287|128|239|22|54|3013|78743|
20170128|253 |1|1|26193|33|38|29|16|1961|28270|
20170128|253 |1|2|67917|104|296|15|60|2757|71149|
20170128|254 |0|1|13485|35|47|24|19|190|13800|
20170128|254 |0|2|37544|88|618|27|42|1639|39958|
20170128|254 |1|1|13545|34|44|18|18|1162|14821|
20170128|254 |1|2|33774|71|492|19|36|1531|35923|
20170128|651 |0|1|11100|28|50|7|3|254|11442|
20170128|651 |0|2|30968|47|645|4|7|1232|32903|
20170128|651 |1|1|11017|35|139|7|2|945|12145|
20170128|651 |1|2|31330|46|630|6|8|1324|33344|
20170128|685 |0|1|10367|18|137|18|24|106|10670|
20170128|685 |0|2|20507|35|613|12|53|716|21936|
20170128|685 |1|1|8004|15|20|14|22|628|8703|
20170128|685 |1|2|22898|36|541|33|58|831|24397|
20170129|101 |0|1|18286|68|120|38|15|199|18726|
20170129|101 |0|2|50144|408|6663|99|42|1875|59231|
20170129|101 |1|1|28014|103|470|51|9|1842|30489|
20170129|101 |1|2|77251|423|7486|95|36|2332|87623|
20170129|190 |0|1|12965|56|73|51|5|146|13296|
20170129|190 |0|2|35945|286|1592|104|57|1419|39403|
20170129|190 |1|1|19895|51|51|42|8|1212|21259|
20170129|190 |1|2|55442|185|1211|85|44|1680|58647|
20170129|253 |0|1|16847|125|58|41|27|173|17271|
20170129|253 |0|2|50172|275|374|72|150|2225|53268|
20170129|253 |1|1|24803|38|72|58|22|1698|26691|
20170129|253 |1|2|68626|226|325|49|148|2528|71902|
20170129|254 |0|1|7869|41|66|52|30|118|8176|
20170129|254 |0|2|24152|185|580|53|84|1156|26210|
20170129|254 |1|1|10448|42|58|48|30|872|11498|
20170129|254 |1|2|28188|150|572|39|78|1197|30224|
20170129|651 |0|1|7231|30|48|22|7|137|7475|
20170129|651 |0|2|20581|59|682|19|21|959|22321|
20170129|651 |1|1|9269|30|112|24|3|803|10241|
20170129|651 |1|2|28338|69|675|13|18|1120|30233|
20170129|685 |0|1|4656|19|35|47|31|72|4860|
20170129|685 |0|2|12905|95|921|44|132|549|14646|
20170129|685 |1|1|7861|19|47|35|54|517|8533|
20170129|685 |1|2|24380|108|722|48|124|774|26156|
20170130|101 |0|1|16545|168|245|148|46|205|17357|
20170130|101 |0|2|50011|1053|7159|300|197|2155|60875|
20170130|101 |1|1|23310|216|523|173|24|1771|26017|
20170130|101 |1|2|69228|1200|7846|307|160|2419|81160|
20170130|190 |0|1|10113|149|192|152|51|116|10773|
20170130|190 |0|2|31572|901|2066|340|190|1292|36361|
20170130|190 |1|1|15828|131|159|157|20|1061|17356|
20170130|190 |1|2|49625|780|1800|251|152|1571|54179|
20170130|253 |0|1|14207|189|177|209|76|144|15002|
20170130|253 |0|2|50408|711|541|306|383|2628|54977|
20170130|253 |1|1|19786|113|152|215|70|1465|21801|
20170130|253 |1|2|60895|701|500|210|355|2485|65146|
20170130|254 |0|1|7111|98|130|121|133|125|7718|
20170130|254 |0|2|23481|435|733|171|422|1292|26534|
20170130|254 |1|1|8320|102|150|165|81|696|9514|
20170130|254 |1|2|24386|332|685|135|296|1277|27111|
20170130|651 |0|1|5141|66|71|40|13|100|5431|
20170130|651 |0|2|15740|207|746|58|55|806|17612|
20170130|651 |1|1|7697|75|131|49|11|670|8633|
20170130|651 |1|2|25172|236|720|48|42|1116|27334|
20170130|685 |0|1|4232|39|131|135|114|74|4725|
20170130|685 |0|2|12491|186|1005|141|620|623|15066|
20170130|685 |1|1|5685|45|120|117|93|459|6519|
20170130|685 |1|2|18808|193|938|121|605|730|21395|
20170131|101 |0|1|17171|395|649|496|145|340|19196|
20170131|101 |0|2|63115|2149|8156|870|576|3283|78149|
20170131|101 |1|1|16822|451|832|656|132|1559|20452|
20170131|101 |1|2|62399|2457|8366|1223|804|3332|78581|
20170131|190 |0|1|10097|388|686|634|165|168|12138|
20170131|190 |0|2|38569|2200|2558|1118|815|2003|47263|
20170131|190 |1|1|10915|370|591|646|180|866|13568|
20170131|190 |1|2|38490|2094|2528|978|875|1971|46936|
20170131|253 |0|1|14852|554|946|807|319|220|17698|
20170131|253 |0|2|63973|2199|1218|1196|1520|3911|74017|
20170131|253 |1|1|13869|501|682|768|372|1380|17572|
20170131|253 |1|2|56087|2081|1148|1085|1567|3451|65419|
20170131|254 |0|1|6718|283|545|638|540|161|8885|
20170131|254 |0|2|27884|1219|1100|730|2214|1895|35042|
20170131|254 |1|1|6947|337|506|646|417|748|9601|
20170131|254 |1|2|26640|1082|994|509|1850|1825|32900|
