20190501|101 |0|1|14956|243|655|370|90|157|16471|
20190501|101 |0|2|70675|1838|7801|1193|591|2882|84980|
20190501|101 |1|1|13256|317|673|592|118|1165|16121|
20190501|101 |1|2|67010|2225|7944|1696|760|2713|82348|
20190501|190 |0|1|8665|247|703|486|87|90|10278|
20190501|190 |0|2|45070|1901|2757|1136|825|1836|53525|
20190501|190 |1|1|8317|273|485|649|114|692|10530|
20190501|190 |1|2|44109|1868|2715|1483|943|1797|52915|
20190501|253 |0|1|12866|229|620|406|105|183|14409|
20190501|253 |0|2|64781|1586|1227|951|1116|3201|72862|
20190501|253 |1|1|11535|245|519|508|127|1171|14105|
20190501|253 |1|2|59847|1545|1191|1147|1274|2976|67980|
20190501|254 |0|1|5878|134|415|395|159|112|7093|
20190501|254 |0|2|30299|930|1030|644|1159|1697|35759|
20190501|254 |1|1|6017|123|345|427|141|728|7781|
20190501|254 |1|2|30789|890|954|614|1013|1739|35999|
20190501|651 |0|1|6863|79|154|117|30|120|7363|
20190501|651 |0|2|34008|479|1153|254|206|1486|37586|
20190501|651 |1|1|5978|91|219|88|24|578|6978|
20190501|651 |1|2|30850|492|1022|202|168|1384|34118|
20190501|685 |0|1|4155|116|431|366|186|61|5315|
20190501|685 |0|2|19480|590|1356|601|1542|948|24517|
20190501|685 |1|1|3334|109|390|369|181|309|4692|
20190501|685 |1|2|16653|563|1295|545|1509|851|21416|
20190502|101 |0|1|14606|352|878|512|156|243|16747|
20190502|101 |0|2|77423|2579|9004|1519|1013|3614|95152|
20190502|101 |1|1|12993|417|856|752|183|1295|16496|
20190502|101 |1|2|75308|2999|9376|2014|1312|3700|94709|
20190502|190 |0|1|8862|359|1187|996|185|149|11738|
20190502|190 |0|2|51229|2992|3196|1975|1718|2320|63430|
20190502|190 |1|1|8219|394|806|890|218|806|11333|
20190502|190 |1|2|47042|2916|3155|2060|1965|2210|59348|
20190502|253 |0|1|12052|414|1117|898|253|240|14974|
20190502|253 |0|2|73204|2753|2206|2049|2596|4020|86828|
20190502|253 |1|1|10890|439|993|933|316|1241|14812|
20190502|253 |1|2|68602|2905|2355|2261|3449|3978|83550|
20190502|254 |0|1|5655|310|794|971|385|159|8274|
20190502|254 |0|2|35960|1838|1492|1306|3451|2358|46405|
20190502|254 |1|1|5697|254|688|754|343|680|8416|
20190502|254 |1|2|33886|1525|1306|956|2992|2199|42864|
20190502|651 |0|1|5618|120|265|150|45|105|6303|
20190502|651 |0|2|29027|706|1122|311|533|1571|33270|
20190502|651 |1|1|5196|161|301|133|35|576|6402|
20190502|651 |1|2|28387|685|1148|285|479|1631|32615|
20190502|685 |0|1|4040|242|906|941|485|88|6702|
20190502|685 |0|2|19763|1267|1632|1121|3421|1120|28324|
20190502|685 |1|1|3148|278|825|755|411|359|5776|
20190502|685 |1|2|18105|1395|1531|940|3313|1116|26400|
20190503|101 |0|1|16314|359|908|576|145|257|18559|
20190503|101 |0|2|82101|2582|10200|1513|1013|3539|100948|
20190503|101 |1|1|14729|427|994|876|227|1439|18692|
20190503|101 |1|2|81368|3098|10188|2185|1516|3842|102197|
20190503|190 |0|1|11400|357|1274|938|222|144|14335|
20190503|190 |0|2|63440|2997|3261|2020|1776|2617|76111|
20190503|190 |1|1|9263|376|854|1033|289|909|12724|
20190503|190 |1|2|52956|3024|3168|2382|2075|2569|66174|
20190503|253 |0|1|14021|409|1194|866|250|285|17025|
20190503|253 |0|2|82532|2770|2188|2092|2557|4130|96269|
20190503|253 |1|1|12382|410|964|1056|350|1404|16566|
20190503|253 |1|2|75289|2903|2287|2427|3484|4181|90571|
20190503|254 |0|1|6262|310|842|872|332|162|8780|
20190503|254 |0|2|37778|1820|1458|1220|3433|2422|48131|
20190503|254 |1|1|5994|273|747|811|330|707|8862|
20190503|254 |1|2|34443|1598|1291|1093|2994|2261|43680|
20190503|651 |0|1|7239|109|234|197|53|135|7967|
20190503|651 |0|2|38265|760|1220|388|578|1851|43062|
20190503|651 |1|1|5582|139|372|162|59|589|6903|
20190503|651 |1|2|30225|763|1239|287|472|1688|34674|
20190503|685 |0|1|5011|240|892|884|486|87|7600|
20190503|685 |0|2|25981|1276|1615|1071|3631|1324|34898|
20190503|685 |1|1|3721|295|886|826|433|449|6610|
20190503|685 |1|2|20952|1399|1493|1113|3549|1188|29694|
20190504|101 |0|1|19524|194|433|258|92|182|20683|
20190504|101 |0|2|80919|1343|9929|800|500|2761|96252|
20190504|101 |1|1|16827|275|648|491|112|1526|19879|
20190504|101 |1|2|77082|1900|8991|1308|839|2948|93068|
20190504|190 |0|1|17684|209|563|325|132|129|19042|
20190504|190 |0|2|61736|1191|1571|582|655|2070|67805|
20190504|190 |1|1|11449|200|415|474|118|1051|13707|
20190504|190 |1|2|54714|1499|2156|1069|973|2145|62556|
20190504|253 |0|1|17584|187|434|335|89|229|18858|
20190504|253 |0|2|80217|1000|790|632|1222|3409|87270|
20190504|253 |1|1|15102|237|481|533|175|1536|18064|
20190504|253 |1|2|74548|1325|965|973|1801|3440|83052|
20190504|254 |0|1|8807|126|384|367|151|128|9963|
20190504|254 |0|2|44438|795|1156|553|1529|2040|50511|
20190504|254 |1|1|7480|129|303|418|151|822|9303|
20190504|254 |1|2|35486|774|905|596|1483|1882|41126|
20190504|651 |0|1|8438|49|70|93|37|119|8806|
20190504|651 |0|2|45477|350|866|194|215|1703|48805|
20190504|651 |1|1|6671|81|113|83|14|670|7632|
20190504|651 |1|2|32050|384|922|114|169|1460|35099|
20190504|685 |0|1|7257|96|323|338|217|89|8320|
20190504|685 |0|2|25273|356|763|419|1307|1006|29124|
20190504|685 |1|1|4957|119|361|365|188|466|6456|
20190504|685 |1|2|22157|450|1191|524|1610|946|26878|
20190505|101 |0|1|18475|117|325|141|34|151|19243|
20190505|101 |0|2|77375|771|7097|491|132|2683|88549|
20190505|101 |1|1|17446|177|419|301|50|1357|19750|
20190505|101 |1|2|75756|819|7693|809|229|2600|87906|
20190505|190 |0|1|12833|98|254|127|23|82|13417|
20190505|190 |0|2|56218|670|1790|316|202|1940|61136|
20190505|190 |1|1|12503|98|155|192|32|1000|13980|
20190505|190 |1|2|56585|509|1592|514|166|1808|61174|
20190505|253 |0|1|17324|120|173|100|28|191|17936|
20190505|253 |0|2|73815|546|652|233|522|3173|78941|
20190505|253 |1|1|16288|103|144|138|38|1442|18153|
20190505|253 |1|2|73195|499|611|319|506|2917|78047|
20190505|254 |0|1|6997|62|86|85|30|86|7346|
20190505|254 |0|2|32365|290|656|150|227|1529|35217|
20190505|254 |1|1|7541|65|94|93|28|811|8632|
20190505|254 |1|2|33225|250|659|172|204|1543|36053|
20190505|651 |0|1|9164|32|33|32|13|128|9402|
20190505|651 |0|2|38424|153|863|61|67|1546|41114|
20190505|651 |1|1|9923|44|104|48|15|829|10963|
20190505|651 |1|2|41977|168|772|48|55|1626|44646|
20190505|685 |0|1|7139|60|129|56|30|82|7496|
20190505|685 |0|2|28397|204|1092|124|300|1153|31270|
20190505|685 |1|1|5795|36|94|79|24|509|6537|
20190505|685 |1|2|24526|182|880|127|269|911|26895|
20190506|101 |0|1|16447|183|536|336|97|155|17754|
20190506|101 |0|2|75432|1632|7678|880|706|2901|89229|
20190506|101 |1|1|18574|231|639|413|96|1489|21442|
20190506|101 |1|2|83598|1822|8890|1071|790|2974|99145|
20190506|190 |0|1|10159|199|626|475|101|92|11652|
20190506|190 |0|2|49294|1594|2201|951|987|1972|56999|
20190506|190 |1|1|13228|177|387|401|101|1039|15333|
20190506|190 |1|2|61914|1365|1710|938|976|2054|68957|
20190506|253 |0|1|14549|210|551|406|117|187|16020|
20190506|253 |0|2|72194|1305|870|724|1449|3336|79878|
20190506|253 |1|1|16849|191|345|417|159|1559|19520|
20190506|253 |1|2|80859|1292|833|719|1821|3308|88832|
20190506|254 |0|1|6440|108|262|287|130|76|7303|
20190506|254 |0|2|33061|731|847|473|1300|1692|38104|
20190506|254 |1|1|7271|103|239|273|107|738|8731|
20190506|254 |1|2|34508|696|820|402|1128|1733|39287|
20190506|651 |0|1|6674|65|111|72|14|117|7053|
20190506|651 |0|2|29970|377|1017|172|273|1301|33110|
20190506|651 |1|1|10697|85|212|115|34|884|12027|
20190506|651 |1|2|40436|397|751|123|214|1561|43482|
20190506|685 |0|1|5637|90|358|336|164|67|6652|
20190506|685 |0|2|24703|524|1316|495|1533|1193|29764|
20190506|685 |1|1|5787|83|304|302|137|506|7119|
20190506|685 |1|2|27408|502|1007|404|1384|1136|31841|
20190507|101 |0|1|14076|317|815|524|149|241|16122|
20190507|101 |0|2|76137|2474|8775|1462|996|3704|93548|
20190507|101 |1|1|13839|381|785|732|195|1466|17398|
20190507|101 |1|2|77849|2863|9165|1823|1233|3991|96924|
20190507|190 |0|1|8792|381|1144|958|199|131|11605|
20190507|190 |0|2|49679|2873|3040|1891|1703|2413|61599|
20190507|190 |1|1|8915|378|832|795|223|783|11926|
20190507|190 |1|2|48837|2835|3087|1928|1826|2448|60961|
20190507|253 |0|1|12380|385|1087|906|234|290|15282|
20190507|253 |0|2|72652|2705|2111|2075|2540|4140|86223|
20190507|253 |1|1|11498|391|893|939|324|1274|15319|
20190507|253 |1|2|69426|2720|2238|2111|3245|4022|83762|
20190507|254 |0|1|5842|261|739|941|317|137|8237|
20190507|254 |0|2|36387|1788|1423|1245|3108|2424|46375|
20190507|254 |1|1|5937|258|717|765|308|717|8702|
20190507|254 |1|2|34052|1568|1246|887|2751|2299|42803|
20190507|651 |0|1|5094|114|207|120|43|127|5705|
20190507|651 |0|2|26380|690|1040|286|449|1590|30435|
20190507|651 |1|1|5255|130|231|139|43|604|6402|
20190507|651 |1|2|28818|691|1018|257|404|1769|32957|
20190507|685 |0|1|4234|268|891|898|441|75|6807|
20190507|685 |0|2|20285|1275|1558|1136|3408|1139|28801|
20190507|685 |1|1|3528|247|811|766|397|415|6164|
20190507|685 |1|2|19337|1315|1502|995|3123|1136|27408|
20190508|101 |0|1|13741|345|822|582|167|248|15905|
20190508|101 |0|2|75123|2565|9084|1616|1132|3736|93256|
20190508|101 |1|1|12995|430|897|855|236|1315|16728|
20190508|101 |1|2|74259|3060|9468|2212|1533|3847|94379|
20190508|190 |0|1|8465|365|1248|977|191|146|11392|
20190508|190 |0|2|47697|2969|3176|2090|1864|2344|60140|
20190508|190 |1|1|7898|388|867|1098|262|827|11340|
20190508|190 |1|2|45681|2962|3071|2389|2151|2208|58462|
20190508|253 |0|1|11798|400|1178|941|237|248|14802|
20190508|253 |0|2|71459|2792|2226|2193|2556|4015|85241|
20190508|253 |1|1|11346|458|1048|1086|373|1272|15583|
20190508|253 |1|2|69227|2863|2363|2512|3566|4021|84552|
20190508|254 |0|1|5399|247|741|993|460|136|7976|
20190508|254 |0|2|35207|1759|1468|1255|3568|2334|45591|
20190508|254 |1|1|5250|247|662|863|360|690|8072|
20190508|254 |1|2|31667|1489|1227|1033|2980|2078|40474|
20190508|651 |0|1|5011|107|198|137|53|115|5621|
20190508|651 |0|2|26047|700|1169|356|522|1631|30425|
20190508|651 |1|1|4791|124|277|124|40|566|5922|
20190508|651 |1|2|26019|683|1084|308|424|1607|30125|
20190508|685 |0|1|3477|244|879|884|494|87|6065|
20190508|685 |0|2|19448|1353|1587|1153|3689|1161|28391|
20190508|685 |1|1|2986|258|801|798|511|322|5676|
20190508|685 |1|2|17632|1373|1521|1152|3451|1070|26199|
20190509|101 |0|1|13293|318|832|571|150|218|15382|
20190509|101 |0|2|73783|2556|9270|1575|1000|3372|91556|
20190509|101 |1|1|12976|383|935|866|208|1271|16639|
20190509|101 |1|2|75031|3030|9720|2188|1398|3645|95012|
20190509|190 |0|1|8125|360|1255|1010|194|120|11064|
20190509|190 |0|2|63926|3387|3758|2005|1972|2787|77835|
20190509|190 |1|1|7714|413|884|1026|235|752|11024|
20190509|190 |1|2|45398|2928|3256|2297|2157|2145|58181|
20190509|253 |0|1|11523|460|1199|877|214|275|14548|
20190509|253 |0|2|70486|2748|2402|2151|2498|4029|84314|
20190509|253 |1|1|10918|453|1005|968|350|1222|14916|
20190509|253 |1|2|68473|2944|2408|2427|3401|3884|83537|
20190509|254 |0|1|5369|282|829|943|381|131|7935|
20190509|254 |0|2|34349|1844|1440|1274|3441|2317|44665|
20190509|254 |1|1|5569|279|736|795|369|690|8438|
20190509|254 |1|2|32723|1563|1277|1020|2845|2183|41611|
20190509|651 |0|1|4941|130|237|150|39|123|5620|
20190509|651 |0|2|26832|721|1263|373|512|1512|31213|
20190509|651 |1|1|4559|132|308|144|42|529|5714|
20190509|651 |1|2|26611|715|1224|270|454|1591|30865|
20190509|685 |0|1|3435|244|910|925|451|60|6025|
20190509|685 |0|2|19416|1333|1667|1137|3659|1115|28327|
20190509|685 |1|1|3072|266|856|796|472|313|5775|
20190509|685 |1|2|18825|1413|1617|1098|3459|1119|27531|
20190510|101 |0|1|14705|350|889|555|169|263|16931|
20190510|101 |0|2|78910|2624|10228|1508|1035|3632|97937|
20190510|101 |1|1|14113|398|963|830|201|1438|17943|
20190510|101 |1|2|79050|3085|10403|2116|1423|3870|99947|
20190510|190 |0|1|9242|334|1163|889|203|128|11959|
20190510|190 |0|2|53146|2881|3266|1873|1906|2297|65369|
20190510|190 |1|1|8800|382|863|970|269|907|12191|
20190510|190 |1|2|50722|2965|3138|2245|2128|2365|63563|
20190510|253 |0|1|12951|421|1139|843|245|273|15872|
20190510|253 |0|2|75423|2804|2419|2075|2533|4065|89319|
20190510|253 |1|1|11905|407|1065|977|391|1386|16131|
20190510|253 |1|2|72339|2811|2423|2343|3317|4153|87386|
20190510|254 |0|1|5831|283|780|892|356|148|8290|
20190510|254 |0|2|35246|1721|1469|1179|3377|2338|45330|
20190510|254 |1|1|5927|272|719|868|387|745|8918|
20190510|254 |1|2|35050|1540|1301|1007|2818|2369|44085|
20190510|651 |0|1|6479|113|217|159|44|149|7161|
20190510|651 |0|2|34444|755|1328|345|425|1791|39088|
20190510|651 |1|1|5195|125|335|126|36|572|6389|
20190510|651 |1|2|29165|754|1302|259|393|1670|33543|
20190510|685 |0|1|4153|249|835|843|460|84|6624|
20190510|685 |0|2|22558|1341|1684|1108|3532|1315|31538|
20190510|685 |1|1|3605|253|823|800|455|366|6302|
20190510|685 |1|2|20844|1452|1531|1095|3446|1219|29587|
20190511|101 |0|1|17674|207|479|279|95|201|18935|
20190511|101 |0|2|79972|1507|9337|783|642|2987|95228|
20190511|101 |1|1|16054|276|676|418|131|1452|19007|
20190511|101 |1|2|76673|1927|9427|1153|889|2958|93027|
20190511|190 |0|1|12428|182|532|410|119|96|13767|
20190511|190 |0|2|58565|1360|2378|688|1039|2108|66138|
20190511|190 |1|1|10447|215|361|550|125|952|12650|
20190511|190 |1|2|52669|1448|2480|1114|1247|2087|61045|
20190511|253 |0|1|15763|219|505|394|119|222|17222|
20190511|253 |0|2|75912|1216|1432|843|1491|3534|84428|
20190511|253 |1|1|14171|225|485|498|189|1488|17056|
20190511|253 |1|2|72371|1398|1471|1175|2230|3585|82230|
20190511|254 |0|1|7369|129|371|372|139|108|8488|
20190511|254 |0|2|38014|753|1062|486|1590|1959|43864|
20190511|254 |1|1|7395|121|328|377|143|852|9216|
20190511|254 |1|2|35975|753|959|574|1486|1947|41694|
20190511|651 |0|1|9739|75|94|85|20|159|10172|
20190511|651 |0|2|44883|373|1256|189|216|1896|48813|
20190511|651 |1|1|6686|76|164|51|11|682|7670|
20190511|651 |1|2|34285|401|1213|103|203|1591|37796|
20190511|685 |0|1|5796|83|368|346|192|68|6853|
20190511|685 |0|2|24878|477|1270|491|1759|1106|29981|
20190511|685 |1|1|4528|80|347|364|199|445|5963|
20190511|685 |1|2|20785|490|1217|496|1892|986|25866|
20190512|101 |0|1|16440|123|296|148|39|200|17246|
20190512|101 |0|2|73317|825|7732|501|220|2908|85503|
20190512|101 |1|1|15865|185|449|299|67|1412|18277|
20190512|101 |1|2|72203|891|8316|832|289|2720|85251|
20190512|190 |0|1|10095|92|284|188|43|67|10769|
20190512|190 |0|2|46488|724|2172|420|385|1828|52017|
20190512|190 |1|1|11136|106|171|197|58|930|12598|
20190512|190 |1|2|52318|587|1942|579|421|1811|57658|
20190512|253 |0|1|14795|128|231|128|41|168|15491|
20190512|253 |0|2|67333|708|903|344|379|3133|72800|
20190512|253 |1|1|14320|125|169|182|56|1378|16230|
20190512|253 |1|2|67192|557|821|376|342|2882|72170|
20190512|254 |0|1|6787|56|118|127|34|79|7201|
20190512|254 |0|2|32477|351|750|202|301|1642|35723|
20190512|254 |1|1|7088|54|113|105|30|767|8157|
20190512|254 |1|2|32521|307|724|182|232|1621|35587|
20190512|651 |0|1|6703|31|56|35|8|106|6939|
20190512|651 |0|2|30823|188|1097|55|50|1305|33518|
20190512|651 |1|1|8932|54|213|58|15|766|10038|
20190512|651 |1|2|36989|204|905|44|34|1458|39634|
20190512|685 |0|1|5343|38|147|127|56|83|5794|
20190512|685 |0|2|21850|234|1103|191|406|961|24745|
20190512|685 |1|1|4759|27|90|112|52|416|5456|
20190512|685 |1|2|20086|191|1033|183|369|791|22653|
20190513|101 |0|1|14349|325|888|553|142|251|16508|
20190513|101 |0|2|76466|2497|9048|1464|1008|3807|94290|
20190513|101 |1|1|13011|360|822|662|177|1366|16398|
20190513|101 |1|2|74204|2827|9331|1883|1250|3821|93316|
20190513|190 |0|1|8624|365|1083|964|188|132|11356|
20190513|190 |0|2|48316|2841|3193|1890|1734|2340|60314|
20190513|190 |1|1|8138|364|714|815|209|774|11014|
20190513|190 |1|2|45021|2692|3142|1749|1738|2262|56604|
20190513|253 |0|1|11981|400|1110|859|223|279|14852|
20190513|253 |0|2|71609|2520|2095|2017|2227|4021|84489|
20190513|253 |1|1|10781|398|899|817|282|1211|14388|
20190513|253 |1|2|66687|2618|2207|2125|2961|3810|80408|
20190513|254 |0|1|5891|294|803|938|373|128|8427|
20190513|254 |0|2|36406|1724|1419|1257|3355|2399|46560|
20190513|254 |1|1|5557|243|701|710|283|666|8160|
20190513|254 |1|2|32218|1484|1258|878|2606|2118|40562|
20190513|651 |0|1|5209|104|181|144|35|130|5803|
20190513|651 |0|2|26936|642|1200|309|432|1519|31038|
20190513|651 |1|1|5210|123|253|142|46|582|6356|
20190513|651 |1|2|28140|692|1135|266|444|1699|32376|
20190513|685 |0|1|4263|216|863|813|406|80|6641|
20190513|685 |0|2|18887|1142|1431|1043|3069|1033|26605|
20190513|685 |1|1|3072|249|782|679|470|345|5597|
20190513|685 |1|2|18010|1239|1481|851|3054|1132|25767|
20190514|101 |0|1|13610|330|943|592|154|256|15885|
20190514|101 |0|2|73477|2665|9134|1574|1071|3605|91526|
20190514|101 |1|1|12591|391|936|863|216|1327|16324|
20190514|101 |1|2|73950|3071|9534|2251|1440|3672|93918|
20190514|190 |0|1|8018|378|1315|944|186|131|10972|
20190514|190 |0|2|45729|2986|3202|1978|1857|2198|57950|
20190514|190 |1|1|7666|350|923|992|246|740|10917|
20190514|190 |1|2|43503|2924|3174|2283|2106|2075|56065|
20190514|253 |0|1|11312|403|1263|899|239|236|14352|
20190514|253 |0|2|69844|2750|2408|2170|2508|3838|83518|
20190514|253 |1|1|10713|435|994|1039|342|1192|14715|
20190514|253 |1|2|66520|2826|2397|2515|3329|3826|81413|
20190514|254 |0|1|5350|264|831|978|498|113|8034|
20190514|254 |0|2|34222|1698|1473|1190|3314|2292|44189|
20190514|254 |1|1|5389|262|709|771|364|643|8138|
20190514|254 |1|2|32877|1551|1313|1073|2984|2236|42034|
20190514|651 |0|1|5012|108|187|181|41|132|5661|
20190514|651 |0|2|26493|710|1228|334|456|1578|30799|
20190514|651 |1|1|4674|121|300|162|66|553|5876|
20190514|651 |1|2|26290|720|1191|258|394|1615|30468|
20190514|685 |0|1|3447|240|915|908|571|83|6164|
20190514|685 |0|2|19355|1338|1653|1137|3374|1131|27988|
20190514|685 |1|1|3257|258|892|825|408|335|5975|
20190514|685 |1|2|18010|1379|1570|1083|3239|1023|26304|
20190515|101 |0|1|13540|362|887|571|162|272|15794|
20190515|101 |0|2|74260|2538|9329|1501|1027|3711|92366|
20190515|101 |1|1|12690|436|843|879|231|1235|16314|
20190515|101 |1|2|74795|2989|9714|2140|1465|3767|94870|
20190515|190 |0|1|7852|327|1262|926|177|118|10662|
20190515|190 |0|2|46348|2968|3433|1858|1925|2173|58705|
20190515|190 |1|1|7552|367|837|926|298|682|10662|
20190515|190 |1|2|44699|2894|3307|2114|2026|2175|57215|
20190515|253 |0|1|11336|419|1139|915|262|244|14315|
20190515|253 |0|2|68768|2718|2334|2018|2542|3888|82268|
20190515|253 |1|1|10969|446|1053|1129|412|1220|15229|
20190515|253 |1|2|67550|2887|2466|2391|3509|3932|82735|
20190515|254 |0|1|5335|248|782|872|353|149|7739|
20190515|254 |0|2|33524|1677|1411|1248|3140|2267|43267|
20190515|254 |1|1|5171|236|653|700|347|631|7738|
20190515|254 |1|2|30655|1428|1180|974|2614|2077|38928|
20190515|651 |0|1|5032|117|221|165|31|103|5669|
20190515|651 |0|2|26546|693|1240|378|553|1545|30955|
20190515|651 |1|1|4696|129|281|132|41|495|5774|
20190515|651 |1|2|26363|725|1253|282|513|1583|30719|
20190515|685 |0|1|3419|244|874|879|444|75|5935|
20190515|685 |0|2|19492|1320|1668|1141|3586|1220|28427|
20190515|685 |1|1|3249|268|849|817|447|343|5973|
20190515|685 |1|2|18960|1381|1572|1059|3302|1144|27418|
20190516|101 |0|1|13914|333|850|564|159|264|16084|
20190516|101 |0|2|75161|2637|9450|1495|1034|3680|93457|
20190516|101 |1|1|12889|409|938|891|233|1289|16649|
20190516|101 |1|2|74127|3012|9722|2122|1408|3685|94076|
20190516|190 |0|1|8038|312|1195|924|197|109|10775|
20190516|190 |0|2|46761|2852|3311|1943|1829|2150|58846|
20190516|190 |1|1|7869|380|811|937|253|732|10982|
20190516|190 |1|2|46143|2931|3224|2203|1936|2202|58639|
20190516|253 |0|1|11350|390|1130|860|250|269|14249|
20190516|253 |0|2|69290|2722|2341|2064|2557|3853|82827|
20190516|253 |1|1|10891|472|1034|1016|357|1227|14997|
20190516|253 |1|2|68921|2965|2499|2395|3588|3940|84308|
20190516|254 |0|1|5222|277|761|867|353|123|7603|
20190516|254 |0|2|33979|1717|1450|1233|3266|2177|43822|
20190516|254 |1|1|5174|252|610|698|291|602|7627|
20190516|254 |1|2|30806|1351|1162|955|2497|2010|38781|
20190516|651 |0|1|5000|122|220|160|63|127|5692|
20190516|651 |0|2|27371|662|1278|379|563|1567|31820|
20190516|651 |1|1|5007|122|350|128|44|515|6166|
20190516|651 |1|2|28605|723|1240|300|513|1638|33019|
20190516|685 |0|1|3540|250|970|876|477|87|6200|
20190516|685 |0|2|19702|1279|1762|1157|3743|1113|28756|
20190516|685 |1|1|3092|237|874|801|408|353|5765|
20190516|685 |1|2|19181|1410|1640|1071|3528|1174|28004|
20190517|101 |0|1|14952|338|850|520|152|239|17051|
20190517|101 |0|2|77680|2642|10338|1491|1075|3836|97062|
20190517|101 |1|1|14758|403|995|805|246|1467|18674|
20190517|101 |1|2|81163|3090|10602|2086|1402|4114|102457|
20190517|190 |0|1|9694|394|1228|913|254|136|12619|
20190517|190 |0|2|54233|2863|3400|1834|1854|2432|66616|
20190517|190 |1|1|8697|384|831|1032|256|883|12083|
20190517|190 |1|2|50893|2919|3290|2211|1995|2477|63785|
20190517|253 |0|1|12478|393|1116|838|246|285|15356|
20190517|253 |0|2|74970|2590|2304|1990|2475|4049|88378|
20190517|253 |1|1|12143|435|954|956|331|1352|16171|
20190517|253 |1|2|73835|2803|2395|2242|3360|4099|88734|
20190517|254 |0|1|5795|258|774|836|338|128|8129|
20190517|254 |0|2|35759|1688|1468|1090|3291|2284|45580|
20190517|254 |1|1|5910|269|703|789|318|722|8711|
20190517|254 |1|2|35349|1545|1225|966|2849|2278|44212|
20190517|651 |0|1|6813|112|242|205|40|141|7553|
20190517|651 |0|2|36383|727|1356|349|560|1826|41201|
20190517|651 |1|1|5367|135|342|145|45|581|6615|
20190517|651 |1|2|29588|705|1439|301|480|1738|34251|
20190517|685 |0|1|4098|255|896|797|415|90|6551|
20190517|685 |0|2|22863|1280|1659|1070|3483|1321|31676|
20190517|685 |1|1|3619|260|839|834|452|364|6368|
20190517|685 |1|2|20878|1358|1502|1056|3317|1197|29308|
20190518|101 |0|1|17775|211|482|242|75|202|18987|
20190518|101 |0|2|78746|1585|9524|822|594|2895|94166|
20190518|101 |1|1|16358|297|719|446|93|1435|19348|
20190518|101 |1|2|76840|1948|9478|1158|826|3016|93266|
20190518|190 |0|1|11881|202|577|292|101|99|13152|
20190518|190 |0|2|56965|1329|2490|634|996|2026|64440|
20190518|190 |1|1|10501|222|406|487|128|886|12630|
20190518|190 |1|2|52425|1453|2475|1028|998|2013|60392|
20190518|253 |0|1|15659|205|587|350|131|207|17139|
20190518|253 |0|2|74598|1273|1491|821|1470|3400|83053|
20190518|253 |1|1|14214|206|513|498|167|1426|17024|
20190518|253 |1|2|71407|1370|1459|1152|1936|3341|80665|
20190518|254 |0|1|7387|143|336|288|129|132|8415|
20190518|254 |0|2|37085|766|1077|459|1214|1984|42585|
20190518|254 |1|1|7393|129|335|377|128|865|9227|
20190518|254 |1|2|36846|767|1038|554|1217|2054|42476|
20190518|651 |0|1|9980|81|96|101|25|161|10444|
20190518|651 |0|2|46072|450|1340|208|207|1791|50068|
20190518|651 |1|1|7347|87|193|58|19|693|8397|
20190518|651 |1|2|37464|452|1294|115|173|1579|41077|
20190518|685 |0|1|5916|87|419|349|173|76|7020|
20190518|685 |0|2|25107|472|1405|468|1809|1087|30348|
20190518|685 |1|1|4531|99|367|340|165|449|5951|
20190518|685 |1|2|20442|505|1214|503|1768|927|25359|
20190519|101 |0|1|14815|118|287|128|25|141|15514|
20190519|101 |0|2|65845|847|7768|571|219|2470|77720|
20190519|101 |1|1|14975|175|531|306|41|1299|17327|
20190519|101 |1|2|67540|886|8466|782|244|2484|80402|
20190519|190 |0|1|9217|90|292|182|24|65|9870|
20190519|190 |0|2|42392|781|2281|419|218|1681|47772|
20190519|190 |1|1|10161|121|165|220|39|817|11523|
20190519|190 |1|2|49250|604|2110|527|193|1712|54396|
20190519|253 |0|1|12963|118|195|117|43|137|13573|
20190519|253 |0|2|61579|666|916|348|415|2842|66766|
20190519|253 |1|1|12769|127|172|169|42|1154|14433|
20190519|253 |1|2|59798|556|917|354|384|2541|64550|
20190519|254 |0|1|6224|56|124|103|44|87|6638|
20190519|254 |0|2|29327|316|767|186|361|1517|32474|
20190519|254 |1|1|6564|58|105|117|43|690|7577|
20190519|254 |1|2|29117|256|748|176|308|1469|32074|
20190519|651 |0|1|5835|42|54|37|16|95|6079|
20190519|651 |0|2|27833|185|1212|59|87|1096|30472|
20190519|651 |1|1|8054|51|141|68|11|722|9047|
20190519|651 |1|2|38061|204|1043|46|75|1405|40834|
20190519|685 |0|1|4868|45|141|129|51|74|5308|
20190519|685 |0|2|20040|202|1173|196|420|895|22926|
20190519|685 |1|1|4356|42|111|102|46|369|5026|
20190519|685 |1|2|19667|194|1065|171|354|785|22236|
20190520|101 |0|1|14455|308|784|536|226|260|16569|
20190520|101 |0|2|75168|2383|8686|1364|1006|3747|92354|
20190520|101 |1|1|12572|366|791|621|195|1383|15928|
20190520|101 |1|2|73137|2689|8917|1710|1249|3670|91372|
20190520|190 |0|1|8655|354|1074|890|225|109|11307|
20190520|190 |0|2|48643|2743|2935|1872|1403|2281|59877|
20190520|190 |1|1|7839|345|731|769|217|745|10646|
20190520|190 |1|2|44555|2629|3010|1778|1513|2167|55652|
20190520|253 |0|1|12099|379|1060|849|222|262|14871|
20190520|253 |0|2|72491|2444|2048|1891|2136|4035|85045|
20190520|253 |1|1|10452|360|849|810|274|1192|13937|
20190520|253 |1|2|65313|2518|2082|1950|2640|3924|78427|
20190520|254 |0|1|5797|242|748|869|411|136|8203|
20190520|254 |0|2|36087|1644|1361|1129|2909|2430|45560|
20190520|254 |1|1|5517|225|624|733|301|698|8098|
20190520|254 |1|2|32317|1415|1181|837|2549|2222|40521|
20190520|651 |0|1|5225|90|190|138|29|111|5783|
20190520|651 |0|2|26657|611|1119|323|398|1609|30717|
20190520|651 |1|1|4997|103|263|112|41|602|6118|
20190520|651 |1|2|27855|655|1045|261|390|1666|31872|
20190520|685 |0|1|4371|211|876|820|422|84|6784|
20190520|685 |0|2|20292|1164|1522|1074|3017|1170|28239|
20190520|685 |1|1|3109|212|765|719|369|337|5511|
20190520|685 |1|2|19010|1272|1556|856|2848|1155|26697|
20190521|101 |0|1|13300|337|870|601|159|252|15519|
20190521|101 |0|2|74331|2670|8968|1577|1089|3679|92314|
20190521|101 |1|1|12391|397|900|881|214|1264|16047|
20190521|101 |1|2|74167|3054|9226|2135|1513|3815|93910|
20190521|190 |0|1|7785|349|1227|960|220|112|10653|
20190521|190 |0|2|46213|2960|3164|2034|1931|2248|58550|
20190521|190 |1|1|7369|381|920|1043|249|696|10658|
20190521|190 |1|2|43791|2892|3145|2292|2133|2183|56436|
20190521|253 |0|1|11695|439|1245|908|284|222|14793|
20190521|253 |0|2|71441|2760|2329|2115|2750|4057|85452|
20190521|253 |1|1|10357|432|998|998|354|1173|14312|
20190521|253 |1|2|65723|2844|2286|2405|3426|3809|80493|
20190521|254 |0|1|5113|236|723|846|385|126|7429|
20190521|254 |0|2|31673|1604|1291|1174|3083|2076|40901|
20190521|254 |1|1|5494|271|698|854|362|660|8339|
20190521|254 |1|2|32766|1510|1249|1090|2969|2215|41799|
20190521|651 |0|1|5084|123|219|166|43|108|5743|
20190521|651 |0|2|26539|690|1152|326|551|1515|30773|
20190521|651 |1|1|4747|117|279|154|46|513|5856|
20190521|651 |1|2|26620|685|1133|276|457|1572|30743|
20190521|685 |0|1|3583|257|934|962|474|78|6288|
20190521|685 |0|2|19451|1339|1687|1139|3709|1126|28451|
20190521|685 |1|1|2987|264|849|800|457|344|5701|
20190521|685 |1|2|18235|1378|1566|1050|3360|1073|26662|
20190522|101 |0|1|13327|366|875|613|150|227|15558|
20190522|101 |0|2|72938|2600|9234|1487|1133|3485|90877|
20190522|101 |1|1|12838|443|922|848|246|1313|16610|
20190522|101 |1|2|75147|3032|9670|2102|1545|3707|95203|
20190522|190 |0|1|7724|366|1171|923|202|99|10485|
20190522|190 |0|2|46223|2811|3255|1792|1935|2222|58238|
20190522|190 |1|1|7511|406|872|983|251|681|10704|
20190522|190 |1|2|44883|2840|3191|2064|2086|2201|57265|
20190522|253 |0|1|11102|426|1185|895|265|260|14133|
20190522|253 |0|2|69384|2768|2315|1984|2732|3904|83087|
20190522|253 |1|1|10464|437|962|1006|335|1231|14435|
20190522|253 |1|2|66847|2807|2330|2347|3531|3884|81746|
20190522|254 |0|1|5298|288|750|916|372|122|7746|
20190522|254 |0|2|33408|1671|1375|1172|3204|2308|43138|
20190522|254 |1|1|5350|259|727|784|362|622|8104|
20190522|254 |1|2|32499|1523|1221|1007|2796|2158|41204|
20190522|651 |0|1|5075|113|246|170|83|112|5799|
20190522|651 |0|2|26953|710|1233|342|505|1561|31304|
20190522|651 |1|1|4702|123|345|137|41|526|5874|
20190522|651 |1|2|26590|719|1192|304|469|1588|30862|
20190522|685 |0|1|3434|225|870|847|413|79|5868|
20190522|685 |0|2|19457|1324|1623|1123|3567|1131|28225|
20190522|685 |1|1|3047|247|839|753|393|347|5626|
20190522|685 |1|2|18676|1391|1581|1018|3441|1183|27290|
20190523|101 |0|1|13840|350|876|537|169|237|16009|
20190523|101 |0|2|74828|2670|9155|1526|1049|3565|92793|
20190523|101 |1|1|12571|414|918|847|253|1264|16267|
20190523|101 |1|2|73052|3000|9432|2098|1397|3607|92586|
20190523|190 |0|1|7854|340|1235|956|192|104|10681|
20190523|190 |0|2|46935|2897|3244|1993|1920|2218|59207|
20190523|190 |1|1|7711|395|862|933|245|712|10858|
20190523|190 |1|2|46257|2926|3215|2242|2144|2194|58978|
20190523|253 |0|1|11507|421|1216|883|251|263|14541|
20190523|253 |0|2|70528|2775|2349|1952|2573|4066|84243|
20190523|253 |1|1|10647|490|998|962|373|1163|14633|
20190523|253 |1|2|66740|2795|2352|2308|3393|3836|81424|
20190523|254 |0|1|5277|275|770|816|380|119|7637|
20190523|254 |0|2|32963|1664|1386|1180|3202|2201|42596|
20190523|254 |1|1|5622|264|699|786|332|653|8356|
20190523|254 |1|2|33195|1503|1262|988|2746|2189|41883|
20190523|651 |0|1|5271|121|232|151|35|121|5931|
20190523|651 |0|2|27654|723|1238|362|604|1527|32108|
20190523|651 |1|1|4797|138|341|111|38|561|5986|
20190523|651 |1|2|27503|755|1145|288|498|1552|31741|
20190523|685 |0|1|3548|232|855|897|451|71|6054|
20190523|685 |0|2|19869|1370|1674|1185|3561|1206|28865|
20190523|685 |1|1|3090|226|823|767|406|371|5683|
20190523|685 |1|2|19127|1390|1566|1081|3370|1162|27696|
20190524|101 |0|1|15270|363|905|561|167|263|17529|
20190524|101 |0|2|77965|2655|10001|1449|1096|3617|96783|
20190524|101 |1|1|14414|422|1016|799|220|1460|18331|
20190524|101 |1|2|79838|3077|10307|2079|1463|3804|100568|
20190524|190 |0|1|9180|353|1118|914|165|125|11855|
20190524|190 |0|2|53470|2803|3255|1815|1988|2451|65782|
20190524|190 |1|1|8765|380|875|948|245|864|12077|
20190524|190 |1|2|51266|2793|3163|2142|2141|2433|63938|
20190524|253 |0|1|12831|426|1121|861|240|289|15768|
20190524|253 |0|2|76487|2639|2343|1997|2503|4132|90101|
20190524|253 |1|1|12112|450|1010|1016|340|1430|16358|
20190524|253 |1|2|73202|2817|2305|2309|3415|4216|88264|
20190524|254 |0|1|5799|260|801|803|322|154|8139|
20190524|254 |0|2|35457|1680|1405|1091|3078|2311|45022|
20190524|254 |1|1|6197|256|729|783|309|762|9036|
20190524|254 |1|2|35195|1452|1309|1026|2810|2305|44097|
20190524|651 |0|1|6885|114|228|171|39|145|7582|
20190524|651 |0|2|36312|722|1328|332|567|1879|41140|
20190524|651 |1|1|5388|120|331|152|43|591|6625|
20190524|651 |1|2|29334|713|1298|284|476|1794|33899|
20190524|685 |0|1|4356|247|836|872|427|96|6834|
20190524|685 |0|2|24007|1333|1745|1070|3383|1382|32920|
20190524|685 |1|1|3787|278|790|748|445|413|6461|
20190524|685 |1|2|21461|1358|1519|1012|3118|1237|29705|
20190525|101 |0|1|17909|214|467|271|85|178|19124|
20190525|101 |0|2|78866|1570|9602|800|571|2932|94341|
20190525|101 |1|1|16192|310|695|453|130|1483|19263|
20190525|101 |1|2|77553|2004|9536|1139|915|3105|94252|
20190525|190 |0|1|12402|177|561|415|99|79|13733|
20190525|190 |0|2|58545|1391|2464|702|1119|2155|66376|
20190525|190 |1|1|10289|206|384|448|117|949|12393|
20190525|190 |1|2|52128|1501|2454|1096|1254|2022|60455|
20190525|253 |0|1|15950|227|523|365|130|186|17381|
20190525|253 |0|2|75576|1179|1189|675|1549|3430|83598|
20190525|253 |1|1|14236|204|510|498|171|1462|17081|
20190525|253 |1|2|72408|1376|1202|949|2307|3375|81617|
20190525|254 |0|1|7681|141|385|336|151|112|8806|
20190525|254 |0|2|38615|770|1117|482|1519|2047|44550|
20190525|254 |1|1|7610|133|372|393|142|870|9520|
20190525|254 |1|2|36350|746|986|565|1462|1949|42058|
20190525|651 |0|1|10115|67|95|110|23|172|10582|
20190525|651 |0|2|46354|427|1332|195|264|1831|50403|
20190525|651 |1|1|7104|84|203|61|17|710|8179|
20190525|651 |1|2|36530|443|1296|126|216|1556|40167|
20190525|685 |0|1|5441|89|354|342|180|71|6477|
20190525|685 |0|2|23577|461|1202|410|1827|1005|28482|
20190525|685 |1|1|4475|101|370|299|185|436|5866|
20190525|685 |1|2|20702|471|1153|424|1843|982|25575|
20190526|101 |0|1|16315|128|263|158|38|159|17061|
20190526|101 |0|2|74574|865|7728|525|241|2743|86676|
20190526|101 |1|1|16394|192|518|305|63|1350|18822|
20190526|101 |1|2|74012|927|8423|829|290|2675|87156|
20190526|190 |0|1|9723|92|295|184|30|81|10405|
20190526|190 |0|2|46573|722|2174|442|273|1806|51990|
20190526|190 |1|1|10941|121|197|220|52|819|12350|
20190526|190 |1|2|52899|587|1949|571|315|1860|58181|
20190526|253 |0|1|14306|105|247|123|52|154|14987|
20190526|253 |0|2|66674|665|831|341|510|3218|72239|
20190526|253 |1|1|14279|105|169|174|57|1368|16152|
20190526|253 |1|2|67986|578|783|384|529|2950|73210|
20190526|254 |0|1|6920|70|114|129|23|80|7336|
20190526|254 |0|2|32345|340|773|212|273|1669|35612|
20190526|254 |1|1|7348|54|123|131|34|766|8456|
20190526|254 |1|2|32674|310|750|195|211|1720|35860|
20190526|651 |0|1|6870|46|58|30|10|111|7125|
20190526|651 |0|2|31480|203|1114|71|85|1368|34321|
20190526|651 |1|1|8389|53|102|69|8|737|9358|
20190526|651 |1|2|40530|253|1073|61|60|1584|43561|
20190526|685 |0|1|5330|66|147|117|43|62|5765|
20190526|685 |0|2|21935|221|1165|195|407|1001|24924|
20190526|685 |1|1|4780|43|116|88|36|398|5461|
20190526|685 |1|2|21311|187|1044|159|376|838|23915|
20190527|101 |0|1|13196|264|707|464|121|223|14975|
20190527|101 |0|2|70209|2263|8652|1396|932|3483|86935|
20190527|101 |1|1|11988|335|721|587|140|1341|15112|
20190527|101 |1|2|69066|2620|8868|1678|1056|3581|86869|
20190527|190 |0|1|7613|294|1024|730|163|106|9930|
20190527|190 |0|2|43719|2495|2960|1624|1461|2181|54440|
20190527|190 |1|1|7384|303|705|620|167|721|9900|
20190527|190 |1|2|41030|2427|2992|1440|1361|2059|51309|
20190527|253 |0|1|11060|324|982|743|201|241|13551|
20190527|253 |0|2|67591|2213|1904|1824|1851|3802|79185|
20190527|253 |1|1|10103|337|806|715|243|1114|13318|
20190527|253 |1|2|62488|2291|1998|1893|2228|3719|74617|
20190527|254 |0|1|5682|221|678|805|322|114|7822|
20190527|254 |0|2|34821|1567|1445|1118|2754|2299|44004|
20190527|254 |1|1|5385|224|589|649|261|664|7772|
20190527|254 |1|2|31068|1338|1158|842|2332|2076|38814|
20190527|651 |0|1|4517|92|172|115|33|102|5031|
20190527|651 |0|2|23018|594|1069|263|359|1417|26720|
20190527|651 |1|1|4703|86|217|125|25|577|5733|
20190527|651 |1|2|24942|590|1032|244|339|1606|28753|
20190527|685 |0|1|3989|206|732|716|343|71|6057|
20190527|685 |0|2|16605|964|1421|923|2643|954|23510|
20190527|685 |1|1|2974|185|684|605|309|324|5081|
20190527|685 |1|2|17357|1085|1489|852|2622|1083|24488|
20190528|101 |0|1|13149|338|877|584|113|239|15300|
20190528|101 |0|2|74143|2651|8912|1579|1089|3593|91967|
20190528|101 |1|1|12153|399|906|794|185|1167|15604|
20190528|101 |1|2|71766|2940|9126|2112|1387|3622|90953|
20190528|190 |0|1|7878|346|1191|886|208|113|10622|
20190528|190 |0|2|46591|2991|3139|2031|1774|2235|58761|
20190528|190 |1|1|7567|390|796|996|256|701|10706|
20190528|190 |1|2|44345|2900|3071|2316|1985|2175|56792|
20190528|253 |0|1|11341|425|1257|892|228|276|14419|
20190528|253 |0|2|70535|2832|2281|2118|2611|4073|84450|
20190528|253 |1|1|10399|446|989|1040|336|1236|14446|
20190528|253 |1|2|65764|2964|2331|2438|3276|3875|80648|
20190528|254 |0|1|5569|268|830|855|393|141|8056|
20190528|254 |0|2|34321|1734|1425|1276|3316|2231|44303|
20190528|254 |1|1|5568|270|785|815|340|689|8467|
20190528|254 |1|2|32670|1521|1245|1017|2758|2148|41359|
20190528|651 |0|1|5109|126|223|172|61|114|5805|
20190528|651 |0|2|26864|731|1146|360|575|1632|31308|
20190528|651 |1|1|4614|139|293|135|37|495|5713|
20190528|651 |1|2|26271|716|1111|296|507|1598|30499|
20190528|685 |0|1|3558|246|878|897|400|81|6060|
20190528|685 |0|2|19912|1333|1612|1145|3513|1147|28662|
20190528|685 |1|1|2955|256|858|769|402|293|5533|
20190528|685 |1|2|18101|1381|1517|1063|3375|1119|26556|
20190529|101 |0|1|13407|331|894|543|132|243|15550|
20190529|101 |0|2|74265|2623|9174|1578|1108|3680|92428|
20190529|101 |1|1|12794|431|928|892|207|1300|16552|
20190529|101 |1|2|75377|3077|9507|2206|1562|3763|95492|
20190529|190 |0|1|7621|384|1149|925|219|124|10422|
20190529|190 |0|2|45053|2792|3317|1872|1910|2059|57003|
20190529|190 |1|1|7371|413|846|1021|262|711|10624|
20190529|190 |1|2|44695|2856|3286|2174|2179|2099|57289|
20190529|253 |0|1|11026|400|1141|884|242|258|13951|
20190529|253 |0|2|69187|2758|2241|2086|2612|3936|82820|
20190529|253 |1|1|10030|386|954|974|356|1230|13930|
20190529|253 |1|2|65585|2809|2260|2411|3327|3768|80160|
20190529|254 |0|1|5361|250|748|818|387|137|7701|
20190529|254 |0|2|33851|1743|1413|1190|3063|2172|43432|
20190529|254 |1|1|5567|252|687|803|376|667|8352|
20190529|254 |1|2|32045|1541|1220|1017|2571|2095|40489|
20190529|651 |0|1|5025|128|244|179|55|119|5750|
20190529|651 |0|2|26240|674|1267|378|530|1556|30645|
20190529|651 |1|1|4742|137|292|155|49|549|5924|
20190529|651 |1|2|26288|723|1220|281|499|1629|30640|
20190529|685 |0|1|3474|241|883|901|455|61|6015|
20190529|685 |0|2|19541|1315|1563|1224|3563|1148|28354|
20190529|685 |1|1|3085|245|850|842|446|307|5775|
20190529|685 |1|2|18597|1383|1515|1090|3314|1115|27014|
20190530|101 |0|1|13691|360|904|590|161|235|15941|
20190530|101 |0|2|73366|2624|8815|1566|1064|3527|90962|
20190530|101 |1|1|12748|425|919|894|213|1259|16458|
20190530|101 |1|2|75609|3045|9188|2287|1490|3834|95453|
20190530|190 |0|1|7748|370|1173|928|203|126|10548|
20190530|190 |0|2|45332|2862|3112|2016|2080|2134|57536|
20190530|190 |1|1|7428|369|854|1024|289|695|10659|
20190530|190 |1|2|45331|2905|3064|2281|2255|2127|57963|
20190530|253 |0|1|11298|408|1209|912|234|267|14328|
20190530|253 |0|2|70108|2751|2252|2066|2393|3885|83455|
20190530|253 |1|1|10400|430|978|1051|363|1249|14471|
20190530|253 |1|2|67572|2794|2294|2460|3145|3784|82049|
20190530|254 |0|1|5374|253|766|964|415|122|7894|
20190530|254 |0|2|34262|1742|1452|1212|3045|2286|43999|
20190530|254 |1|1|5436|255|698|744|336|633|8102|
20190530|254 |1|2|32434|1456|1237|999|2589|2167|40882|
20190530|651 |0|1|5010|124|255|155|47|102|5693|
20190530|651 |0|2|26664|699|1183|351|598|1569|31064|
20190530|651 |1|1|4870|136|345|140|49|514|6054|
20190530|651 |1|2|26986|686|1114|274|525|1616|31201|
20190530|685 |0|1|3287|250|927|822|399|69|5754|
20190530|685 |0|2|19016|1278|1622|1146|3393|1113|27568|
20190530|685 |1|1|3113|260|798|807|429|331|5738|
20190530|685 |1|2|19159|1420|1602|1112|3288|1176|27757|
20190531|101 |0|1|14554|350|881|540|142|230|16697|
20190531|101 |0|2|77234|2655|9798|1517|1104|3649|95957|
20190531|101 |1|1|14310|395|998|869|244|1378|18194|
20190531|101 |1|2|79698|3099|10047|2103|1455|3944|100346|
20190531|190 |0|1|8981|341|1106|878|217|119|11642|
20190531|190 |0|2|62275|2794|3311|1964|1876|2780|75000|
20190531|190 |1|1|8426|378|806|941|271|835|11657|
20190531|190 |1|2|48822|2819|3184|2317|2097|2387|61626|
20190531|253 |0|1|12542|406|1094|832|224|262|15360|
20190531|253 |0|2|75693|2649|2187|1998|2433|4135|89095|
20190531|253 |1|1|11887|452|979|983|365|1351|16017|
20190531|253 |1|2|73481|2786|2227|2314|3298|4103|88209|
20190531|254 |0|1|5803|276|835|968|741|140|8763|
20190531|254 |0|2|35452|1669|1320|962|2656|2206|44265|
20190531|254 |1|1|5824|279|673|821|373|677|8647|
20190531|254 |1|2|34698|1492|1261|1025|2661|2236|43373|
