20180501|101 |0|1|16910|294|693|446|103|273|18719|
20180501|101 |0|2|69363|2215|7609|1144|687|2939|83957|
20180501|101 |1|1|15940|345|707|672|144|1458|19266|
20180501|101 |1|2|67436|2473|7777|1628|875|2821|83010|
20180501|190 |0|1|9523|269|782|569|124|97|11364|
20180501|190 |0|2|42679|2023|2826|1170|772|1808|51278|
20180501|190 |1|1|9979|289|583|727|146|797|12521|
20180501|190 |1|2|44222|1989|2873|1457|909|1772|53222|
20180501|253 |0|1|13444|320|758|495|142|211|15370|
20180501|253 |0|2|60612|1793|1241|1059|1197|3197|69099|
20180501|253 |1|1|13138|286|582|591|199|1223|16019|
20180501|253 |1|2|58880|1765|1209|1212|1387|2969|67422|
20180501|254 |0|1|6777|223|452|465|236|151|8304|
20180501|254 |0|2|30663|995|1074|647|1308|1674|36361|
20180501|254 |1|1|6928|202|417|472|185|756|8960|
20180501|254 |1|2|29751|902|1027|651|1139|1652|35122|
20180501|651 |0|1|7163|111|150|146|41|123|7734|
20180501|651 |0|2|30270|516|1024|242|306|1414|33772|
20180501|651 |1|1|7360|131|202|120|39|639|8491|
20180501|651 |1|2|32014|549|921|196|261|1434|35375|
20180501|685 |0|1|4220|147|451|407|241|65|5531|
20180501|685 |0|2|16671|654|1318|590|1668|845|21746|
20180501|685 |1|1|3846|145|415|421|232|336|5395|
20180501|685 |1|2|16785|691|1251|572|1609|807|21715|
20180502|101 |0|1|15774|406|843|540|159|339|18061|
20180502|101 |0|2|68316|2530|9127|1344|884|3344|85545|
20180502|101 |1|1|13172|420|849|656|162|1404|16663|
20180502|101 |1|2|67294|2940|9292|1720|1168|3495|85909|
20180502|190 |0|1|8323|348|1058|981|178|118|11006|
20180502|190 |0|2|42198|2811|3341|1722|1247|2230|53549|
20180502|190 |1|1|7587|389|790|902|211|760|10639|
20180502|190 |1|2|39010|2743|3402|1738|1333|2078|50304|
20180502|253 |0|1|11917|416|1059|818|250|276|14736|
20180502|253 |0|2|65403|2580|2234|1954|2090|3959|78220|
20180502|253 |1|1|10819|440|906|892|353|1188|14598|
20180502|253 |1|2|60892|2677|2215|2024|2459|3774|74041|
20180502|254 |0|1|6235|302|761|868|442|190|8798|
20180502|254 |0|2|32971|1779|1390|1112|3034|2315|42601|
20180502|254 |1|1|5990|301|687|712|370|690|8750|
20180502|254 |1|2|30444|1454|1272|842|2587|2040|38639|
20180502|651 |0|1|4972|112|178|132|53|99|5546|
20180502|651 |0|2|21659|624|1114|276|385|1401|25459|
20180502|651 |1|1|4818|150|236|132|31|483|5850|
20180502|651 |1|2|22152|614|1064|240|339|1514|25923|
20180502|685 |0|1|3465|245|875|825|421|87|5918|
20180502|685 |0|2|18108|1225|1627|977|2877|1055|25869|
20180502|685 |1|1|3172|268|750|765|416|371|5742|
20180502|685 |1|2|17758|1295|1583|882|2690|1107|25315|
20180503|101 |0|1|15720|442|929|655|157|300|18203|
20180503|101 |0|2|73265|2914|9140|1467|1062|3584|91432|
20180503|101 |1|1|14289|493|948|896|229|1360|18215|
20180503|101 |1|2|70305|3334|9488|2077|1434|3517|90155|
20180503|190 |0|1|9001|420|1257|1027|203|129|12037|
20180503|190 |0|2|44955|3132|3388|1893|1465|2166|56999|
20180503|190 |1|1|8412|452|921|1092|288|751|11916|
20180503|190 |1|2|42611|3047|3347|2093|1779|2076|54953|
20180503|253 |0|1|12644|544|1249|1015|365|285|16102|
20180503|253 |0|2|68479|2912|2410|2180|2339|3982|82302|
20180503|253 |1|1|12038|556|1094|1131|469|1245|16533|
20180503|253 |1|2|65999|3041|2360|2438|3171|3960|80969|
20180503|254 |0|1|6256|387|858|1000|548|183|9232|
20180503|254 |0|2|34018|1928|1491|1247|3515|2237|44436|
20180503|254 |1|1|6203|355|718|852|509|728|9365|
20180503|254 |1|2|32463|1564|1297|1030|2737|2063|41154|
20180503|651 |0|1|5382|154|222|180|48|136|6122|
20180503|651 |0|2|24822|725|1130|348|424|1481|28930|
20180503|651 |1|1|5035|190|324|171|45|523|6288|
20180503|651 |1|2|24010|713|1134|280|359|1527|28023|
20180503|685 |0|1|3500|270|917|904|538|70|6199|
20180503|685 |0|2|18038|1333|1585|1058|3378|1068|26460|
20180503|685 |1|1|3236|324|890|850|536|329|6165|
20180503|685 |1|2|17851|1423|1610|1023|3332|1130|26369|
20180504|101 |0|1|19666|424|914|553|181|324|22062|
20180504|101 |0|2|81288|2706|10259|1276|894|3650|100073|
20180504|101 |1|1|16814|462|1013|887|261|1620|21057|
20180504|101 |1|2|77368|3263|10201|1998|1327|3819|97976|
20180504|190 |0|1|22369|849|7142|1193|8945|476|40974|
20180504|190 |0|2|62672|2999|3343|1608|1429|2667|74718|
20180504|190 |1|1|10449|495|918|1079|338|1010|14289|
20180504|190 |1|2|50484|3002|3196|2120|1792|2491|63085|
20180504|253 |0|1|16693|525|1307|930|326|381|20162|
20180504|253 |0|2|83644|2851|2256|1944|2397|4434|97526|
20180504|253 |1|1|14279|547|1194|1207|536|1657|19420|
20180504|253 |1|2|73513|3045|2255|2228|3205|4403|88649|
20180504|254 |0|1|7449|348|858|978|592|185|10410|
20180504|254 |0|2|38442|1889|1477|1221|3106|2429|48564|
20180504|254 |1|1|6952|351|809|889|565|809|10375|
20180504|254 |1|2|35006|1564|1337|983|2595|2202|43687|
20180504|651 |0|1|8502|144|220|224|68|193|9351|
20180504|651 |0|2|37861|762|1208|366|490|1874|42561|
20180504|651 |1|1|6256|189|337|141|53|650|7626|
20180504|651 |1|2|28414|768|1262|281|400|1772|32897|
20180504|685 |0|1|5374|302|923|925|684|90|8298|
20180504|685 |0|2|26105|1367|1694|961|3249|1403|34779|
20180504|685 |1|1|4183|315|847|878|476|431|7130|
20180504|685 |1|2|21804|1461|1593|1028|3382|1314|30582|
20180505|101 |0|1|24919|232|550|269|70|234|26274|
20180505|101 |0|2|68981|1241|9076|573|429|2365|82665|
20180505|101 |1|1|19276|292|540|385|91|1562|22146|
20180505|101 |1|2|68484|1708|8225|914|667|2519|82517|
20180505|190 |0|1|20246|167|438|341|136|159|21487|
20180505|190 |0|2|56085|966|1629|421|615|1843|61559|
20180505|190 |1|1|12570|213|323|405|136|1057|14704|
20180505|190 |1|2|49817|1255|2228|692|947|1994|56933|
20180505|253 |0|1|19628|189|349|294|112|262|20834|
20180505|253 |0|2|74166|946|766|488|1000|3156|80522|
20180505|253 |1|1|16868|220|380|418|285|1577|19748|
20180505|253 |1|2|67783|1149|856|626|1674|3118|75206|
20180505|254 |0|1|10277|133|313|297|153|142|11315|
20180505|254 |0|2|42640|648|1063|408|1258|1987|48004|
20180505|254 |1|1|9577|160|298|348|247|980|11610|
20180505|254 |1|2|37369|671|991|482|1084|1926|42523|
20180505|651 |0|1|12162|73|98|111|32|212|12688|
20180505|651 |0|2|40294|302|796|162|162|1521|43237|
20180505|651 |1|1|7971|73|154|61|18|690|8967|
20180505|651 |1|2|30896|377|843|109|191|1304|33720|
20180505|685 |0|1|7399|82|273|235|176|80|8245|
20180505|685 |0|2|21293|279|632|287|922|821|24234|
20180505|685 |1|1|5267|68|276|275|168|478|6532|
20180505|685 |1|2|19384|397|1107|359|1267|830|23344|
20180506|101 |0|1|18698|119|284|105|13|194|19413|
20180506|101 |0|2|66413|738|6928|373|114|2491|77057|
20180506|101 |1|1|20156|152|419|238|30|1517|22512|
20180506|101 |1|2|72612|832|7708|650|169|2528|84499|
20180506|190 |0|1|12630|82|230|122|27|91|13182|
20180506|190 |0|2|49101|559|1917|269|144|1840|53830|
20180506|190 |1|1|13954|102|148|211|39|1081|15535|
20180506|190 |1|2|54761|448|1743|433|182|1844|59411|
20180506|253 |0|1|17036|113|172|93|43|187|17644|
20180506|253 |0|2|64433|539|617|203|334|2921|69047|
20180506|253 |1|1|17833|91|125|142|49|1499|19739|
20180506|253 |1|2|67668|444|575|227|358|2844|72116|
20180506|254 |0|1|8122|68|94|85|35|105|8509|
20180506|254 |0|2|31804|298|711|147|199|1646|34805|
20180506|254 |1|1|8696|59|87|88|28|866|9824|
20180506|254 |1|2|32484|218|718|151|142|1564|35277|
20180506|651 |0|1|9166|37|42|31|7|135|9418|
20180506|651 |0|2|33451|126|826|37|43|1413|35896|
20180506|651 |1|1|10604|43|87|57|10|937|11738|
20180506|651 |1|2|40881|167|855|41|40|1619|43603|
20180506|685 |0|1|5846|30|103|84|55|83|6201|
20180506|685 |0|2|20375|158|1038|134|364|789|22858|
20180506|685 |1|1|6084|39|87|98|46|494|6848|
20180506|685 |1|2|23447|183|831|148|320|840|25769|
20180507|101 |0|1|19485|248|562|343|82|249|20969|
20180507|101 |0|2|76000|1778|7524|904|634|2947|89787|
20180507|101 |1|1|21686|273|608|418|79|1728|24792|
20180507|101 |1|2|83181|1934|8638|904|701|2999|98357|
20180507|190 |0|1|12168|224|667|657|122|94|13932|
20180507|190 |0|2|49891|1642|2388|1103|912|2045|57981|
20180507|190 |1|1|14513|228|392|458|118|1114|16823|
20180507|190 |1|2|58707|1448|1986|857|960|2003|65961|
20180507|253 |0|1|16382|239|514|472|151|260|18018|
20180507|253 |0|2|70794|1396|921|839|1307|3431|78688|
20180507|253 |1|1|18454|233|378|388|171|1660|21284|
20180507|253 |1|2|76235|1311|905|665|1696|3312|84124|
20180507|254 |0|1|8652|170|332|408|172|139|9873|
20180507|254 |0|2|37522|881|944|519|1389|2032|43287|
20180507|254 |1|1|8737|144|272|285|159|910|10507|
20180507|254 |1|2|34880|751|862|380|1000|1820|39693|
20180507|651 |0|1|7723|94|144|99|23|143|8226|
20180507|651 |0|2|29662|428|929|150|212|1302|32683|
20180507|651 |1|1|11116|112|235|130|29|897|12519|
20180507|651 |1|2|39364|431|762|135|201|1516|42409|
20180507|685 |0|1|5302|120|387|371|210|112|6502|
20180507|685 |0|2|21568|525|1352|522|1563|1065|26595|
20180507|685 |1|1|5837|132|336|317|162|529|7313|
20180507|685 |1|2|25022|553|1134|394|1434|1028|29565|
20180508|101 |0|1|17741|392|945|655|204|340|20277|
20180508|101 |0|2|73926|2679|8632|1327|992|3532|91088|
20180508|101 |1|1|16170|445|859|736|200|1599|20009|
20180508|101 |1|2|76008|3106|9185|1859|1372|3784|95314|
20180508|190 |0|1|9733|405|1140|1007|192|141|12618|
20180508|190 |0|2|47214|2937|3194|1831|1615|2292|59083|
20180508|190 |1|1|9834|442|823|903|224|890|13116|
20180508|190 |1|2|46122|2838|3188|1909|1748|2346|58151|
20180508|253 |0|1|13694|502|1171|1010|303|295|16975|
20180508|253 |0|2|72402|2817|2223|2007|2548|4326|86323|
20180508|253 |1|1|12864|493|997|1013|385|1403|17155|
20180508|253 |1|2|67935|2866|2203|2128|3157|4060|82349|
20180508|254 |0|1|6773|366|783|1005|599|167|9693|
20180508|254 |0|2|35618|1827|1397|1176|3269|2478|45765|
20180508|254 |1|1|6653|301|725|785|428|755|9647|
20180508|254 |1|2|32285|1501|1263|849|2680|2139|40717|
20180508|651 |0|1|5864|136|215|177|59|134|6585|
20180508|651 |0|2|24948|681|1031|309|472|1566|29007|
20180508|651 |1|1|5973|145|286|157|49|627|7237|
20180508|651 |1|2|27006|697|1008|268|406|1668|31053|
20180508|685 |0|1|4076|268|938|924|516|109|6831|
20180508|685 |0|2|18894|1331|1614|1024|3314|1087|27264|
20180508|685 |1|1|3682|335|811|775|507|416|6526|
20180508|685 |1|2|19161|1418|1544|945|3159|1313|27540|
20180509|101 |0|1|15771|417|922|653|188|328|18279|
20180509|101 |0|2|73517|2828|9273|1482|1099|3570|91769|
20180509|101 |1|1|14526|434|976|939|231|1475|18581|
20180509|101 |1|2|71475|3330|9619|2038|1549|3576|91587|
20180509|190 |0|1|8930|425|1201|1075|211|138|11980|
20180509|190 |0|2|44435|3001|3443|1853|1896|2203|56831|
20180509|190 |1|1|8428|444|929|1206|281|756|12044|
20180509|190 |1|2|41572|2998|3349|2111|2121|2159|54310|
20180509|253 |0|1|12877|531|1283|1004|327|326|16348|
20180509|253 |0|2|68960|2984|2376|2170|2743|4109|83342|
20180509|253 |1|1|11843|527|1084|1117|446|1275|16292|
20180509|253 |1|2|64104|3016|2412|2484|3384|4000|79400|
20180509|254 |0|1|5776|322|750|917|537|156|8458|
20180509|254 |0|2|33009|1835|1496|1223|3318|2228|43109|
20180509|254 |1|1|6190|329|790|936|485|705|9435|
20180509|254 |1|2|31691|1586|1317|1036|2645|2151|40426|
20180509|651 |0|1|5647|127|243|184|49|126|6376|
20180509|651 |0|2|24948|720|1128|351|539|1446|29132|
20180509|651 |1|1|5150|165|309|166|40|547|6377|
20180509|651 |1|2|24644|709|1091|292|443|1522|28701|
20180509|685 |0|1|3507|291|919|925|566|91|6299|
20180509|685 |0|2|18212|1361|1676|1090|3357|1139|26835|
20180509|685 |1|1|3270|336|818|818|544|363|6149|
20180509|685 |1|2|17756|1396|1551|1022|3271|1171|26167|
20180510|101 |0|1|16496|484|970|696|186|306|19138|
20180510|101 |0|2|74267|2811|9418|1483|1051|3432|92462|
20180510|101 |1|1|15169|501|982|915|254|1501|19322|
20180510|101 |1|2|73602|3367|9678|2150|1521|3529|93847|
20180510|190 |0|1|9146|438|1277|1036|178|144|12219|
20180510|190 |0|2|44633|3054|3498|1879|1929|2122|57115|
20180510|190 |1|1|8782|482|919|1126|253|783|12345|
20180510|190 |1|2|42200|3023|3420|2091|1976|2044|54754|
20180510|253 |0|1|12596|549|1262|1020|325|305|16057|
20180510|253 |0|2|68822|2933|2476|2114|2452|4152|82949|
20180510|253 |1|1|11853|566|1091|1124|424|1331|16389|
20180510|253 |1|2|64933|3052|2479|2399|3219|3889|79971|
20180510|254 |0|1|6006|322|874|948|597|150|8897|
20180510|254 |0|2|33167|1767|1467|1126|3164|2258|42949|
20180510|254 |1|1|6029|307|726|806|465|679|9012|
20180510|254 |1|2|31175|1516|1264|968|2566|1989|39478|
20180510|651 |0|1|5516|158|247|194|66|136|6317|
20180510|651 |0|2|25269|752|1175|349|472|1457|29474|
20180510|651 |1|1|5503|194|330|179|52|574|6832|
20180510|651 |1|2|25482|745|1138|271|402|1530|29568|
20180510|685 |0|1|3530|265|961|900|577|96|6329|
20180510|685 |0|2|18132|1357|1727|1146|3515|1087|26964|
20180510|685 |1|1|3388|282|888|849|509|359|6275|
20180510|685 |1|2|18633|1389|1642|1028|3401|1162|27255|
20180511|101 |0|1|17021|423|956|622|184|309|19515|
20180511|101 |0|2|76532|2828|10374|1397|1026|3567|95724|
20180511|101 |1|1|16646|484|1077|847|237|1631|20922|
20180511|101 |1|2|78154|3285|10674|2081|1490|3905|99589|
20180511|190 |0|1|10582|430|1227|1014|214|153|13620|
20180511|190 |0|2|51244|2930|3581|1745|1852|2359|63711|
20180511|190 |1|1|9703|509|996|1028|282|896|13414|
20180511|190 |1|2|47794|2927|3398|1963|1937|2375|60394|
20180511|253 |0|1|14143|521|1290|906|311|338|17509|
20180511|253 |0|2|73558|2900|2598|2037|2468|4159|87720|
20180511|253 |1|1|13591|552|1024|1101|422|1453|18143|
20180511|253 |1|2|71060|2990|2490|2294|3146|4248|86228|
20180511|254 |0|1|6737|368|881|886|464|192|9528|
20180511|254 |0|2|35780|1847|1643|1091|3309|2368|46038|
20180511|254 |1|1|6601|342|762|876|432|735|9748|
20180511|254 |1|2|33802|1541|1394|1023|2658|2197|42615|
20180511|651 |0|1|7353|145|269|195|56|157|8175|
20180511|651 |0|2|32787|750|1266|364|511|1714|37392|
20180511|651 |1|1|6016|177|379|173|44|609|7398|
20180511|651 |1|2|27705|751|1302|303|436|1654|32151|
20180511|685 |0|1|4071|284|920|863|537|103|6778|
20180511|685 |0|2|20182|1372|1664|1082|3409|1178|28887|
20180511|685 |1|1|3989|308|843|889|498|410|6937|
20180511|685 |1|2|20768|1427|1590|1051|3405|1241|29482|
20180512|101 |0|1|18090|200|448|244|73|188|19243|
20180512|101 |0|2|67242|1639|9472|722|619|2674|82368|
20180512|101 |1|1|17188|313|652|463|86|1396|20098|
20180512|101 |1|2|65458|2087|9398|1152|835|2631|81561|
20180512|190 |0|1|12339|207|537|331|77|109|13600|
20180512|190 |0|2|48266|1305|2598|505|648|1825|55147|
20180512|190 |1|1|11055|216|398|486|112|942|13209|
20180512|190 |1|2|45785|1374|2648|964|872|1833|53476|
20180512|253 |0|1|15065|209|494|338|141|229|16476|
20180512|253 |0|2|63606|1155|1338|673|1242|3114|71128|
20180512|253 |1|1|14362|225|459|528|201|1362|17137|
20180512|253 |1|2|60189|1314|1261|978|1781|3052|68575|
20180512|254 |0|1|7118|144|345|338|204|113|8262|
20180512|254 |0|2|31492|739|1096|476|1531|1795|37129|
20180512|254 |1|1|7367|138|321|380|202|770|9178|
20180512|254 |1|2|30663|713|977|541|1271|1635|35800|
20180512|651 |0|1|9169|78|133|98|24|156|9658|
20180512|651 |0|2|35312|429|1320|184|252|1564|39061|
20180512|651 |1|1|6817|95|192|91|11|648|7854|
20180512|651 |1|2|28960|442|1274|119|227|1406|32428|
20180512|685 |0|1|4803|92|365|313|240|75|5888|
20180512|685 |0|2|19003|432|1307|408|1470|869|23489|
20180512|685 |1|1|4749|107|350|413|237|461|6317|
20180512|685 |1|2|18864|526|1293|496|1660|914|23753|
20180513|101 |0|1|18409|150|287|142|21|195|19204|
20180513|101 |0|2|71242|898|7587|419|196|2737|83079|
20180513|101 |1|1|17823|187|458|279|43|1416|20206|
20180513|101 |1|2|69467|933|8274|686|242|2721|82323|
20180513|190 |0|1|11315|125|281|153|28|101|12003|
20180513|190 |0|2|44723|718|2364|400|218|1840|50263|
20180513|190 |1|1|11882|133|165|224|51|937|13392|
20180513|190 |1|2|48139|585|2215|509|226|1698|53372|
20180513|253 |0|1|15468|132|210|138|54|182|16184|
20180513|253 |0|2|63349|695|929|334|420|3005|68732|
20180513|253 |1|1|14903|116|145|180|61|1344|16749|
20180513|253 |1|2|59964|545|870|326|382|2667|64754|
20180513|254 |0|1|7911|76|124|130|60|104|8405|
20180513|254 |0|2|32130|352|815|182|320|1624|35423|
20180513|254 |1|1|8009|73|116|132|42|798|9170|
20180513|254 |1|2|30931|268|787|185|241|1645|34057|
20180513|651 |0|1|7021|54|56|47|11|172|7361|
20180513|651 |0|2|27965|193|1127|64|95|1200|30644|
20180513|651 |1|1|8841|56|120|59|10|728|9814|
20180513|651 |1|2|36551|224|1058|62|74|1433|39402|
20180513|685 |0|1|4966|42|133|109|88|66|5404|
20180513|685 |0|2|18336|232|1138|199|417|816|21138|
20180513|685 |1|1|4634|50|107|103|61|409|5364|
20180513|685 |1|2|17866|227|1066|166|410|725|20460|
20180514|101 |0|1|16669|376|931|582|180|317|19055|
20180514|101 |0|2|75811|2556|9213|1401|826|3680|93487|
20180514|101 |1|1|15244|440|894|713|221|1509|19021|
20180514|101 |1|2|73875|3059|9416|1679|1201|3764|92994|
20180514|190 |0|1|9657|435|1112|1098|180|166|12648|
20180514|190 |0|2|47837|2847|3199|1734|1301|2276|59194|
20180514|190 |1|1|8578|469|772|888|206|797|11710|
20180514|190 |1|2|41621|2725|3210|1583|1493|2178|52810|
20180514|253 |0|1|13461|476|1152|912|271|284|16556|
20180514|253 |0|2|70125|2790|2164|2004|2416|4139|83638|
20180514|253 |1|1|12158|522|939|928|396|1295|16238|
20180514|253 |1|2|64547|2814|2220|2027|2948|3959|78515|
20180514|254 |0|1|6581|358|793|903|522|182|9339|
20180514|254 |0|2|34256|1721|1461|1142|3277|2322|44179|
20180514|254 |1|1|6162|281|694|690|400|720|8947|
20180514|254 |1|2|31099|1443|1246|776|2527|2036|39127|
20180514|651 |0|1|5979|140|208|173|50|151|6701|
20180514|651 |0|2|25367|640|1139|303|480|1474|29403|
20180514|651 |1|1|5833|149|293|164|37|588|7064|
20180514|651 |1|2|26307|677|1022|274|439|1666|30385|
20180514|685 |0|1|4588|263|907|874|586|119|7337|
20180514|685 |0|2|18450|1307|1488|1043|3245|1059|26592|
20180514|685 |1|1|3497|304|851|781|509|379|6321|
20180514|685 |1|2|18629|1406|1588|895|3070|1187|26775|
20180515|101 |0|1|15998|449|972|682|185|310|18596|
20180515|101 |0|2|71937|2761|9215|1479|975|3399|89766|
20180515|101 |1|1|14942|482|1030|958|285|1463|19160|
20180515|101 |1|2|73491|3274|9492|2114|1418|3592|93381|
20180515|190 |0|1|9090|407|1289|1154|221|140|12301|
20180515|190 |0|2|45417|3017|3338|1992|1729|2245|57738|
20180515|190 |1|1|8512|453|922|1147|291|817|12142|
20180515|190 |1|2|42986|2949|3299|2249|1898|2156|55537|
20180515|253 |0|1|12773|492|1317|1003|332|307|16224|
20180515|253 |0|2|68120|2947|2452|2178|2532|4084|82313|
20180515|253 |1|1|12282|564|1198|1289|555|1352|17240|
20180515|253 |1|2|66033|3053|2450|2447|3235|3925|81143|
20180515|254 |0|1|6166|372|804|974|500|169|8985|
20180515|254 |0|2|33996|1879|1527|1197|3404|2285|44288|
20180515|254 |1|1|6208|338|783|829|444|703|9305|
20180515|254 |1|2|31841|1607|1368|1035|2823|2080|40754|
20180515|651 |0|1|5685|147|251|178|60|177|6498|
20180515|651 |0|2|25336|783|1164|375|513|1535|29706|
20180515|651 |1|1|5557|176|304|155|47|571|6810|
20180515|651 |1|2|25684|737|1145|279|450|1607|29902|
20180515|685 |0|1|3884|283|881|990|751|88|6877|
20180515|685 |0|2|18460|1354|1681|1043|3423|1108|27069|
20180515|685 |1|1|3510|326|903|834|486|346|6405|
20180515|685 |1|2|18393|1470|1603|1019|3462|1145|27092|
20180516|101 |0|1|14341|358|821|518|142|235|16415|
20180516|101 |0|2|65039|2487|9456|1326|826|3103|82237|
20180516|101 |1|1|13283|421|874|802|182|1293|16855|
20180516|101 |1|2|65969|2951|9876|1873|1063|3334|85066|
20180516|190 |0|1|7369|345|1050|732|161|94|9751|
20180516|190 |0|2|39090|2698|3406|1575|1223|1999|49991|
20180516|190 |1|1|7534|378|792|859|236|672|10471|
20180516|190 |1|2|38101|2633|3287|1732|1364|1921|49038|
20180516|253 |0|1|11096|396|1049|830|233|283|13887|
20180516|253 |0|2|60930|2489|2351|1937|2022|3708|73437|
20180516|253 |1|1|10700|420|940|873|308|1144|14385|
20180516|253 |1|2|58942|2605|2272|2142|2313|3625|71899|
20180516|254 |0|1|5571|304|733|789|390|153|7940|
20180516|254 |0|2|30812|1650|1385|1040|2749|2034|39670|
20180516|254 |1|1|5577|242|683|778|378|622|8280|
20180516|254 |1|2|28921|1423|1256|852|2257|1920|36629|
20180516|651 |0|1|4575|127|182|111|40|124|5159|
20180516|651 |0|2|20581|604|1174|299|410|1312|24380|
20180516|651 |1|1|4551|142|234|126|37|471|5561|
20180516|651 |1|2|21532|619|1180|227|374|1397|25329|
20180516|685 |0|1|3084|211|810|744|440|63|5352|
20180516|685 |0|2|16378|1135|1617|992|2998|1000|24120|
20180516|685 |1|1|3199|244|726|741|403|326|5639|
20180516|685 |1|2|17472|1209|1518|924|2932|1111|25166|
20180517|101 |0|1|14268|333|714|483|115|272|16185|
20180517|101 |0|2|65167|2477|9133|1210|657|3213|81857|
20180517|101 |1|1|13405|376|803|683|150|1260|16677|
20180517|101 |1|2|66039|2918|9418|1765|872|3396|84408|
20180517|190 |0|1|7830|309|999|665|169|111|10083|
20180517|190 |0|2|38490|2629|3224|1499|1035|1987|48864|
20180517|190 |1|1|7258|357|685|783|191|695|9969|
20180517|190 |1|2|37055|2565|3169|1722|1077|1846|47434|
20180517|253 |0|1|10916|389|981|730|228|267|13511|
20180517|253 |0|2|61257|2370|2241|1857|1755|3732|73212|
20180517|253 |1|1|10905|372|809|913|309|1195|14503|
20180517|253 |1|2|60104|2557|2291|2052|2078|3675|72757|
20180517|254 |0|1|5506|263|727|761|364|150|7771|
20180517|254 |0|2|30669|1584|1476|1060|2408|2109|39306|
20180517|254 |1|1|5586|261|602|720|339|641|8149|
20180517|254 |1|2|30133|1327|1268|876|2008|1993|37605|
20180517|651 |0|1|4494|103|163|121|43|113|5037|
20180517|651 |0|2|20382|599|1115|284|287|1318|23985|
20180517|651 |1|1|4298|131|249|118|34|486|5316|
20180517|651 |1|2|20607|632|1066|229|238|1408|24180|
20180517|685 |0|1|3222|217|746|684|401|89|5359|
20180517|685 |0|2|16667|1106|1530|936|2732|1030|24001|
20180517|685 |1|1|3005|222|690|685|378|327|5307|
20180517|685 |1|2|17571|1232|1542|907|2699|1117|25068|
20180518|101 |0|1|16776|395|907|522|123|285|19008|
20180518|101 |0|2|74669|2650|10233|1320|719|3517|93108|
20180518|101 |1|1|15728|483|1029|782|231|1581|19834|
20180518|101 |1|2|75621|3100|10366|1782|998|3699|95566|
20180518|190 |0|1|10200|402|1112|836|205|149|12904|
20180518|190 |0|2|50508|2793|3444|1736|1253|2403|62137|
20180518|190 |1|1|9266|437|794|971|232|942|12642|
20180518|190 |1|2|47320|2728|3349|1765|1386|2385|58933|
20180518|253 |0|1|13938|459|1135|799|230|328|16889|
20180518|253 |0|2|73765|2770|2425|2057|2024|4254|87295|
20180518|253 |1|1|13228|458|990|1037|335|1451|17499|
20180518|253 |1|2|71074|2900|2506|2255|2517|4283|85535|
20180518|254 |0|1|6548|331|814|869|468|181|9211|
20180518|254 |0|2|35370|1791|1558|1128|2956|2347|45150|
20180518|254 |1|1|6461|296|717|840|385|732|9431|
20180518|254 |1|2|33746|1525|1388|982|2481|2179|42301|
20180518|651 |0|1|6916|135|234|168|37|148|7638|
20180518|651 |0|2|31969|663|1230|288|320|1697|36167|
20180518|651 |1|1|5389|160|332|121|52|575|6629|
20180518|651 |1|2|25721|678|1343|237|277|1598|29854|
20180518|685 |0|1|4115|240|856|821|519|104|6655|
20180518|685 |0|2|20698|1264|1674|1022|3180|1214|29052|
20180518|685 |1|1|3754|277|865|768|482|403|6549|
20180518|685 |1|2|20440|1370|1521|955|2997|1235|28518|
20180519|101 |0|1|21307|300|517|292|117|266|22799|
20180519|101 |0|2|78879|1645|9600|697|516|2974|94311|
20180519|101 |1|1|19122|404|764|502|205|1658|22655|
20180519|101 |1|2|74894|2151|9268|1152|749|3030|91244|
20180519|190 |0|1|14745|243|587|360|110|126|16171|
20180519|190 |0|2|58098|1336|2399|623|705|2079|65240|
20180519|190 |1|1|11769|267|410|539|114|978|14077|
20180519|190 |1|2|49781|1512|2542|1090|958|1961|57844|
20180519|253 |0|1|18362|272|538|431|159|256|20018|
20180519|253 |0|2|73809|1353|1196|705|1327|3465|81855|
20180519|253 |1|1|16221|266|519|545|229|1591|19371|
20180519|253 |1|2|68268|1557|1186|1013|2056|3447|77527|
20180519|254 |0|1|8981|204|417|414|279|145|10440|
20180519|254 |0|2|39127|917|1198|580|1907|2080|45809|
20180519|254 |1|1|8636|186|381|479|229|924|10835|
20180519|254 |1|2|34932|859|1080|597|1556|1878|40902|
20180519|651 |0|1|11355|88|121|99|28|186|11877|
20180519|651 |0|2|43368|433|1079|196|193|1733|47002|
20180519|651 |1|1|7801|104|180|83|22|768|8958|
20180519|651 |1|2|33404|473|1208|107|205|1521|36918|
20180519|685 |0|1|6514|126|412|350|275|96|7773|
20180519|685 |0|2|21686|472|1108|453|1796|947|26462|
20180519|685 |1|1|5096|132|408|362|234|480|6712|
20180519|685 |1|2|20221|574|1305|564|2107|1028|25799|
20180520|101 |0|1|19634|154|368|167|34|202|20559|
20180520|101 |0|2|74556|936|7642|450|214|2785|86583|
20180520|101 |1|1|19222|212|502|335|91|1555|21917|
20180520|101 |1|2|72761|994|8385|813|265|2760|85978|
20180520|190 |0|1|12155|105|300|151|41|90|12842|
20180520|190 |0|2|49078|772|2412|419|247|1876|54804|
20180520|190 |1|1|12502|135|196|246|54|996|14129|
20180520|190 |1|2|50622|630|2188|534|240|1772|55986|
20180520|253 |0|1|16802|163|247|140|57|211|17620|
20180520|253 |0|2|66157|748|862|362|655|3047|71831|
20180520|253 |1|1|16923|148|176|205|72|1419|18943|
20180520|253 |1|2|66042|627|811|432|629|2935|71476|
20180520|254 |0|1|8078|75|124|160|80|114|8631|
20180520|254 |0|2|33266|387|806|196|378|1707|36740|
20180520|254 |1|1|8530|59|148|122|73|876|9808|
20180520|254 |1|2|32228|303|784|215|278|1593|35401|
20180520|651 |0|1|9535|55|61|54|9|133|9847|
20180520|651 |0|2|37457|201|1124|54|76|1453|40365|
20180520|651 |1|1|10476|71|106|56|9|873|11591|
20180520|651 |1|2|40909|227|1067|63|76|1567|43909|
20180520|685 |0|1|5259|57|139|138|72|71|5736|
20180520|685 |0|2|18805|238|1139|201|758|797|21938|
20180520|685 |1|1|5440|59|122|118|70|446|6255|
20180520|685 |1|2|20552|230|1081|162|690|837|23552|
20180521|101 |0|1|17590|360|908|570|138|325|19891|
20180521|101 |0|2|76123|2462|8434|1248|905|3492|92664|
20180521|101 |1|1|16642|461|820|746|216|1689|20574|
20180521|101 |1|2|75653|2880|8811|1605|1214|3659|93822|
20180521|190 |0|1|11115|387|1068|840|184|152|13746|
20180521|190 |0|2|52357|2759|2922|1623|1592|2510|63763|
20180521|190 |1|1|10517|438|843|868|223|997|13886|
20180521|190 |1|2|49386|2646|2933|1532|1607|2331|60435|
20180521|253 |0|1|15275|477|1153|882|267|343|18397|
20180521|253 |0|2|73318|2530|2013|1852|2209|4176|86098|
20180521|253 |1|1|13753|513|946|978|370|1505|18065|
20180521|253 |1|2|68872|2544|2069|1888|2893|3853|82119|
20180521|254 |0|1|7089|323|741|820|434|170|9577|
20180521|254 |0|2|36388|1697|1404|1081|3210|2396|46176|
20180521|254 |1|1|7284|290|708|677|358|836|10153|
20180521|254 |1|2|34526|1464|1237|773|2546|2136|42682|
20180521|651 |0|1|8832|155|248|169|58|191|9653|
20180521|651 |0|2|36149|670|1039|306|438|1905|40507|
20180521|651 |1|1|8134|155|343|180|49|759|9620|
20180521|651 |1|2|35506|708|927|261|355|1862|39619|
20180521|685 |0|1|4752|259|882|834|542|100|7369|
20180521|685 |0|2|20324|1178|1539|938|3233|1126|28338|
20180521|685 |1|1|3999|255|801|720|465|397|6637|
20180521|685 |1|2|19780|1319|1459|917|3117|1187|27779|
20180522|101 |0|1|16362|274|729|351|118|235|18069|
20180522|101 |0|2|66779|1893|6987|901|722|2642|79924|
20180522|101 |1|1|16613|355|649|591|149|1392|19749|
20180522|101 |1|2|65923|2104|7405|1425|995|2591|80443|
20180522|190 |0|1|9748|239|733|451|126|99|11396|
20180522|190 |0|2|41567|1769|2505|896|1088|1643|49468|
20180522|190 |1|1|10472|242|492|604|151|847|12808|
20180522|190 |1|2|44594|1627|2335|1266|1226|1605|52653|
20180522|253 |0|1|13026|252|643|376|152|216|14665|
20180522|253 |0|2|57648|1533|1104|837|1393|2765|65280|
20180522|253 |1|1|13582|243|532|532|175|1220|16284|
20180522|253 |1|2|58110|1485|1057|970|1747|2757|66126|
20180522|254 |0|1|5163|144|386|370|211|91|6365|
20180522|254 |0|2|31669|879|983|523|1269|1686|37009|
20180522|254 |1|1|7242|146|361|447|188|747|9131|
20180522|254 |1|2|29956|802|956|592|1098|1624|35028|
20180522|651 |0|1|7336|96|131|120|35|135|7853|
20180522|651 |0|2|29765|474|988|195|286|1308|33016|
20180522|651 |1|1|8520|107|233|109|20|702|9691|
20180522|651 |1|2|32994|463|804|165|207|1352|35985|
20180522|685 |0|1|4024|111|436|391|218|68|5248|
20180522|685 |0|2|16495|571|1282|504|1732|811|21395|
20180522|685 |1|1|4049|116|380|379|212|392|5528|
20180522|685 |1|2|17210|597|1194|489|1733|801|22024|
20180523|101 |0|1|15216|364|930|564|169|281|17524|
20180523|101 |0|2|73995|2616|8908|1356|940|3490|91305|
20180523|101 |1|1|14780|437|973|739|226|1520|18675|
20180523|101 |1|2|74396|3033|9211|1709|1288|3649|93286|
20180523|190 |0|1|9220|405|1105|993|228|139|12090|
20180523|190 |0|2|46548|2890|3300|1803|1430|2283|58254|
20180523|190 |1|1|8336|441|826|890|232|799|11524|
20180523|190 |1|2|41691|2848|3059|1571|1552|2139|52860|
20180523|253 |0|1|12747|476|1196|895|285|303|15902|
20180523|253 |0|2|69316|2834|2171|1991|2256|4198|82766|
20180523|253 |1|1|11509|522|1047|957|385|1286|15706|
20180523|253 |1|2|64443|2906|2223|2079|2909|3920|78480|
20180523|254 |0|1|6230|363|807|942|501|177|9020|
20180523|254 |0|2|35069|1875|1420|1182|3201|2403|45150|
20180523|254 |1|1|6243|306|694|760|370|737|9110|
20180523|254 |1|2|32164|1565|1282|853|2622|2161|40647|
20180523|651 |0|1|5534|133|209|154|40|104|6174|
20180523|651 |0|2|24219|683|1082|339|445|1498|28266|
20180523|651 |1|1|5496|169|272|137|51|619|6744|
20180523|651 |1|2|25878|681|1062|269|398|1629|29917|
20180523|685 |0|1|3758|288|1013|1038|823|95|7015|
20180523|685 |0|2|18960|1327|1552|987|2990|1066|26882|
20180523|685 |1|1|3345|280|892|783|454|326|6080|
20180523|685 |1|2|17843|1464|1535|920|3106|1153|26021|
20180524|101 |0|1|15585|420|920|687|229|296|18137|
20180524|101 |0|2|73357|2814|9115|1506|1186|3406|91384|
20180524|101 |1|1|15330|532|1005|988|263|1516|19634|
20180524|101 |1|2|75476|3361|9510|2217|1640|3799|96003|
20180524|190 |0|1|9108|399|1270|1036|210|136|12159|
20180524|190 |0|2|45869|3097|3449|2020|1787|2246|58468|
20180524|190 |1|1|8312|438|961|1079|300|791|11881|
20180524|190 |1|2|42110|2999|3243|2217|1904|2092|54565|
20180524|253 |0|1|12658|559|1306|1014|344|330|16211|
20180524|253 |0|2|68887|3053|2325|2275|2632|4157|83329|
20180524|253 |1|1|11503|505|1073|1130|430|1232|15873|
20180524|253 |1|2|63796|2936|2305|2396|3301|3900|78634|
20180524|254 |0|1|6042|363|852|898|492|170|8817|
20180524|254 |0|2|32327|1762|1432|1303|3544|2206|42574|
20180524|254 |1|1|6080|329|795|819|445|648|9116|
20180524|254 |1|2|30226|1591|1301|1017|2882|2008|39025|
20180524|651 |0|1|5667|153|232|197|70|130|6449|
20180524|651 |0|2|25525|784|1115|369|513|1461|29767|
20180524|651 |1|1|5370|180|344|156|45|557|6652|
20180524|651 |1|2|25153|770|1073|301|470|1567|29334|
20180524|685 |0|1|3495|318|927|1000|783|74|6597|
20180524|685 |0|2|17944|1352|1556|1114|3559|1090|26615|
20180524|685 |1|1|3484|306|877|799|524|329|6319|
20180524|685 |1|2|18414|1410|1479|1053|3498|1209|27063|
20180525|101 |0|1|16963|455|920|646|168|316|19468|
20180525|101 |0|2|75688|2793|9977|1418|1164|3440|94480|
20180525|101 |1|1|16468|516|1054|885|258|1526|20707|
20180525|101 |1|2|78335|3332|10316|1989|1549|3847|99368|
20180525|190 |0|1|10140|428|1271|1022|211|139|13211|
20180525|190 |0|2|50746|2997|3380|1821|1764|2405|63113|
20180525|190 |1|1|9568|459|946|1080|292|932|13277|
20180525|190 |1|2|47780|2939|3322|2097|1940|2372|60450|
20180525|253 |0|1|13941|522|1330|1066|331|364|17554|
20180525|253 |0|2|73563|2931|2393|2013|2433|4229|87562|
20180525|253 |1|1|13196|512|1101|1127|401|1478|17815|
20180525|253 |1|2|71014|3036|2410|2379|3357|4236|86432|
20180525|254 |0|1|6712|353|831|861|531|191|9479|
20180525|254 |0|2|35948|1836|1548|1164|3462|2378|46336|
20180525|254 |1|1|6519|311|825|879|484|723|9741|
20180525|254 |1|2|33141|1598|1359|1041|2839|2210|42188|
20180525|651 |0|1|7251|173|262|197|52|148|8083|
20180525|651 |0|2|33175|767|1255|361|547|1778|37883|
20180525|651 |1|1|5799|178|359|175|37|616|7164|
20180525|651 |1|2|27325|756|1294|278|509|1699|31861|
20180525|685 |0|1|4177|272|916|922|623|103|7013|
20180525|685 |0|2|20489|1343|1607|998|3510|1173|29120|
20180525|685 |1|1|3896|310|916|868|510|426|6926|
20180525|685 |1|2|20619|1451|1611|986|3629|1236|29532|
20180526|101 |0|1|20503|282|568|329|125|230|22037|
20180526|101 |0|2|78980|1782|9518|718|696|3039|94733|
20180526|101 |1|1|18994|387|736|531|145|1690|22483|
20180526|101 |1|2|76151|2215|9413|1128|993|3050|92950|
20180526|190 |0|1|13220|201|600|486|128|131|14766|
20180526|190 |0|2|54137|1382|2540|709|862|1957|61587|
20180526|190 |1|1|11492|238|470|602|165|1009|13976|
20180526|190 |1|2|49520|1486|2592|1186|1116|1953|57853|
20180526|253 |0|1|17273|271|557|494|178|283|19056|
20180526|253 |0|2|72923|1299|1264|745|1534|3421|81186|
20180526|253 |1|1|15578|277|509|575|257|1475|18671|
20180526|253 |1|2|68019|1470|1293|1104|2334|3361|77581|
20180526|254 |0|1|8369|195|405|399|272|134|9774|
20180526|254 |0|2|37457|835|1132|516|2045|2089|44074|
20180526|254 |1|1|8395|174|373|487|237|897|10563|
20180526|254 |1|2|35378|817|1048|576|1679|1911|41409|
20180526|651 |0|1|10966|108|135|123|45|159|11536|
20180526|651 |0|2|43003|451|1210|183|358|1773|46978|
20180526|651 |1|1|7917|116|215|77|39|755|9119|
20180526|651 |1|2|33586|491|1224|119|318|1570|37308|
20180526|685 |0|1|5790|96|440|395|288|107|7116|
20180526|685 |0|2|22683|521|1304|499|1993|1001|28001|
20180526|685 |1|1|4901|111|401|389|263|472|6537|
20180526|685 |1|2|20196|586|1284|544|2227|988|25825|
20180527|101 |0|1|18767|170|311|144|40|205|19637|
20180527|101 |0|2|70781|872|7481|453|229|2781|82597|
20180527|101 |1|1|18690|207|478|308|69|1536|21288|
20180527|101 |1|2|73098|967|8135|815|350|2802|86167|
20180527|190 |0|1|10994|114|301|194|42|91|11736|
20180527|190 |0|2|44453|758|2348|418|412|1687|50076|
20180527|190 |1|1|12190|122|198|241|49|956|13756|
20180527|190 |1|2|49966|595|2122|508|395|1740|55326|
20180527|253 |0|1|15609|143|251|148|54|212|16417|
20180527|253 |0|2|63145|734|867|326|502|3138|68712|
20180527|253 |1|1|16142|119|195|234|62|1443|18195|
20180527|253 |1|2|63593|588|787|405|523|2851|68747|
20180527|254 |0|1|7900|88|124|158|70|128|8468|
20180527|254 |0|2|33072|355|847|201|450|1654|36579|
20180527|254 |1|1|8272|75|106|162|55|856|9526|
20180527|254 |1|2|31867|278|832|200|420|1560|35157|
20180527|651 |0|1|7549|66|66|56|14|119|7870|
20180527|651 |0|2|28958|216|1089|79|167|1285|31794|
20180527|651 |1|1|9939|79|108|80|14|811|11031|
20180527|651 |1|2|39482|246|996|75|150|1508|42457|
20180527|685 |0|1|4979|51|148|146|52|89|5465|
20180527|685 |0|2|18355|202|1144|212|589|812|21314|
20180527|685 |1|1|5006|42|112|141|60|452|5813|
20180527|685 |1|2|18592|232|1002|177|552|809|21364|
20180528|101 |0|1|17863|441|979|663|196|309|20451|
20180528|101 |0|2|73958|2555|8714|1353|977|3681|91238|
20180528|101 |1|1|14882|470|896|714|213|1511|18686|
20180528|101 |1|2|72885|3032|9098|1703|1300|3668|91686|
20180528|190 |0|1|9743|384|1192|1072|229|146|12766|
20180528|190 |0|2|48234|2925|3218|1828|1644|2376|60225|
20180528|190 |1|1|8791|458|823|889|261|876|12098|
20180528|190 |1|2|43125|2726|3136|1620|1617|2123|54347|
20180528|253 |0|1|13682|486|1216|957|349|348|17038|
20180528|253 |0|2|70940|2718|2152|2084|2310|4180|84384|
20180528|253 |1|1|11879|499|1029|952|386|1374|16119|
20180528|253 |1|2|65040|2842|2206|1968|3041|4016|79113|
20180528|254 |0|1|6679|319|805|984|505|177|9469|
20180528|254 |0|2|35356|1847|1466|1214|3458|2411|45752|
20180528|254 |1|1|6180|294|666|689|407|711|8947|
20180528|254 |1|2|31002|1460|1228|833|2734|2039|39296|
20180528|651 |0|1|6255|143|242|165|45|151|7001|
20180528|651 |0|2|26194|692|1130|331|665|1529|30541|
20180528|651 |1|1|6088|155|335|160|43|664|7445|
20180528|651 |1|2|27419|715|1037|282|544|1720|31717|
20180528|685 |0|1|4509|250|936|874|550|105|7224|
20180528|685 |0|2|18284|1256|1499|1012|3365|1044|26460|
20180528|685 |1|1|3646|268|847|741|496|399|6397|
20180528|685 |1|2|18486|1365|1620|901|3401|1168|26941|
20180529|101 |0|1|15698|376|986|605|215|275|18155|
20180529|101 |0|2|72130|2819|8901|1498|1107|3475|89930|
20180529|101 |1|1|14956|454|977|977|255|1422|19041|
20180529|101 |1|2|73263|3290|9380|2205|1573|3733|93444|
20180529|190 |0|1|8723|434|1241|1115|213|121|11847|
20180529|190 |0|2|44556|3034|3294|1840|1879|2230|56833|
20180529|190 |1|1|8261|440|896|1165|277|779|11818|
20180529|190 |1|2|41928|2990|3171|2067|2011|2124|54291|
20180529|253 |0|1|12596|476|1324|982|337|344|16059|
20180529|253 |0|2|68142|2878|2397|2278|2627|4040|82362|
20180529|253 |1|1|11718|497|1061|1095|458|1324|16153|
20180529|253 |1|2|64113|2914|2398|2472|3301|3865|79063|
20180529|254 |0|1|5979|326|822|947|538|174|8786|
20180529|254 |0|2|32121|1731|1406|1259|3417|2203|42137|
20180529|254 |1|1|5982|328|735|819|429|695|8988|
20180529|254 |1|2|31415|1549|1310|1043|2798|2054|40169|
20180529|651 |0|1|5492|156|228|194|59|124|6253|
20180529|651 |0|2|25114|728|1049|347|629|1486|29353|
20180529|651 |1|1|5293|181|336|162|72|572|6616|
20180529|651 |1|2|25325|739|1005|275|538|1534|29416|
20180529|685 |0|1|3735|285|987|935|587|89|6618|
20180529|685 |0|2|18021|1329|1632|1106|3559|1082|26729|
20180529|685 |1|1|3322|281|895|902|556|350|6306|
20180529|685 |1|2|17933|1422|1580|1072|3515|1105|26627|
20180530|101 |0|1|15614|414|953|640|162|277|18060|
20180530|101 |0|2|73009|2834|9264|1464|1097|3641|91309|
20180530|101 |1|1|14531|473|948|973|232|1360|18517|
20180530|101 |1|2|72223|3289|9689|2141|1513|3571|92426|
20180530|190 |0|1|8590|402|1221|1035|219|158|11625|
20180530|190 |0|2|43015|2936|3467|1899|1682|2135|55134|
20180530|190 |1|1|8286|442|812|1111|297|727|11675|
20180530|190 |1|2|41686|2864|3470|2098|1871|2105|54094|
20180530|253 |0|1|12062|495|1244|997|316|333|15447|
20180530|253 |0|2|66740|2831|2424|2193|2488|3946|80622|
20180530|253 |1|1|11621|478|1114|1082|412|1317|16024|
20180530|253 |1|2|64454|2909|2313|2479|3182|3862|79199|
20180530|254 |0|1|5952|309|825|957|565|186|8794|
20180530|254 |0|2|33207|1805|1493|1186|3487|2234|43412|
20180530|254 |1|1|6044|282|733|811|452|683|9005|
20180530|254 |1|2|31061|1499|1267|1010|2781|2058|39676|
20180530|651 |0|1|5564|134|260|217|80|121|6376|
20180530|651 |0|2|24429|724|1242|335|565|1471|28766|
20180530|651 |1|1|5264|169|366|149|50|587|6585|
20180530|651 |1|2|25125|771|1165|296|528|1500|29385|
20180530|685 |0|1|3394|246|866|843|534|78|5961|
20180530|685 |0|2|17090|1191|1500|1073|3400|1050|25304|
20180530|685 |1|1|3288|281|887|814|495|369|6134|
20180530|685 |1|2|18256|1390|1554|1017|3537|1174|26928|
20180531|101 |0|1|16077|389|1008|641|228|300|18643|
20180531|101 |0|2|73399|2790|9035|1480|1098|3616|91418|
20180531|101 |1|1|15199|487|1002|990|289|1449|19416|
20180531|101 |1|2|73690|3238|9264|2166|1503|3724|93585|
20180531|190 |0|1|8473|443|1223|1148|230|136|11653|
20180531|190 |0|2|43459|2918|3203|1893|1612|2160|55245|
20180531|190 |1|1|8072|467|851|1096|288|803|11577|
20180531|190 |1|2|42071|2863|3159|2136|1791|2039|54059|
20180531|253 |0|1|12716|501|1242|926|333|330|16048|
20180531|253 |0|2|68818|2866|2329|2193|2758|4071|83035|
20180531|253 |1|1|11704|518|1057|1119|406|1290|16094|
20180531|253 |1|2|65112|3023|2274|2393|3376|3935|80113|
20180531|254 |0|1|6281|352|730|892|475|157|8887|
20180531|254 |0|2|33382|1726|1457|1215|3243|2200|43223|
20180531|254 |1|1|6231|312|682|811|405|705|9146|
20180531|254 |1|2|32192|1511|1305|1035|2605|2096|40744|
