20160601|101 |0|1|19431|705|1246|927|334|430|23073|
20160601|101 |0|2|70552|2761|9494|1087|747|3393|88034|
20160601|101 |1|1|18442|853|1234|1276|373|1605|23783|
20160601|101 |1|2|68163|3183|9495|1649|1247|3460|87197|
20160601|190 |0|1|10379|723|1308|1167|382|260|14219|
20160601|190 |0|2|39636|2885|3124|1256|1196|2009|50106|
20160601|190 |1|1|10305|747|1100|1270|500|879|14801|
20160601|190 |1|2|38642|2867|3134|1471|1401|2091|49606|
20160601|253 |0|1|16169|967|1497|1387|598|463|21081|
20160601|253 |0|2|67104|3118|2283|1887|2294|4229|80915|
20160601|253 |1|1|15031|898|1405|1636|854|1448|21272|
20160601|253 |1|2|61584|3194|2167|1970|2798|3868|75581|
20160601|254 |0|1|7114|502|868|969|918|231|10602|
20160601|254 |0|2|30304|1631|1309|767|2897|2171|39079|
20160601|254 |1|1|7557|597|835|992|911|855|11747|
20160601|254 |1|2|28814|1422|1093|607|2117|2047|36100|
20160601|651 |0|1|6197|191|244|213|118|108|7071|
20160601|651 |0|2|20633|566|1116|231|448|1307|24301|
20160601|651 |1|1|5910|238|355|177|114|514|7308|
20160601|651 |1|2|20265|640|1071|178|457|1273|23884|
20160601|685 |0|1|3957|470|953|975|1024|122|7501|
20160601|685 |0|2|15974|1221|1272|693|2728|1017|22905|
20160601|685 |1|1|3798|453|871|916|837|382|7257|
20160601|685 |1|2|15706|1256|1258|743|2758|1065|22786|
20160602|101 |0|1|19730|720|1239|848|319|407|23263|
20160602|101 |0|2|71559|2669|9138|1042|822|3553|88783|
20160602|101 |1|1|19131|862|1249|1241|387|1666|24536|
20160602|101 |1|2|69616|3122|9285|1597|1224|3549|88393|
20160602|190 |0|1|10968|756|1354|1147|341|273|14839|
20160602|190 |0|2|41442|2925|2984|1233|1275|2114|51973|
20160602|190 |1|1|10761|738|1155|1258|464|952|15328|
20160602|190 |1|2|39761|2803|3026|1470|1391|2069|50520|
20160602|253 |0|1|16500|914|1501|1460|637|467|21479|
20160602|253 |0|2|67914|3171|2204|1899|2325|4285|81798|
20160602|253 |1|1|15296|948|1369|1631|867|1610|21721|
20160602|253 |1|2|61793|3204|2089|1908|2876|3992|75862|
20160602|254 |0|1|7383|532|824|1013|940|257|10949|
20160602|254 |0|2|30919|1631|1316|869|3054|2250|40039|
20160602|254 |1|1|7808|590|863|990|871|840|11962|
20160602|254 |1|2|29558|1398|1115|598|2282|2140|37091|
20160602|651 |0|1|6566|200|264|224|102|128|7484|
20160602|651 |0|2|22200|598|1112|215|428|1317|25870|
20160602|651 |1|1|6413|248|407|236|110|570|7984|
20160602|651 |1|2|21301|626|993|159|347|1382|24808|
20160602|685 |0|1|3840|459|994|878|1009|125|7305|
20160602|685 |0|2|16134|1160|1327|694|2697|1081|23093|
20160602|685 |1|1|3875|435|871|904|856|383|7324|
20160602|685 |1|2|16397|1266|1335|735|2836|1089|23658|
20160603|101 |0|1|23297|667|1198|871|310|441|26784|
20160603|101 |0|2|78408|2722|10098|1023|781|3637|96669|
20160603|101 |1|1|20991|883|1206|1209|387|1856|26532|
20160603|101 |1|2|73794|3151|10283|1554|1212|3690|93684|
20160603|190 |0|1|14235|757|1351|1143|358|295|18139|
20160603|190 |0|2|51209|2864|3026|1289|1245|2432|62065|
20160603|190 |1|1|12630|823|1092|1328|425|1087|17385|
20160603|190 |1|2|44891|2851|3089|1416|1358|2351|55956|
20160603|253 |0|1|19919|960|1421|1361|645|514|24820|
20160603|253 |0|2|78087|3111|2200|1876|2487|4551|92312|
20160603|253 |1|1|17213|940|1396|1561|889|1770|23769|
20160603|253 |1|2|68471|3064|2173|1914|3033|4348|83003|
20160603|254 |0|1|8461|540|856|942|994|256|12049|
20160603|254 |0|2|33801|1677|1307|762|3005|2368|42920|
20160603|254 |1|1|8593|603|830|990|952|950|12918|
20160603|254 |1|2|31507|1478|1079|652|2296|2157|39169|
20160603|651 |0|1|9385|194|274|227|100|239|10419|
20160603|651 |0|2|31341|578|1237|226|404|1616|35402|
20160603|651 |1|1|6924|240|405|228|102|629|8528|
20160603|651 |1|2|23622|657|1314|171|350|1456|27570|
20160603|685 |0|1|5158|461|912|928|1047|149|8655|
20160603|685 |0|2|20385|1214|1407|687|2797|1224|27714|
20160603|685 |1|1|4406|462|874|974|875|458|8049|
20160603|685 |1|2|17970|1250|1244|687|2668|1232|25051|
20160604|101 |0|1|30529|424|712|391|180|388|32624|
20160604|101 |0|2|72070|1350|9151|454|364|2842|86231|
20160604|101 |1|1|24543|533|808|758|239|1921|28802|
20160604|101 |1|2|67786|2120|8871|881|740|2763|83161|
20160604|190 |0|1|21287|352|607|485|197|288|23216|
20160604|190 |0|2|52811|1307|1912|460|698|2002|59190|
20160604|190 |1|1|15596|422|607|760|287|1214|18886|
20160604|190 |1|2|45512|1527|2295|841|948|1944|53067|
20160604|253 |0|1|25886|467|611|559|288|469|28280|
20160604|253 |0|2|72410|1315|837|564|1160|3457|79743|
20160604|253 |1|1|20993|516|728|824|498|2008|25567|
20160604|253 |1|2|65350|1568|1051|826|1753|3376|73924|
20160604|254 |0|1|11261|275|509|552|566|260|13423|
20160604|254 |0|2|35788|872|963|419|1844|1992|41878|
20160604|254 |1|1|10878|356|513|602|549|1076|13974|
20160604|254 |1|2|31529|869|891|409|1461|1816|36975|
20160604|651 |0|1|14754|82|117|161|47|283|15444|
20160604|651 |0|2|32675|264|895|128|157|1234|35353|
20160604|651 |1|1|9787|121|196|91|49|831|11075|
20160604|651 |1|2|24272|321|1043|63|168|1095|26962|
20160604|685 |0|1|9331|204|539|396|556|136|11162|
20160604|685 |0|2|18950|350|670|254|1102|813|22139|
20160604|685 |1|1|6010|188|424|503|466|520|8111|
20160604|685 |1|2|17679|488|1059|409|1562|933|22130|
20160605|101 |0|1|27740|224|384|144|57|326|28875|
20160605|101 |0|2|71039|842|7234|230|142|2724|82211|
20160605|101 |1|1|26008|263|513|353|76|1943|29156|
20160605|101 |1|2|67958|888|7437|508|208|2637|79636|
20160605|190 |0|1|18424|181|303|164|51|238|19361|
20160605|190 |0|2|48150|681|2052|218|266|1751|53118|
20160605|190 |1|1|18528|196|257|340|75|1341|20737|
20160605|190 |1|2|50514|674|2012|379|253|1750|55582|
20160605|253 |0|1|26105|250|248|176|96|397|27272|
20160605|253 |0|2|69495|626|689|207|451|3235|74703|
20160605|253 |1|1|23475|206|279|270|142|1948|26320|
20160605|253 |1|2|63437|547|619|251|490|2930|68274|
20160605|254 |0|1|10590|96|133|123|119|166|11227|
20160605|254 |0|2|29847|335|776|113|316|1544|32931|
20160605|254 |1|1|11357|116|155|151|113|1113|13005|
20160605|254 |1|2|29144|267|682|101|249|1512|31955|
20160605|651 |0|1|13152|44|78|63|14|236|13587|
20160605|651 |0|2|30277|101|941|40|29|1220|32608|
20160605|651 |1|1|13001|70|118|74|19|1052|14334|
20160605|651 |1|2|32050|126|833|33|26|1292|34360|
20160605|685 |0|1|7769|81|165|127|141|128|8411|
20160605|685 |0|2|19341|202|947|104|423|894|21911|
20160605|685 |1|1|7056|77|143|138|145|560|8119|
20160605|685 |1|2|20233|213|928|132|404|853|22763|
20160606|101 |0|1|23287|399|752|405|174|330|25347|
20160606|101 |0|2|68922|1632|7647|532|383|2790|81906|
20160606|101 |1|1|28469|504|689|538|146|2073|32419|
20160606|101 |1|2|77615|1886|8426|744|519|2918|92108|
20160606|190 |0|1|13473|328|666|594|151|232|15444|
20160606|190 |0|2|39332|1479|2321|553|526|1645|45856|
20160606|190 |1|1|20155|335|456|567|176|1486|23175|
20160606|190 |1|2|56561|1382|2143|555|641|2085|63367|
20160606|253 |0|1|20292|395|629|458|307|373|22454|
20160606|253 |0|2|64157|1330|937|601|1314|3244|71583|
20160606|253 |1|1|25294|331|491|548|322|2031|29017|
20160606|253 |1|2|71847|1230|850|492|1560|3200|79179|
20160606|254 |0|1|8830|182|347|276|350|176|10161|
20160606|254 |0|2|27684|723|886|279|1440|1616|32628|
20160606|254 |1|1|10695|231|299|349|302|1013|12889|
20160606|254 |1|2|29887|631|823|210|910|1632|34093|
20160606|651 |0|1|8943|108|133|89|73|207|9553|
20160606|651 |0|2|23406|315|908|96|361|1169|26255|
20160606|651 |1|1|16417|142|197|178|96|1241|18271|
20160606|651 |1|2|42273|378|876|62|296|1678|45563|
20160606|685 |0|1|5415|167|350|330|280|101|6643|
20160606|685 |0|2|15962|406|1157|285|1201|872|19883|
20160606|685 |1|1|7349|149|282|371|290|642|9083|
20160606|685 |1|2|22379|458|958|259|1232|979|26265|
20160607|101 |0|1|19814|644|1137|877|306|450|23228|
20160607|101 |0|2|71718|2582|8826|954|689|3668|88437|
20160607|101 |1|1|19206|762|998|971|326|1719|23982|
20160607|101 |1|2|68276|2915|9111|1228|1052|3535|86117|
20160607|190 |0|1|11479|679|1265|1148|295|278|15144|
20160607|190 |0|2|42983|2832|2907|1354|1122|2222|53420|
20160607|190 |1|1|12110|744|965|1137|345|1015|16316|
20160607|190 |1|2|42187|2731|3025|1223|1206|2239|52611|
20160607|253 |0|1|17289|922|1455|1489|557|523|22235|
20160607|253 |0|2|70683|2937|2053|1806|2152|4424|84055|
20160607|253 |1|1|16326|867|1287|1451|707|1657|22295|
20160607|253 |1|2|62932|3006|1976|1747|2541|4002|76204|
20160607|254 |0|1|7646|498|860|975|917|251|11147|
20160607|254 |0|2|31427|1577|1272|794|2953|2254|40277|
20160607|254 |1|1|8162|567|774|878|950|865|12196|
20160607|254 |1|2|29686|1340|1113|472|2238|2139|36988|
20160607|651 |0|1|6486|164|253|185|93|169|7350|
20160607|651 |0|2|20875|552|1070|207|510|1298|24512|
20160607|651 |1|1|7521|214|333|201|106|715|9090|
20160607|651 |1|2|23813|605|998|157|449|1498|27520|
20160607|685 |0|1|4511|479|955|968|1021|122|8056|
20160607|685 |0|2|17017|1165|1326|671|2575|1077|23831|
20160607|685 |1|1|3990|440|826|826|828|412|7322|
20160607|685 |1|2|16273|1228|1216|615|2565|1074|22971|
20160608|101 |0|1|19482|636|1229|908|308|408|22971|
20160608|101 |0|2|71625|2702|9056|1104|859|3645|88991|
20160608|101 |1|1|18464|840|1167|1284|402|1583|23740|
20160608|101 |1|2|69162|3152|9182|1616|1297|3551|87960|
20160608|190 |0|1|10453|727|1372|1265|361|241|14419|
20160608|190 |0|2|40379|2906|2962|1364|1188|2095|50894|
20160608|190 |1|1|10748|736|1105|1436|456|868|15349|
20160608|190 |1|2|40131|2881|2982|1446|1366|2105|50911|
20160608|253 |0|1|16175|990|1552|1354|598|531|21200|
20160608|253 |0|2|67769|3055|2219|1950|2499|4385|81877|
20160608|253 |1|1|14907|1024|1455|1627|867|1581|21461|
20160608|253 |1|2|61969|3066|2147|1960|3009|4004|76155|
20160608|254 |0|1|7045|471|794|995|958|242|10505|
20160608|254 |0|2|30121|1651|1215|851|3118|2193|39149|
20160608|254 |1|1|7528|551|810|1057|930|885|11761|
20160608|254 |1|2|28859|1451|1068|631|2331|2129|36469|
20160608|651 |0|1|6274|186|265|249|120|159|7253|
20160608|651 |0|2|21169|593|1177|262|514|1271|24986|
20160608|651 |1|1|5940|237|362|202|116|574|7431|
20160608|651 |1|2|20860|638|1021|177|461|1295|24452|
20160608|685 |0|1|3990|488|1047|1060|1274|121|7980|
20160608|685 |0|2|16687|1292|1346|702|2892|1109|24028|
20160608|685 |1|1|3851|448|873|921|944|374|7411|
20160608|685 |1|2|15901|1275|1267|759|2981|1113|23296|
20160609|101 |0|1|20484|674|1192|888|358|417|24013|
20160609|101 |0|2|72002|2752|9154|1042|826|3479|89255|
20160609|101 |1|1|18871|778|1189|1275|402|1563|24078|
20160609|101 |1|2|70048|3218|9369|1609|1283|3563|89090|
20160609|190 |0|1|10336|425|726|738|206|212|12643|
20160609|190 |0|2|41362|2834|2986|1313|1218|2107|51820|
20160609|190 |1|1|10887|748|1093|1307|418|884|15337|
20160609|190 |1|2|40588|2911|3033|1493|1418|2150|51593|
20160609|253 |0|1|16125|920|1490|1421|599|476|21031|
20160609|253 |0|2|67639|3028|2175|1934|2504|4335|81615|
20160609|253 |1|1|15366|979|1372|1503|840|1521|21581|
20160609|253 |1|2|63487|3040|2057|1974|3025|4050|77633|
20160609|254 |0|1|7271|525|877|1033|969|250|10925|
20160609|254 |0|2|30374|1636|1339|811|3037|2253|39450|
20160609|254 |1|1|7771|581|870|994|913|883|12012|
20160609|254 |1|2|29777|1452|1148|650|2291|2124|37442|
20160609|651 |0|1|6572|186|281|221|91|162|7513|
20160609|651 |0|2|22301|590|1167|232|416|1276|25982|
20160609|651 |1|1|6343|221|390|216|96|552|7818|
20160609|651 |1|2|21528|611|1097|162|389|1343|25130|
20160609|685 |0|1|4027|495|977|942|1108|124|7673|
20160609|685 |0|2|16563|1192|1326|698|2771|1075|23625|
20160609|685 |1|1|3677|464|888|947|836|394|7206|
20160609|685 |1|2|16417|1277|1249|732|2911|1121|23707|
20160610|101 |0|1|21158|719|1138|866|319|413|24613|
20160610|101 |0|2|75117|2673|9743|1040|830|3551|92954|
20160610|101 |1|1|20240|859|1247|1204|391|1778|25719|
20160610|101 |1|2|73373|3125|9851|1570|1241|3649|92809|
20160610|190 |0|1|12567|707|1361|1102|354|272|16363|
20160610|190 |0|2|46485|2826|2966|1275|1222|2256|57030|
20160610|190 |1|1|11233|735|1071|1287|467|949|15742|
20160610|190 |1|2|39744|2700|2835|1439|1379|2012|50109|
20160610|253 |0|1|18157|977|1508|1317|615|515|23089|
20160610|253 |0|2|72739|3056|2168|1815|2360|4478|86616|
20160610|253 |1|1|17151|982|1430|1611|829|1711|23714|
20160610|253 |1|2|68594|3137|2207|1837|2869|4287|82931|
20160610|254 |0|1|7933|483|887|948|947|262|11460|
20160610|254 |0|2|31807|1645|1308|796|2951|2361|40868|
20160610|254 |1|1|8595|618|876|1033|934|931|12987|
20160610|254 |1|2|31443|1417|1114|663|2354|2222|39213|
20160610|651 |0|1|9019|206|271|230|121|225|10072|
20160610|651 |0|2|28763|569|1174|250|472|1515|32743|
20160610|651 |1|1|6997|252|424|212|123|623|8631|
20160610|651 |1|2|23548|633|1293|181|451|1498|27604|
20160610|685 |0|1|4676|486|942|985|1124|120|8333|
20160610|685 |0|2|18712|1210|1329|662|2709|1196|25818|
20160610|685 |1|1|4390|465|845|996|921|429|8046|
20160610|685 |1|2|17872|1289|1161|709|2671|1217|24919|
20160611|101 |0|1|26321|420|673|427|205|382|28428|
20160611|101 |0|2|75358|1614|9611|486|466|2982|90517|
20160611|101 |1|1|24622|603|884|725|231|1912|28977|
20160611|101 |1|2|72352|2130|9661|898|813|2989|88843|
20160611|190 |0|1|15575|344|644|474|182|230|17449|
20160611|190 |0|2|46035|1368|2250|404|653|1880|52590|
20160611|190 |1|1|13316|411|590|688|287|984|16276|
20160611|190 |1|2|39962|1470|2549|768|902|1709|47360|
20160611|253 |0|1|23783|525|677|639|292|429|26345|
20160611|253 |0|2|72951|1510|1260|670|1385|3645|81421|
20160611|253 |1|1|20690|488|767|884|562|1811|25202|
20160611|253 |1|2|64168|1647|1242|840|1764|3420|73081|
20160611|254 |0|1|10092|240|472|472|469|248|11993|
20160611|254 |0|2|33363|829|1040|394|1687|1925|39238|
20160611|254 |1|1|10506|324|498|587|466|1045|13426|
20160611|254 |1|2|31344|841|908|401|1302|1837|36633|
20160611|651 |0|1|12627|135|156|143|79|237|13377|
20160611|651 |0|2|35056|358|1347|149|319|1500|38729|
20160611|651 |1|1|9421|162|258|108|77|791|10817|
20160611|651 |1|2|28330|381|1250|91|307|1280|31639|
20160611|685 |0|1|6716|204|466|432|479|121|8418|
20160611|685 |0|2|20062|534|1252|339|1530|943|24660|
20160611|685 |1|1|6040|209|498|542|566|515|8370|
20160611|685 |1|2|17915|558|1069|384|1570|973|22469|
20160612|101 |0|1|23385|216|370|214|49|304|24538|
20160612|101 |0|2|68590|864|7615|228|143|2881|80321|
20160612|101 |1|1|24095|303|560|370|63|1863|27254|
20160612|101 |1|2|68248|884|8137|511|214|2730|80724|
20160612|190 |0|1|13269|150|321|200|51|177|14168|
20160612|190 |0|2|37991|717|2269|347|168|1621|43113|
20160612|190 |1|1|14692|165|240|347|69|1079|16592|
20160612|190 |1|2|42082|644|2073|434|164|1586|46983|
20160612|253 |0|1|20743|244|269|222|87|376|21941|
20160612|253 |0|2|62110|646|923|247|419|3049|67394|
20160612|253 |1|1|21232|185|272|267|140|1744|23840|
20160612|253 |1|2|61072|535|801|271|443|2813|65935|
20160612|254 |0|1|9201|108|163|163|115|203|9953|
20160612|254 |0|2|27941|315|781|119|455|1539|31150|
20160612|254 |1|1|10426|115|171|147|119|1018|11996|
20160612|254 |1|2|28550|243|743|103|364|1554|31557|
20160612|651 |0|1|8159|79|90|39|28|199|8594|
20160612|651 |0|2|23074|147|1167|50|76|1061|25575|
20160612|651 |1|1|11821|98|165|79|23|1016|13202|
20160612|651 |1|2|33194|210|1079|47|68|1360|35958|
20160612|685 |0|1|5244|65|154|128|134|96|5821|
20160612|685 |0|2|14744|193|1059|128|485|817|17426|
20160612|685 |1|1|5839|71|134|136|134|503|6817|
20160612|685 |1|2|17223|197|993|100|439|769|19721|
20160613|101 |0|1|20837|605|1092|868|293|434|24129|
20160613|101 |0|2|73854|2545|9065|965|786|3736|90951|
20160613|101 |1|1|19277|719|1060|945|324|1775|24100|
20160613|101 |1|2|69156|2866|9299|1234|1099|3601|87255|
20160613|190 |0|1|9677|646|1268|1113|324|232|13260|
20160613|190 |0|2|41536|2689|2759|1308|1093|2096|51481|
20160613|190 |1|1|10808|662|963|1014|385|918|14750|
20160613|190 |1|2|37966|2645|2835|1136|1130|2003|47715|
20160613|253 |0|1|17652|888|1421|1361|509|485|22316|
20160613|253 |0|2|69647|2800|1998|1792|2066|4319|82622|
20160613|253 |1|1|15818|838|1256|1362|689|1640|21603|
20160613|253 |1|2|61731|2873|1952|1594|2490|4000|74640|
20160613|254 |0|1|8223|466|805|945|849|247|11535|
20160613|254 |0|2|32675|1588|1284|773|2962|2332|41614|
20160613|254 |1|1|8005|564|765|839|824|949|11946|
20160613|254 |1|2|29318|1353|1124|514|2210|2168|36687|
20160613|651 |0|1|7163|182|264|181|97|196|8083|
20160613|651 |0|2|22197|574|1054|218|386|1387|25816|
20160613|651 |1|1|7097|218|371|197|129|707|8719|
20160613|651 |1|2|22757|635|956|158|338|1479|26323|
20160613|685 |0|1|5795|493|1019|863|1039|132|9341|
20160613|685 |0|2|15856|1046|1150|608|2493|957|22110|
20160613|685 |1|1|4083|419|786|844|777|384|7293|
20160613|685 |1|2|16291|1144|1291|567|2580|1087|22960|
20160614|101 |0|1|18583|678|1243|912|309|388|22113|
20160614|101 |0|2|68629|2679|8850|1046|885|3351|85440|
20160614|101 |1|1|18341|847|1265|1397|441|1609|23900|
20160614|101 |1|2|64254|3142|9103|1529|1298|3324|82650|
20160614|190 |0|1|8731|708|1392|1173|333|202|12539|
20160614|190 |0|2|40513|2890|2921|1290|1315|2107|51036|
20160614|190 |1|1|10628|774|1154|1330|452|928|15266|
20160614|190 |1|2|39250|2926|2940|1503|1512|2091|50222|
20160614|253 |0|1|16452|982|1553|1410|594|483|21474|
20160614|253 |0|2|68563|3082|2299|1964|2475|4289|82672|
20160614|253 |1|1|15241|925|1391|1597|844|1473|21471|
20160614|253 |1|2|62180|3037|2104|1962|2987|3910|76180|
20160614|254 |0|1|7245|522|851|1089|928|261|10896|
20160614|254 |0|2|30197|1602|1270|781|3045|2214|39109|
20160614|254 |1|1|7741|636|866|1112|959|887|12201|
20160614|254 |1|2|29465|1443|1101|588|2249|2156|37002|
20160614|651 |0|1|6666|226|271|233|109|203|7708|
20160614|651 |0|2|21973|634|1078|232|425|1253|25595|
20160614|651 |1|1|6747|246|411|212|156|596|8368|
20160614|651 |1|2|22001|653|1000|149|326|1333|25462|
20160614|685 |0|1|4110|495|996|986|1101|114|7802|
20160614|685 |0|2|17070|1278|1340|671|2830|1116|24305|
20160614|685 |1|1|3913|450|874|937|859|359|7392|
20160614|685 |1|2|16199|1297|1277|694|2898|1129|23494|
20160615|101 |0|1|17387|576|1061|808|249|346|20427|
20160615|101 |0|2|64109|2420|8769|1001|793|3150|80242|
20160615|101 |1|1|18088|900|1244|1317|571|1596|23716|
20160615|101 |1|2|62473|2736|8893|1184|900|3157|79343|
20160615|190 |0|1|9968|621|1217|1019|316|242|13383|
20160615|190 |0|2|37494|2665|2856|1175|1150|1913|47253|
20160615|190 |1|1|10043|668|1023|1150|377|828|14089|
20160615|190 |1|2|37104|2672|2926|1306|1290|1994|47292|
20160615|253 |0|1|14989|786|1395|1296|471|391|19328|
20160615|253 |0|2|64014|2712|2082|1785|1916|4134|76643|
20160615|253 |1|1|14351|804|1298|1483|629|1490|20055|
20160615|253 |1|2|59347|2784|2024|1921|2419|3776|72271|
20160615|254 |0|1|6734|447|742|889|844|228|9884|
20160615|254 |0|2|28758|1577|1212|749|2827|2119|37242|
20160615|254 |1|1|7133|496|786|956|823|800|10994|
20160615|254 |1|2|27327|1347|1023|569|2161|1954|34381|
20160615|651 |0|1|5556|168|245|184|71|173|6397|
20160615|651 |0|2|18723|523|1116|191|319|1241|22113|
20160615|651 |1|1|5673|206|323|167|87|549|7005|
20160615|651 |1|2|19312|581|1093|166|284|1310|22746|
20160615|685 |0|1|3693|376|827|854|885|105|6740|
20160615|685 |0|2|15593|1074|1317|687|2531|1085|22287|
20160615|685 |1|1|3714|374|773|867|736|384|6848|
20160615|685 |1|2|15478|1109|1180|618|2482|1090|21957|
20160616|101 |0|1|19750|665|1118|846|274|413|23066|
20160616|101 |0|2|72028|2569|8869|1024|739|3515|88744|
20160616|101 |1|1|20138|872|1196|1214|403|1721|25544|
20160616|101 |1|2|68583|2909|9061|1323|1075|3442|86393|
20160616|190 |0|1|10820|656|1244|1082|330|212|14344|
20160616|190 |0|2|40941|2696|2833|1268|1199|2051|50988|
20160616|190 |1|1|10354|684|1008|1197|369|853|14465|
20160616|190 |1|2|39174|2709|2814|1397|1220|2018|49332|
20160616|253 |0|1|16358|877|1435|1252|541|443|20906|
20160616|253 |0|2|68427|2935|2104|1822|2137|4296|81721|
20160616|253 |1|1|15159|866|1344|1423|754|1568|21114|
20160616|253 |1|2|61521|2855|2028|1837|2566|3886|74693|
20160616|254 |0|1|7398|461|816|929|838|268|10710|
20160616|254 |0|2|30988|1567|1276|739|2811|2311|39692|
20160616|254 |1|1|7835|562|798|892|832|868|11787|
20160616|254 |1|2|30063|1395|1141|581|2228|2189|37597|
20160616|651 |0|1|6864|211|259|213|91|157|7795|
20160616|651 |0|2|22734|596|1122|214|391|1341|26398|
20160616|651 |1|1|6287|246|339|192|102|563|7729|
20160616|651 |1|2|21485|620|1012|160|317|1342|24936|
20160616|685 |0|1|4140|428|918|941|1009|123|7559|
20160616|685 |0|2|16804|1199|1328|641|2597|1092|23661|
20160616|685 |1|1|3742|422|881|851|771|399|7066|
20160616|685 |1|2|15983|1272|1185|587|2501|1076|22604|
20160617|101 |0|1|22858|700|1169|895|308|459|26389|
20160617|101 |0|2|77481|2605|9645|1036|804|3649|95220|
20160617|101 |1|1|21176|871|1228|1241|386|1870|26772|
20160617|101 |1|2|75245|3117|9897|1519|1276|3771|94825|
20160617|190 |0|1|13369|731|1302|1088|345|268|17103|
20160617|190 |0|2|48461|2851|2981|1209|1205|2322|59029|
20160617|190 |1|1|12038|737|1048|1198|398|1017|16436|
20160617|190 |1|2|43295|2762|2864|1408|1317|2161|53807|
20160617|253 |0|1|19070|950|1404|1366|534|479|23803|
20160617|253 |0|2|74169|2955|2168|1857|2194|4502|87845|
20160617|253 |1|1|17937|938|1420|1566|828|1768|24457|
20160617|253 |1|2|68603|2973|2033|1947|2754|4158|82468|
20160617|254 |0|1|8303|513|821|976|873|268|11754|
20160617|254 |0|2|32592|1598|1256|777|2910|2306|41439|
20160617|254 |1|1|8749|554|828|987|856|935|12909|
20160617|254 |1|2|31227|1434|1080|635|2275|2251|38902|
20160617|651 |0|1|9868|191|262|242|114|228|10905|
20160617|651 |0|2|32681|659|1335|244|419|1635|36973|
20160617|651 |1|1|7407|246|393|228|97|692|9063|
20160617|651 |1|2|24769|667|1260|202|347|1494|28739|
20160617|685 |0|1|4942|480|909|958|1036|145|8470|
20160617|685 |0|2|19399|1222|1361|690|2716|1212|26600|
20160617|685 |1|1|4661|458|916|903|807|506|8251|
20160617|685 |1|2|18443|1258|1275|678|2736|1247|25637|
20160618|101 |0|1|27473|436|718|429|189|348|29593|
20160618|101 |0|2|78150|1636|9547|510|496|3080|93419|
20160618|101 |1|1|25385|585|858|733|236|1963|29760|
20160618|101 |1|2|73330|2146|9557|928|850|3001|89812|
20160618|190 |0|1|15849|362|629|478|180|253|17751|
20160618|190 |0|2|45894|1341|2185|457|671|1722|52270|
20160618|190 |1|1|14557|405|599|686|280|1150|17677|
20160618|190 |1|2|44015|1570|2410|805|881|1901|51582|
20160618|253 |0|1|24300|494|759|629|348|448|26978|
20160618|253 |0|2|74278|1533|1563|1047|1446|3647|83514|
20160618|253 |1|1|21513|524|830|913|495|1947|26222|
20160618|253 |1|2|67899|1596|1591|1279|2051|3511|77927|
20160618|254 |0|1|10561|243|461|508|444|244|12461|
20160618|254 |0|2|34050|855|1023|409|1681|1957|39975|
20160618|254 |1|1|11058|355|482|643|487|1103|14128|
20160618|254 |1|2|32508|828|903|403|1367|1845|37854|
20160618|651 |0|1|12255|117|135|126|74|303|13010|
20160618|651 |0|2|33533|349|1211|138|268|1422|36921|
20160618|651 |1|1|10396|157|261|120|73|869|11876|
20160618|651 |1|2|30068|400|1296|89|243|1320|33416|
20160618|685 |0|1|6963|226|483|469|471|142|8754|
20160618|685 |0|2|20922|547|1222|351|1667|941|25650|
20160618|685 |1|1|6018|223|479|565|473|558|8316|
20160618|685 |1|2|18684|622|1136|422|1797|994|23655|
20160619|101 |0|1|24353|246|380|191|59|311|25540|
20160619|101 |0|2|70780|928|7522|297|172|2848|82547|
20160619|101 |1|1|25374|291|569|389|62|1949|28634|
20160619|101 |1|2|71952|992|8088|545|220|2759|84556|
20160619|190 |0|1|13712|162|316|179|45|207|14621|
20160619|190 |0|2|39814|796|2319|345|190|1703|45167|
20160619|190 |1|1|15647|207|247|379|83|1097|17660|
20160619|190 |1|2|44009|715|2133|464|155|1729|49205|
20160619|253 |0|1|21863|249|349|221|95|358|23135|
20160619|253 |0|2|65006|754|832|342|526|3236|70696|
20160619|253 |1|1|22440|223|324|326|118|1802|25233|
20160619|253 |1|2|64071|595|710|343|479|2984|69182|
20160619|254 |0|1|9685|101|164|177|125|185|10437|
20160619|254 |0|2|29564|354|846|140|441|1547|32892|
20160619|254 |1|1|11152|121|176|180|134|1041|12804|
20160619|254 |1|2|30060|263|773|117|344|1600|33157|
20160619|651 |0|1|9236|66|113|55|23|212|9705|
20160619|651 |0|2|25301|170|1160|67|70|1156|27924|
20160619|651 |1|1|13279|96|207|125|23|1064|14794|
20160619|651 |1|2|36654|210|1025|52|55|1566|39562|
20160619|685 |0|1|5442|142|179|178|198|112|6251|
20160619|685 |0|2|15648|213|1070|126|551|788|18396|
20160619|685 |1|1|6648|77|147|165|201|521|7759|
20160619|685 |1|2|18831|241|972|125|516|821|21506|
20160620|101 |0|1|23102|812|1274|936|430|471|27025|
20160620|101 |0|2|73757|2349|8489|822|605|3597|89619|
20160620|101 |1|1|19572|760|1048|910|330|1758|24378|
20160620|101 |1|2|70266|2874|8867|1189|1142|3671|88009|
20160620|190 |0|1|11634|638|1318|1119|313|249|15271|
20160620|190 |0|2|42592|2657|2672|1244|1005|2107|52277|
20160620|190 |1|1|11626|715|978|1014|373|1002|15708|
20160620|190 |1|2|40683|2709|2847|1188|1204|2127|50758|
20160620|253 |0|1|18309|914|1471|1303|524|492|23013|
20160620|253 |0|2|71417|2961|1981|1885|2235|4584|85063|
20160620|253 |1|1|15992|843|1220|1321|703|1556|21635|
20160620|253 |1|2|62268|2896|1898|1675|2590|4047|75374|
20160620|254 |0|1|7982|499|834|998|903|271|11487|
20160620|254 |0|2|31559|1583|1198|726|2876|2285|40227|
20160620|254 |1|1|8250|575|747|889|790|968|12219|
20160620|254 |1|2|29669|1388|1058|511|2141|2142|36909|
20160620|651 |0|1|7252|181|277|184|95|178|8167|
20160620|651 |0|2|22656|579|1059|240|417|1420|26371|
20160620|651 |1|1|7391|227|360|242|96|719|9035|
20160620|651 |1|2|24037|648|946|178|331|1445|27585|
20160620|685 |0|1|5338|483|982|943|1108|133|8987|
20160620|685 |0|2|17161|1134|1229|658|2643|1063|23888|
20160620|685 |1|1|4402|405|842|895|792|441|7777|
20160620|685 |1|2|17074|1234|1255|594|2656|1168|23981|
20160621|101 |0|1|20032|661|1209|896|295|386|23479|
20160621|101 |0|2|69945|2644|8766|1051|852|3425|86683|
20160621|101 |1|1|19415|829|1173|1173|393|1667|24650|
20160621|101 |1|2|68854|3129|8995|1523|1319|3507|87327|
20160621|190 |0|1|10717|656|1357|1080|301|228|14339|
20160621|190 |0|2|40782|2836|2905|1302|1155|2144|51124|
20160621|190 |1|1|10888|736|1112|1391|408|915|15450|
20160621|190 |1|2|39540|2916|2847|1617|1398|2045|50363|
20160621|253 |0|1|16014|965|1493|1314|577|435|20798|
20160621|253 |0|2|66403|2952|2103|1905|2374|4233|79970|
20160621|253 |1|1|15914|884|1421|1585|875|1634|22313|
20160621|253 |1|2|62024|2987|2021|1991|2840|3932|75795|
20160621|254 |0|1|7102|491|832|1015|916|247|10603|
20160621|254 |0|2|29727|1573|1211|792|2927|2156|38386|
20160621|254 |1|1|7699|597|833|1050|891|853|11923|
20160621|254 |1|2|29248|1418|1002|631|2246|2091|36636|
20160621|651 |0|1|6638|197|304|225|108|166|7638|
20160621|651 |0|2|21913|594|1068|248|465|1293|25581|
20160621|651 |1|1|6623|229|401|225|128|641|8247|
20160621|651 |1|2|21868|632|1000|183|355|1355|25393|
20160621|685 |0|1|4246|446|1015|1012|1125|110|7954|
20160621|685 |0|2|17093|1233|1352|656|2841|1080|24255|
20160621|685 |1|1|4090|491|922|950|904|380|7737|
20160621|685 |1|2|16610|1210|1269|675|2895|1103|23762|
20160622|101 |0|1|18704|620|1036|879|285|363|21887|
20160622|101 |0|2|67588|2490|8568|986|839|3312|83783|
20160622|101 |1|1|18026|728|1017|1119|365|1513|22768|
20160622|101 |1|2|66271|2961|8846|1375|1208|3370|84031|
20160622|190 |0|1|10519|633|1258|1060|307|263|14040|
20160622|190 |0|2|39822|2697|2750|1352|1166|1976|49763|
20160622|190 |1|1|10086|668|978|1126|390|858|14106|
20160622|190 |1|2|37360|2568|2622|1356|1326|1974|47206|
20160622|253 |0|1|15413|820|1378|1197|527|432|19767|
20160622|253 |0|2|65628|2793|1982|1847|2186|4138|78574|
20160622|253 |1|1|15157|839|1319|1433|726|1527|21001|
20160622|253 |1|2|60586|2839|1935|1877|2593|3910|73740|
20160622|254 |0|1|7265|466|793|938|899|246|10607|
20160622|254 |0|2|29882|1527|1172|738|2835|2103|38257|
20160622|254 |1|1|7343|567|758|971|839|829|11307|
20160622|254 |1|2|28236|1335|963|595|2065|1907|35101|
20160622|651 |0|1|6266|187|272|180|92|178|7175|
20160622|651 |0|2|21129|567|1059|210|439|1280|24684|
20160622|651 |1|1|5957|226|363|202|88|551|7387|
20160622|651 |1|2|20766|609|989|175|375|1286|24200|
20160622|685 |0|1|4039|411|894|916|946|126|7332|
20160622|685 |0|2|16380|1110|1359|701|2723|1062|23335|
20160622|685 |1|1|3825|423|825|817|799|382|7071|
20160622|685 |1|2|15950|1171|1317|669|2736|1083|22926|
20160623|101 |0|1|20472|673|1164|883|300|430|23922|
20160623|101 |0|2|72639|2711|8734|1016|954|3449|89503|
20160623|101 |1|1|19321|818|1231|1162|341|1663|24536|
20160623|101 |1|2|70290|3131|8920|1483|1361|3477|88662|
20160623|190 |0|1|11045|637|1350|1052|333|236|14653|
20160623|190 |0|2|40890|2816|2710|1261|1295|2002|50974|
20160623|190 |1|1|10795|712|1116|1230|431|909|15193|
20160623|190 |1|2|40303|2794|2687|1410|1400|2083|50677|
20160623|253 |0|1|16527|915|1544|1336|520|470|21312|
20160623|253 |0|2|68860|3104|2089|1883|2212|4297|82445|
20160623|253 |1|1|15360|904|1392|1583|788|1556|21583|
20160623|253 |1|2|62442|3039|2029|1921|2810|3940|76181|
20160623|254 |0|1|7608|514|788|1013|947|256|11126|
20160623|254 |0|2|31097|1622|1300|805|3033|2241|40098|
20160623|254 |1|1|8082|565|851|971|916|884|12269|
20160623|254 |1|2|29624|1346|1074|658|2376|2094|37172|
20160623|651 |0|1|7301|201|291|179|99|177|8248|
20160623|651 |0|2|23961|622|1086|248|485|1393|27795|
20160623|651 |1|1|6636|235|361|249|103|596|8180|
20160623|651 |1|2|22554|644|1019|193|448|1385|26243|
20160623|685 |0|1|4079|423|928|951|1246|112|7739|
20160623|685 |0|2|16348|1152|1273|740|2474|1056|23043|
20160623|685 |1|1|3984|449|848|877|844|388|7390|
20160623|685 |1|2|16302|1221|1260|641|2534|1097|23055|
20160624|101 |0|1|20692|568|1053|793|263|411|23780|
20160624|101 |0|2|71957|2449|9310|960|775|3501|88952|
20160624|101 |1|1|20174|752|1124|1051|356|1730|25187|
20160624|101 |1|2|70606|2818|9431|1377|1100|3532|88864|
20160624|190 |0|1|12225|646|1157|967|316|254|15565|
20160624|190 |0|2|43894|2538|2623|1120|1182|2070|53427|
20160624|190 |1|1|12329|697|1023|1181|402|1039|16671|
20160624|190 |1|2|43562|2690|2637|1267|1242|2190|53588|
20160624|253 |0|1|17624|807|1284|1215|503|440|21873|
20160624|253 |0|2|70075|2746|1941|1781|2007|4237|82787|
20160624|253 |1|1|17386|779|1295|1493|838|1732|23523|
20160624|253 |1|2|66785|2801|1862|1733|2254|4227|79662|
20160624|254 |0|1|7730|441|698|839|740|258|10706|
20160624|254 |0|2|30588|1478|1149|708|2655|2228|38806|
20160624|254 |1|1|8378|540|753|962|822|938|12393|
20160624|254 |1|2|30002|1323|1026|612|2198|2123|37284|
20160624|651 |0|1|9273|162|267|215|89|204|10210|
20160624|651 |0|2|30632|555|1279|252|378|1601|34697|
20160624|651 |1|1|7049|201|383|207|71|686|8597|
20160624|651 |1|2|23158|602|1240|194|325|1459|26978|
20160624|685 |0|1|4551|419|825|791|811|114|7511|
20160624|685 |0|2|18117|1100|1293|655|2560|1180|24905|
20160624|685 |1|1|4535|407|773|841|801|424|7781|
20160624|685 |1|2|17858|1130|1189|645|2447|1198|24467|
20160625|101 |0|1|27438|390|702|396|203|410|29539|
20160625|101 |0|2|77735|1640|9283|493|520|2991|92662|
20160625|101 |1|1|24073|529|873|694|232|1858|28259|
20160625|101 |1|2|71159|2099|9195|870|799|2908|87030|
20160625|190 |0|1|15782|334|618|440|160|256|17590|
20160625|190 |0|2|45871|1302|2123|459|614|1799|52168|
20160625|190 |1|1|14729|387|546|667|259|1145|17733|
20160625|190 |1|2|44336|1533|2322|816|837|1831|51675|
20160625|253 |0|1|23698|498|749|652|305|420|26322|
20160625|253 |0|2|73378|1541|1499|1061|1481|3512|82472|
20160625|253 |1|1|21133|521|904|1039|545|1903|26045|
20160625|253 |1|2|66193|1537|1370|1121|1949|3364|75534|
20160625|254 |0|1|10319|246|434|476|491|254|12220|
20160625|254 |0|2|33803|776|1036|375|1623|1951|39564|
20160625|254 |1|1|10894|346|504|608|566|1056|13974|
20160625|254 |1|2|31871|767|855|370|1271|1870|37004|
20160625|651 |0|1|12553|130|143|133|48|252|13259|
20160625|651 |0|2|34389|318|1152|129|169|1465|37622|
20160625|651 |1|1|9785|152|214|127|58|802|11138|
20160625|651 |1|2|29309|380|1201|93|168|1288|32439|
20160625|685 |0|1|7031|207|438|483|560|124|8843|
20160625|685 |0|2|20492|536|1180|344|1747|1050|25349|
20160625|685 |1|1|5804|199|455|542|535|490|8025|
20160625|685 |1|2|17914|575|1084|384|1885|1042|22884|
20160626|101 |0|1|24313|244|344|190|64|316|25471|
20160626|101 |0|2|71006|844|7276|296|166|2847|82435|
20160626|101 |1|1|24831|288|561|332|71|1919|28002|
20160626|101 |1|2|70210|885|7773|528|213|2768|82377|
20160626|190 |0|1|13894|178|366|226|53|171|14888|
20160626|190 |0|2|40059|742|2113|341|200|1682|45137|
20160626|190 |1|1|15456|199|265|422|73|1124|17539|
20160626|190 |1|2|43612|668|1915|480|192|1658|48525|
20160626|253 |0|1|21531|270|293|206|122|375|22797|
20160626|253 |0|2|64719|727|759|303|589|3241|70338|
20160626|253 |1|1|21423|200|259|321|150|1769|24122|
20160626|253 |1|2|61424|583|643|311|522|2863|66346|
20160626|254 |0|1|9692|112|137|133|151|198|10423|
20160626|254 |0|2|29379|327|781|125|367|1673|32652|
20160626|254 |1|1|10810|115|171|198|167|1036|12497|
20160626|254 |1|2|29361|262|695|111|215|1664|32308|
20160626|651 |0|1|9670|70|108|54|19|223|10144|
20160626|651 |0|2|26481|158|1109|64|53|1258|29123|
20160626|651 |1|1|13269|84|171|118|25|1055|14722|
20160626|651 |1|2|35986|193|999|53|50|1594|38875|
20160626|685 |0|1|5469|89|171|153|243|112|6237|
20160626|685 |0|2|15365|240|1025|137|587|751|18105|
20160626|685 |1|1|6181|74|131|177|209|549|7321|
20160626|685 |1|2|17840|233|941|142|553|724|20433|
20160627|101 |0|1|21016|616|1156|815|310|443|24356|
20160627|101 |0|2|74180|2486|8536|1022|849|3747|90820|
20160627|101 |1|1|19329|737|1074|958|352|1801|24251|
20160627|101 |1|2|70600|2893|8780|1254|1208|3622|88357|
20160627|190 |0|1|11483|643|1374|1129|300|257|15186|
20160627|190 |0|2|42223|2630|2589|1391|1196|2177|52206|
20160627|190 |1|1|11469|731|961|1064|358|987|15570|
20160627|190 |1|2|40363|2635|2700|1252|1287|2110|50347|
20160627|253 |0|1|17647|912|1383|1262|501|469|22174|
20160627|253 |0|2|70308|2885|1857|1766|2169|4417|83402|
20160627|253 |1|1|15691|843|1173|1231|663|1618|21219|
20160627|253 |1|2|61889|2871|1872|1671|2588|4088|74979|
20160627|254 |0|1|8021|501|865|1024|929|242|11582|
20160627|254 |0|2|32574|1599|1230|813|3040|2381|41637|
20160627|254 |1|1|7801|522|751|838|890|847|11649|
20160627|254 |1|2|29088|1362|1032|540|2231|2096|36349|
20160627|651 |0|1|7418|200|271|186|95|192|8362|
20160627|651 |0|2|22975|600|1057|225|445|1416|26718|
20160627|651 |1|1|7461|219|378|211|98|749|9116|
20160627|651 |1|2|24636|611|888|193|381|1559|28268|
20160627|685 |0|1|5695|489|1001|1010|1102|152|9449|
20160627|685 |0|2|16302|1122|1182|642|2641|1038|22927|
20160627|685 |1|1|3978|406|821|867|783|381|7236|
20160627|685 |1|2|16305|1271|1253|651|2738|1150|23368|
20160628|101 |0|1|20790|699|1275|889|339|427|24419|
20160628|101 |0|2|69325|2700|8437|1105|972|3338|85877|
20160628|101 |1|1|18622|758|1128|1302|427|1638|23875|
20160628|101 |1|2|68045|3123|8698|1624|1414|3402|86306|
20160628|190 |0|1|10701|673|1370|1165|326|253|14488|
20160628|190 |0|2|40963|2878|2732|1380|1264|2054|51271|
20160628|190 |1|1|10652|737|1095|1396|465|970|15315|
20160628|190 |1|2|39764|2933|2754|1553|1452|2101|50557|
20160628|253 |0|1|16031|935|1523|1341|623|441|20894|
20160628|253 |0|2|67874|3098|2026|1943|2568|4273|81782|
20160628|253 |1|1|14984|887|1367|1635|801|1535|21209|
20160628|253 |1|2|61770|3078|1977|2024|3020|3880|75749|
20160628|254 |0|1|7213|475|840|1047|917|275|10767|
20160628|254 |0|2|30229|1551|1251|808|3003|2212|39054|
20160628|254 |1|1|7773|567|879|1031|925|842|12017|
20160628|254 |1|2|29775|1391|1059|624|2412|2103|37364|
20160628|651 |0|1|7033|181|325|196|141|184|8060|
20160628|651 |0|2|22112|590|1044|235|503|1323|25807|
20160628|651 |1|1|7053|221|425|235|140|657|8731|
20160628|651 |1|2|22900|642|995|196|409|1392|26534|
20160628|685 |0|1|3885|482|960|982|1207|127|7643|
20160628|685 |0|2|16538|1243|1285|726|2860|1092|23744|
20160628|685 |1|1|3869|457|923|933|842|409|7433|
20160628|685 |1|2|16154|1290|1228|715|2972|1138|23497|
20160629|101 |0|1|20156|674|1179|904|368|401|23682|
20160629|101 |0|2|69941|2707|8491|1113|936|3515|86703|
20160629|101 |1|1|18775|831|1100|1276|421|1617|24020|
20160629|101 |1|2|69209|3205|8770|1649|1396|3458|87687|
20160629|190 |0|1|8716|654|1321|1130|338|197|12356|
20160629|190 |0|2|39655|2743|2736|1315|1163|1978|49590|
20160629|190 |1|1|10628|700|1082|1204|434|880|14928|
20160629|190 |1|2|39545|2766|2780|1526|1400|2029|50046|
20160629|253 |0|1|16075|941|1491|1354|566|435|20862|
20160629|253 |0|2|66933|3053|2031|1977|2393|4217|80604|
20160629|253 |1|1|15118|910|1362|1539|757|1539|21225|
20160629|253 |1|2|61792|3053|1980|1991|3005|3912|75733|
20160629|254 |0|1|7509|486|814|998|912|247|10966|
20160629|254 |0|2|31137|1657|1307|825|2975|2225|40126|
20160629|254 |1|1|7666|529|782|981|893|876|11727|
20160629|254 |1|2|28766|1397|997|622|2168|2057|36007|
20160629|651 |0|1|6785|175|304|213|111|208|7796|
20160629|651 |0|2|21910|616|1019|278|501|1314|25638|
20160629|651 |1|1|6726|215|371|254|94|603|8263|
20160629|651 |1|2|21781|681|962|246|454|1388|25512|
20160629|685 |0|1|3980|489|938|1069|1198|111|7785|
20160629|685 |0|2|16035|1187|1262|714|2904|1071|23173|
20160629|685 |1|1|3843|441|848|898|827|386|7243|
20160629|685 |1|2|16194|1263|1294|752|3097|1109|23709|
20160630|101 |0|1|19678|655|1104|884|291|422|23034|
20160630|101 |0|2|68409|2636|8424|1081|834|3386|84770|
20160630|101 |1|1|18897|822|1194|1261|358|1588|24120|
20160630|101 |1|2|68251|3045|8775|1580|1309|3459|86419|
20160630|190 |0|1|10593|668|1316|1089|315|214|14195|
20160630|190 |0|2|38724|2725|2633|1264|1261|1945|48552|
20160630|190 |1|1|11077|740|1057|1243|415|967|15499|
20160630|190 |1|2|39963|2780|2710|1464|1465|2099|50481|
20160630|253 |0|1|15507|920|1486|1343|551|427|20234|
20160630|253 |0|2|64803|2949|1980|1895|2308|4108|78043|
20160630|253 |1|1|15087|891|1325|1639|793|1503|21238|
20160630|253 |1|2|61344|3001|1848|2024|2790|3881|74888|
20160630|254 |0|1|7506|494|809|977|840|239|10865|
20160630|254 |0|2|30992|1558|1231|827|2850|2215|39673|
20160630|254 |1|1|7957|605|815|951|818|810|11956|
20160630|254 |1|2|29326|1407|1019|621|2146|2039|36558|
