20160501|101 |0|1|24810|286|484|221|56|316|26173|
20160501|101 |0|2|68646|955|8607|241|135|2794|81378|
20160501|101 |1|1|26057|330|747|418|70|1923|29545|
20160501|101 |1|2|69894|1057|9224|531|202|2637|83545|
20160501|190 |0|1|14267|303|349|212|46|234|15411|
20160501|190 |0|2|40133|745|2234|308|143|1647|45210|
20160501|190 |1|1|16128|206|302|349|78|1131|18194|
20160501|190 |1|2|43260|666|2004|356|158|1650|48094|
20160501|253 |0|1|22290|263|315|193|81|421|23563|
20160501|253 |0|2|65538|771|1168|256|304|3233|71270|
20160501|253 |1|1|22915|224|304|302|120|1992|25857|
20160501|253 |1|2|64021|627|1139|280|275|3021|69363|
20160501|254 |0|1|9900|107|179|139|111|220|10656|
20160501|254 |0|2|29107|365|742|123|259|1615|32211|
20160501|254 |1|1|11111|134|175|164|91|1109|12784|
20160501|254 |1|2|29366|266|709|101|205|1646|32293|
20160501|651 |0|1|8810|66|103|48|11|214|9252|
20160501|651 |0|2|24179|162|989|39|18|1094|26481|
20160501|651 |1|1|12043|90|180|76|10|964|13363|
20160501|651 |1|2|33687|214|990|30|35|1377|36333|
20160501|685 |0|1|5621|74|150|123|123|97|6188|
20160501|685 |0|2|15057|201|1115|110|334|723|17540|
20160501|685 |1|1|6435|80|131|125|102|522|7395|
20160501|685 |1|2|18377|190|1104|109|308|826|20914|
20160502|101 |0|1|21025|710|1249|896|303|458|24641|
20160502|101 |0|2|72362|2599|9169|924|693|3684|89431|
20160502|101 |1|1|19462|804|1129|1103|373|1794|24665|
20160502|101 |1|2|68272|3068|9509|1240|1096|3639|86824|
20160502|190 |0|1|11890|740|1317|1220|298|311|15776|
20160502|190 |0|2|43084|2688|2991|1166|925|2223|53077|
20160502|190 |1|1|11688|720|1036|1125|394|1011|15974|
20160502|190 |1|2|40279|2692|3017|1067|1103|2176|50334|
20160502|253 |0|1|17856|889|1462|1287|567|512|22573|
20160502|253 |0|2|72192|2970|1804|1311|2006|4485|84768|
20160502|253 |1|1|16064|913|1149|1215|747|1674|21762|
20160502|253 |1|2|62020|2943|1707|1160|2490|4061|74381|
20160502|254 |0|1|8059|500|911|1015|981|257|11723|
20160502|254 |0|2|32254|1648|1353|735|2607|2388|40985|
20160502|254 |1|1|8173|599|834|855|881|856|12198|
20160502|254 |1|2|29305|1289|1143|497|1921|2121|36276|
20160502|651 |0|1|6431|208|265|194|94|172|7364|
20160502|651 |0|2|20626|633|1126|190|356|1244|24175|
20160502|651 |1|1|6391|245|407|208|105|608|7964|
20160502|651 |1|2|21166|642|980|143|319|1345|24595|
20160502|685 |0|1|5206|442|1015|958|1033|141|8795|
20160502|685 |0|2|16933|1087|1362|626|2373|1055|23436|
20160502|685 |1|1|4151|441|846|867|786|436|7527|
20160502|685 |1|2|16659|1263|1413|566|2316|1121|23338|
20160503|101 |0|1|18174|634|1109|910|287|390|21504|
20160503|101 |0|2|57530|2350|8976|894|577|2947|73274|
20160503|101 |1|1|16739|749|1098|1147|337|1477|21547|
20160503|101 |1|2|59174|2901|9275|1389|942|3202|76883|
20160503|190 |0|1|9790|667|1292|1188|302|249|13488|
20160503|190 |0|2|36648|2676|2848|1197|912|1915|46196|
20160503|190 |1|1|9901|638|994|1243|361|867|14004|
20160503|190 |1|2|35275|2599|2917|1331|1051|2014|45187|
20160503|253 |0|1|15067|799|1383|1237|501|403|19390|
20160503|253 |0|2|62639|2779|1962|1629|1648|4083|74740|
20160503|253 |1|1|13797|787|1251|1371|672|1465|19343|
20160503|253 |1|2|57444|2718|1889|1625|2065|3730|69471|
20160503|254 |0|1|6807|442|865|943|885|216|10158|
20160503|254 |0|2|28605|1490|1306|758|2595|2172|36926|
20160503|254 |1|1|6994|551|777|1044|831|773|10970|
20160503|254 |1|2|26873|1292|1118|573|2028|2033|33917|
20160503|651 |0|1|5105|157|221|184|102|161|5930|
20160503|651 |0|2|16252|508|1030|201|365|1109|19465|
20160503|651 |1|1|5002|195|310|175|120|529|6331|
20160503|651 |1|2|16669|565|992|134|314|1161|19835|
20160503|685 |0|1|3427|364|823|811|885|103|6413|
20160503|685 |0|2|14634|968|1339|646|2425|954|20966|
20160503|685 |1|1|3392|390|748|844|754|339|6467|
20160503|685 |1|2|14450|1055|1345|587|2332|979|20748|
20160504|101 |0|1|24900|780|1264|910|315|527|28696|
20160504|101 |0|2|80583|2686|10351|853|580|3711|98764|
20160504|101 |1|1|20341|873|1331|1353|385|1841|26124|
20160504|101 |1|2|70977|3278|10482|1424|1046|3603|90810|
20160504|190 |0|1|15833|786|1471|1194|364|339|19987|
20160504|190 |0|2|56157|3004|3209|1238|1134|2587|67329|
20160504|190 |1|1|13682|849|1292|1477|531|1107|18938|
20160504|190 |1|2|45937|2948|3103|1403|1227|2303|56921|
20160504|253 |0|1|20723|957|1508|1297|600|543|25628|
20160504|253 |0|2|79653|3344|2174|1643|2055|4712|93581|
20160504|253 |1|1|17873|1061|1477|1591|898|1873|24773|
20160504|253 |1|2|69365|3279|2170|1795|2620|4375|83604|
20160504|254 |0|1|8601|536|891|1024|972|300|12324|
20160504|254 |0|2|33921|1715|1325|774|2671|2420|42826|
20160504|254 |1|1|8782|666|886|1125|963|941|13363|
20160504|254 |1|2|31669|1509|1107|652|2126|2219|39282|
20160504|651 |0|1|9073|193|290|245|135|154|10090|
20160504|651 |0|2|29174|625|1151|212|430|1577|33169|
20160504|651 |1|1|6783|264|445|237|136|686|8551|
20160504|651 |1|2|22609|653|1227|165|405|1424|26483|
20160504|685 |0|1|5728|476|1030|1012|1113|169|9528|
20160504|685 |0|2|21093|1164|1470|651|2621|1187|28186|
20160504|685 |1|1|4597|485|893|1029|897|480|8381|
20160504|685 |1|2|17481|1319|1450|689|2566|1127|24632|
20160505|101 |0|1|29264|471|752|451|188|330|31456|
20160505|101 |0|2|69373|1452|8056|525|361|2468|82235|
20160505|101 |1|1|23612|582|844|805|233|1729|27805|
20160505|101 |1|2|66630|2021|8022|942|654|2533|80802|
20160505|190 |0|1|18853|469|659|600|190|152|20923|
20160505|190 |0|2|48743|1393|2011|534|505|1743|54929|
20160505|190 |1|1|13895|436|667|834|288|1064|17184|
20160505|190 |1|2|40546|1560|2450|787|717|1603|47663|
20160505|253 |0|1|23569|467|594|548|322|386|25886|
20160505|253 |0|2|68047|1335|833|606|1148|2978|74947|
20160505|253 |1|1|19262|478|669|728|493|1735|23365|
20160505|253 |1|2|57595|1473|952|755|1593|2763|65131|
20160505|254 |0|1|9726|256|475|428|434|238|11557|
20160505|254 |0|2|32065|816|1014|362|1341|1679|37277|
20160505|254 |1|1|9964|362|432|583|410|978|12729|
20160505|254 |1|2|29019|777|875|343|1092|1635|33741|
20160505|651 |0|1|12503|119|138|134|68|229|13191|
20160505|651 |0|2|28775|245|765|114|235|1120|31254|
20160505|651 |1|1|9401|144|220|128|64|822|10779|
20160505|651 |1|2|24245|342|811|73|212|1067|26750|
20160505|685 |0|1|7926|197|548|389|454|128|9642|
20160505|685 |0|2|16210|355|796|284|971|719|19335|
20160505|685 |1|1|5068|192|373|457|428|484|7002|
20160505|685 |1|2|15518|476|1120|347|1238|741|19440|
20160506|101 |0|1|31448|594|874|580|289|427|34212|
20160506|101 |0|2|67823|1769|7543|623|435|2468|80661|
20160506|101 |1|1|27037|622|866|735|307|1905|31472|
20160506|101 |1|2|67631|2336|7552|818|656|2650|81643|
20160506|190 |0|1|19140|583|899|812|294|267|21995|
20160506|190 |0|2|52331|1963|2159|845|608|1956|59862|
20160506|190 |1|1|18035|553|743|892|337|1173|21733|
20160506|190 |1|2|48141|1941|2302|777|644|1905|55710|
20160506|253 |0|1|25103|608|773|784|465|459|28192|
20160506|253 |0|2|73999|1918|928|873|1214|3522|82454|
20160506|253 |1|1|23644|675|683|814|635|1849|28300|
20160506|253 |1|2|66903|1924|930|800|1598|3327|75482|
20160506|254 |0|1|9825|328|565|598|681|223|12220|
20160506|254 |0|2|31164|1054|981|449|1689|1648|36985|
20160506|254 |1|1|10084|383|442|548|614|923|12994|
20160506|254 |1|2|28588|900|772|336|1263|1617|33476|
20160506|651 |0|1|13145|153|218|150|72|269|14007|
20160506|651 |0|2|31661|402|924|128|256|1272|34643|
20160506|651 |1|1|12518|201|257|155|81|914|14126|
20160506|651 |1|2|31455|507|801|122|239|1420|34544|
20160506|685 |0|1|8399|315|677|619|811|129|10950|
20160506|685 |0|2|18399|584|946|386|1403|848|22566|
20160506|685 |1|1|7078|288|539|629|653|583|9770|
20160506|685 |1|2|20417|762|1111|418|1628|997|25333|
20160507|101 |0|1|28265|385|630|360|186|364|30190|
20160507|101 |0|2|72222|1425|8390|370|348|2737|85492|
20160507|101 |1|1|27969|502|710|580|209|2079|32049|
20160507|101 |1|2|75408|1889|8737|632|537|2811|90014|
20160507|190 |0|1|18966|409|620|409|174|218|20796|
20160507|190 |0|2|51693|1311|2222|356|424|1999|58005|
20160507|190 |1|1|20225|366|477|545|195|1517|23325|
20160507|190 |1|2|56439|1302|2172|563|552|2157|63185|
20160507|253 |0|1|25414|395|530|434|263|462|27498|
20160507|253 |0|2|74850|1273|914|499|952|3532|82020|
20160507|253 |1|1|24966|396|584|619|404|2092|29061|
20160507|253 |1|2|71625|1308|888|582|1362|3329|79094|
20160507|254 |0|1|10751|198|385|356|395|264|12349|
20160507|254 |0|2|32807|694|821|295|1296|1858|37771|
20160507|254 |1|1|11632|282|361|419|398|1154|14246|
20160507|254 |1|2|32224|669|766|252|960|1764|36635|
20160507|651 |0|1|12368|107|118|74|37|231|12935|
20160507|651 |0|2|32622|296|997|101|178|1458|35652|
20160507|651 |1|1|12682|127|191|105|42|1009|14156|
20160507|651 |1|2|35269|327|890|51|169|1385|38091|
20160507|685 |0|1|7772|185|388|345|455|140|9285|
20160507|685 |0|2|21689|408|1232|275|1291|981|25876|
20160507|685 |1|1|7338|167|348|421|436|612|9322|
20160507|685 |1|2|22395|427|1117|316|1337|1056|26648|
20160508|101 |0|1|25169|211|323|188|66|336|26293|
20160508|101 |0|2|70396|800|7753|240|191|2949|82329|
20160508|101 |1|1|29566|260|552|376|64|2206|33024|
20160508|101 |1|2|78726|832|8614|469|250|2823|91714|
20160508|190 |0|1|15811|253|287|204|81|154|16790|
20160508|190 |0|2|43841|690|2210|298|177|1877|49093|
20160508|190 |1|1|21435|191|251|377|83|1502|23839|
20160508|190 |1|2|58329|578|1838|367|167|2092|63371|
20160508|253 |0|1|23172|212|274|224|136|415|24433|
20160508|253 |0|2|68186|683|745|248|420|3391|73673|
20160508|253 |1|1|26863|200|225|263|161|2122|29834|
20160508|253 |1|2|73066|537|616|281|417|3229|78146|
20160508|254 |0|1|10189|97|146|158|131|212|10933|
20160508|254 |0|2|31003|310|708|107|362|1678|34168|
20160508|254 |1|1|11855|112|149|161|121|1125|13523|
20160508|254 |1|2|31034|249|673|75|259|1696|33986|
20160508|651 |0|1|7887|59|87|39|9|191|8272|
20160508|651 |0|2|21444|119|910|30|40|1039|23582|
20160508|651 |1|1|12949|88|148|75|16|1056|14332|
20160508|651 |1|2|35385|160|955|28|40|1490|38058|
20160508|685 |0|1|6513|89|172|156|195|110|7235|
20160508|685 |0|2|17581|205|1141|143|453|928|20451|
20160508|685 |1|1|8185|77|138|157|170|657|9384|
20160508|685 |1|2|24210|198|1042|104|419|981|26954|
20160509|101 |0|1|21550|687|1234|951|287|485|25194|
20160509|101 |0|2|73591|2541|9116|924|734|3746|90652|
20160509|101 |1|1|21432|828|1075|1103|342|2016|26796|
20160509|101 |1|2|73495|2942|9527|1202|1095|3951|92212|
20160509|190 |0|1|12987|688|1403|1165|327|208|16778|
20160509|190 |0|2|45819|2732|3027|1210|1049|2323|56160|
20160509|190 |1|1|12796|729|973|1033|393|1113|17037|
20160509|190 |1|2|43429|2619|3012|1062|1144|2309|53575|
20160509|253 |0|1|18142|922|1495|1370|555|499|22983|
20160509|253 |0|2|70790|3013|2127|1738|2070|4470|84208|
20160509|253 |1|1|17403|1004|1297|1372|764|1760|23600|
20160509|253 |1|2|65392|3012|2161|1641|2486|4243|78935|
20160509|254 |0|1|8197|530|885|1105|985|250|11952|
20160509|254 |0|2|32453|1649|1307|792|3077|2335|41613|
20160509|254 |1|1|8620|576|882|933|907|913|12831|
20160509|254 |1|2|30278|1367|1187|504|2297|2163|37796|
20160509|651 |0|1|6538|218|261|202|104|193|7516|
20160509|651 |0|2|20523|587|1048|191|364|1309|24022|
20160509|651 |1|1|6700|259|365|189|111|621|8245|
20160509|651 |1|2|21370|628|1014|167|357|1392|24928|
20160509|685 |0|1|5383|482|1031|1019|1256|154|9325|
20160509|685 |0|2|16897|1130|1293|571|2383|1017|23291|
20160509|685 |1|1|4534|479|845|856|830|429|7973|
20160509|685 |1|2|16460|1287|1295|585|2441|1098|23166|
20160510|101 |0|1|18449|675|1178|929|279|409|21919|
20160510|101 |0|2|66118|2603|9524|1002|767|3424|83438|
20160510|101 |1|1|17381|823|1232|1330|362|1571|22699|
20160510|101 |1|2|63224|2957|9673|1418|1151|3301|81724|
20160510|190 |0|1|10435|663|1357|1096|343|157|14051|
20160510|190 |0|2|38113|2720|2967|1162|1077|1951|47990|
20160510|190 |1|1|10700|710|1074|1421|450|927|15282|
20160510|190 |1|2|38258|2755|3118|1393|1210|2052|48786|
20160510|253 |0|1|15100|860|1463|1395|576|424|19818|
20160510|253 |0|2|62750|2874|2390|1866|2140|3983|76003|
20160510|253 |1|1|14472|914|1295|1584|806|1436|20507|
20160510|253 |1|2|58902|2924|2265|1897|2630|3771|72389|
20160510|254 |0|1|6800|454|904|1088|1065|254|10565|
20160510|254 |0|2|28892|1547|1398|838|3085|2136|37896|
20160510|254 |1|1|7174|561|823|1075|1001|807|11441|
20160510|254 |1|2|27603|1370|1156|633|2261|1987|35010|
20160510|651 |0|1|5859|183|257|201|106|131|6737|
20160510|651 |0|2|18823|525|1182|202|353|1151|22236|
20160510|651 |1|1|5721|231|348|197|127|515|7139|
20160510|651 |1|2|18797|592|1118|152|299|1268|22226|
20160510|685 |0|1|3518|369|857|869|933|101|6647|
20160510|685 |0|2|14737|1050|1355|642|2547|986|21317|
20160510|685 |1|1|3556|416|832|903|812|346|6865|
20160510|685 |1|2|14756|1089|1362|669|2492|981|21349|
20160511|101 |0|1|21442|737|1199|938|306|440|25062|
20160511|101 |0|2|70014|2563|9995|972|743|3437|87724|
20160511|101 |1|1|19503|864|1226|1260|383|1746|24982|
20160511|101 |1|2|69983|3118|10181|1412|1206|3535|89435|
20160511|190 |0|1|11291|665|1361|1105|331|190|14943|
20160511|190 |0|2|42131|2920|3191|1212|1076|2120|52650|
20160511|190 |1|1|11165|710|1065|1265|447|1009|15661|
20160511|190 |1|2|40729|2816|3234|1372|1239|2129|51519|
20160511|253 |0|1|16668|915|1541|1400|530|488|21542|
20160511|253 |0|2|68878|3181|2402|1804|2062|4279|82606|
20160511|253 |1|1|15393|955|1339|1600|798|1633|21718|
20160511|253 |1|2|62713|3119|2332|1834|2682|4019|76699|
20160511|254 |0|1|7738|545|857|1042|1074|281|11537|
20160511|254 |0|2|31165|1658|1377|769|3212|2327|40508|
20160511|254 |1|1|8209|651|883|1014|952|888|12597|
20160511|254 |1|2|29971|1471|1194|649|2322|2127|37734|
20160511|651 |0|1|6466|209|250|221|122|177|7445|
20160511|651 |0|2|21355|567|1270|197|498|1273|25160|
20160511|651 |1|1|6012|255|384|210|122|571|7554|
20160511|651 |1|2|20614|616|1127|161|470|1303|24291|
20160511|685 |0|1|4168|470|978|929|1145|137|7827|
20160511|685 |0|2|16481|1177|1383|672|2709|1025|23447|
20160511|685 |1|1|3956|460|847|1001|1015|393|7672|
20160511|685 |1|2|15576|1257|1351|624|2618|1019|22445|
20160512|101 |0|1|20373|684|1181|952|367|452|24009|
20160512|101 |0|2|71737|2647|9707|980|828|3513|89412|
20160512|101 |1|1|19129|881|1253|1262|423|1640|24588|
20160512|101 |1|2|69137|3150|10067|1529|1274|3508|88665|
20160512|190 |0|1|11560|711|1404|1165|327|172|15339|
20160512|190 |0|2|41892|2869|3242|1280|1056|2070|52409|
20160512|190 |1|1|11470|785|1136|1321|425|987|16124|
20160512|190 |1|2|41225|2927|3167|1387|1263|2149|52118|
20160512|253 |0|1|17007|987|1530|1408|641|476|22049|
20160512|253 |0|2|68356|3096|2417|1807|2223|4359|82258|
20160512|253 |1|1|16054|1009|1382|1609|854|1623|22531|
20160512|253 |1|2|63929|3083|2286|1898|2834|4034|78064|
20160512|254 |0|1|7634|501|906|1116|1047|286|11490|
20160512|254 |0|2|31417|1645|1437|822|3155|2255|40731|
20160512|254 |1|1|8055|573|898|1039|950|931|12446|
20160512|254 |1|2|30148|1393|1218|605|2294|2137|37795|
20160512|651 |0|1|6722|229|253|225|101|184|7714|
20160512|651 |0|2|21829|591|1262|214|399|1304|25599|
20160512|651 |1|1|6376|257|381|235|109|595|7953|
20160512|651 |1|2|21268|620|1212|147|386|1347|24980|
20160512|685 |0|1|4102|493|986|1048|1175|128|7932|
20160512|685 |0|2|16483|1140|1397|700|2747|1050|23517|
20160512|685 |1|1|3929|486|898|1006|923|386|7628|
20160512|685 |1|2|16348|1244|1437|713|2765|1084|23591|
20160513|101 |0|1|23216|683|1252|851|329|497|26828|
20160513|101 |0|2|77457|2649|10606|906|774|3773|96165|
20160513|101 |1|1|21159|838|1276|1275|407|1848|26803|
20160513|101 |1|2|73152|3166|10845|1488|1161|3791|93603|
20160513|190 |0|1|14129|774|1335|1077|344|278|17937|
20160513|190 |0|2|49844|2791|3259|1098|1153|2569|60714|
20160513|190 |1|1|12658|771|1186|1355|473|1165|17608|
20160513|190 |1|2|44980|2811|3138|1375|1278|2413|55995|
20160513|253 |0|1|19730|883|1449|1352|561|539|24514|
20160513|253 |0|2|75714|3055|2389|1661|2312|4489|89620|
20160513|253 |1|1|17830|926|1417|1636|816|1866|24491|
20160513|253 |1|2|69805|3118|2340|1864|2934|4498|84559|
20160513|254 |0|1|8334|532|846|960|966|261|11899|
20160513|254 |0|2|32930|1661|1365|752|3056|2329|42093|
20160513|254 |1|1|8684|638|871|1075|971|953|13192|
20160513|254 |1|2|31357|1440|1174|637|2319|2161|39088|
20160513|651 |0|1|9363|234|291|224|104|248|10464|
20160513|651 |0|2|30369|635|1402|241|423|1626|34696|
20160513|651 |1|1|6909|272|426|200|111|698|8616|
20160513|651 |1|2|23690|645|1475|169|338|1494|27811|
20160513|685 |0|1|5354|521|936|977|1219|132|9139|
20160513|685 |0|2|20359|1204|1486|678|2680|1212|27619|
20160513|685 |1|1|4740|463|878|963|994|476|8514|
20160513|685 |1|2|17900|1281|1333|738|2826|1185|25263|
20160514|101 |0|1|28038|419|660|380|167|358|30022|
20160514|101 |0|2|72725|1381|8858|431|368|2848|86611|
20160514|101 |1|1|25555|539|769|684|223|1979|29749|
20160514|101 |1|2|70857|1828|8702|713|685|2944|85729|
20160514|190 |0|1|17175|480|567|404|178|198|19002|
20160514|190 |0|2|46475|1143|2067|316|509|1834|52344|
20160514|190 |1|1|15693|348|541|586|229|1248|18645|
20160514|190 |1|2|44297|1318|2353|541|699|1859|51067|
20160514|253 |0|1|24816|420|584|464|306|449|27039|
20160514|253 |0|2|71606|1241|1003|488|1236|3583|79157|
20160514|253 |1|1|21841|432|619|706|444|1988|26030|
20160514|253 |1|2|64478|1392|1050|624|1755|3223|72522|
20160514|254 |0|1|11311|238|419|393|424|246|13031|
20160514|254 |0|2|34918|726|956|264|1523|1994|40381|
20160514|254 |1|1|11609|312|443|509|422|1187|14482|
20160514|254 |1|2|32960|640|838|293|1087|1927|37745|
20160514|651 |0|1|13136|120|139|137|61|265|13858|
20160514|651 |0|2|31027|272|1027|115|202|1355|33998|
20160514|651 |1|1|10479|151|212|102|38|901|11883|
20160514|651 |1|2|28193|324|1109|67|200|1214|31107|
20160514|685 |0|1|7449|245|458|372|447|110|9081|
20160514|685 |0|2|17089|319|911|245|1126|794|20484|
20160514|685 |1|1|5940|178|375|431|487|546|7957|
20160514|685 |1|2|17747|462|1055|258|1647|897|22066|
20160515|101 |0|1|22583|225|340|188|57|279|23672|
20160515|101 |0|2|63738|916|7832|298|161|2612|75557|
20160515|101 |1|1|24282|269|548|394|76|1860|27429|
20160515|101 |1|2|64832|962|8519|531|234|2496|77574|
20160515|190 |0|1|13541|320|319|232|59|131|14602|
20160515|190 |0|2|37864|778|2330|347|200|1606|43125|
20160515|190 |1|1|14697|212|262|315|93|1032|16611|
20160515|190 |1|2|40149|664|1962|410|187|1557|44929|
20160515|253 |0|1|19443|242|281|202|130|335|20633|
20160515|253 |0|2|58653|681|873|283|469|2884|63843|
20160515|253 |1|1|21542|197|260|301|157|1838|24295|
20160515|253 |1|2|59570|610|738|246|486|2796|64446|
20160515|254 |0|1|8952|94|142|152|131|191|9662|
20160515|254 |0|2|26770|347|722|130|340|1499|29808|
20160515|254 |1|1|10580|129|167|167|128|1008|12179|
20160515|254 |1|2|27630|286|690|103|259|1544|30512|
20160515|651 |0|1|7300|83|73|36|12|168|7672|
20160515|651 |0|2|20576|152|1108|46|105|999|22986|
20160515|651 |1|1|11680|112|153|90|24|897|12956|
20160515|651 |1|2|31773|200|1006|37|80|1381|34477|
20160515|685 |0|1|5137|85|147|127|275|117|5888|
20160515|685 |0|2|14452|192|1117|102|507|742|17112|
20160515|685 |1|1|6464|59|110|138|237|556|7564|
20160515|685 |1|2|18079|196|1001|110|443|813|20642|
20160516|101 |0|1|21175|671|1183|894|330|426|24679|
20160516|101 |0|2|71020|2431|9091|953|641|3607|87743|
20160516|101 |1|1|19403|745|1107|1009|324|1795|24383|
20160516|101 |1|2|69712|2916|9323|1172|951|3643|87717|
20160516|190 |0|1|11992|728|1383|1171|322|250|15846|
20160516|190 |0|2|43382|2679|2890|1265|1020|2209|53445|
20160516|190 |1|1|11427|665|966|1150|387|973|15568|
20160516|190 |1|2|40492|2623|3019|1182|1069|2166|50551|
20160516|253 |0|1|18256|908|1465|1375|618|515|23137|
20160516|253 |0|2|71917|2872|2073|1773|1956|4530|85121|
20160516|253 |1|1|15862|856|1193|1326|804|1633|21674|
20160516|253 |1|2|61866|2895|1916|1606|2390|4077|74750|
20160516|254 |0|1|8010|471|837|992|947|273|11530|
20160516|254 |0|2|32107|1603|1285|761|2956|2315|41027|
20160516|254 |1|1|8220|561|822|876|897|997|12373|
20160516|254 |1|2|29893|1394|1187|516|2097|2134|37221|
20160516|651 |0|1|6520|194|232|182|138|188|7454|
20160516|651 |0|2|20830|575|1127|193|493|1264|24482|
20160516|651 |1|1|6461|225|342|220|99|590|7937|
20160516|651 |1|2|21194|612|1024|147|494|1403|24874|
20160516|685 |0|1|4935|426|932|920|958|154|8325|
20160516|685 |0|2|17308|1181|1396|634|2513|1086|24118|
20160516|685 |1|1|3791|424|811|877|824|406|7133|
20160516|685 |1|2|15961|1223|1365|546|2292|1053|22440|
20160517|101 |0|1|21202|752|1260|1000|364|469|25047|
20160517|101 |0|2|69585|2605|9368|992|794|3387|86731|
20160517|101 |1|1|19173|888|1274|1343|410|1708|24796|
20160517|101 |1|2|69842|3244|9549|1536|1312|3506|88989|
20160517|190 |0|1|11006|795|1354|1234|357|210|14956|
20160517|190 |0|2|41887|2898|3077|1454|1141|2117|52574|
20160517|190 |1|1|10946|727|1137|1426|470|961|15667|
20160517|190 |1|2|39616|2898|3185|1470|1365|2068|50602|
20160517|253 |0|1|16923|972|1568|1397|650|497|22007|
20160517|253 |0|2|68062|3116|2236|1895|2161|4381|81851|
20160517|253 |1|1|15508|973|1377|1703|914|1583|22058|
20160517|253 |1|2|62072|3132|2177|1913|2760|4010|76064|
20160517|254 |0|1|7522|503|874|1101|1035|258|11293|
20160517|254 |0|2|31032|1685|1300|791|3036|2325|40169|
20160517|254 |1|1|8112|618|897|1110|961|890|12588|
20160517|254 |1|2|29974|1501|1208|579|2284|2201|37747|
20160517|651 |0|1|6543|213|253|217|115|188|7529|
20160517|651 |0|2|21437|625|1249|242|478|1275|25306|
20160517|651 |1|1|6292|247|390|204|142|609|7884|
20160517|651 |1|2|20793|650|1155|145|419|1284|24446|
20160517|685 |0|1|4094|489|1015|1012|1374|111|8095|
20160517|685 |0|2|16440|1187|1440|678|2866|1031|23642|
20160517|685 |1|1|4023|458|892|984|1084|443|7884|
20160517|685 |1|2|15862|1253|1395|695|2853|1027|23085|
20160518|101 |0|1|19701|702|1194|931|304|399|23231|
20160518|101 |0|2|70344|2748|9783|1012|812|3405|88104|
20160518|101 |1|1|18660|864|1310|1234|352|1653|24073|
20160518|101 |1|2|68123|3199|10069|1494|1263|3438|87586|
20160518|190 |0|1|11176|747|1405|1150|354|173|15005|
20160518|190 |0|2|41879|2820|3075|1179|1181|2131|52265|
20160518|190 |1|1|10947|730|1179|1330|500|886|15572|
20160518|190 |1|2|40236|2794|3124|1355|1352|2127|50988|
20160518|253 |0|1|16466|976|1416|1390|601|478|21327|
20160518|253 |0|2|67703|3138|2291|1771|2123|4319|81345|
20160518|253 |1|1|15290|943|1387|1547|874|1598|21639|
20160518|253 |1|2|61933|3139|2213|1842|2670|4037|75834|
20160518|254 |0|1|7575|569|886|1003|1043|261|11337|
20160518|254 |0|2|31768|1687|1344|801|2961|2306|40867|
20160518|254 |1|1|7843|641|844|1027|1013|898|12266|
20160518|254 |1|2|29959|1519|1183|590|2212|2121|37584|
20160518|651 |0|1|6598|184|291|223|98|163|7557|
20160518|651 |0|2|21492|626|1300|204|540|1321|25483|
20160518|651 |1|1|6405|206|393|207|138|572|7921|
20160518|651 |1|2|21111|662|1178|157|489|1328|24925|
20160518|685 |0|1|4068|450|961|1030|1461|99|8069|
20160518|685 |0|2|16755|1165|1409|607|2804|1057|23797|
20160518|685 |1|1|3912|461|845|912|1171|381|7682|
20160518|685 |1|2|16287|1217|1349|607|2743|1065|23268|
20160519|101 |0|1|20354|724|1176|942|309|436|23941|
20160519|101 |0|2|72324|2621|9588|1028|866|3417|89844|
20160519|101 |1|1|19230|849|1216|1276|402|1728|24701|
20160519|101 |1|2|70186|3155|9730|1510|1379|3456|89416|
20160519|190 |0|1|11246|766|1334|1147|420|160|15073|
20160519|190 |0|2|41890|2849|3092|1202|1327|2097|52457|
20160519|190 |1|1|11038|795|1159|1262|457|949|15660|
20160519|190 |1|2|41282|2789|3067|1385|1491|2169|52183|
20160519|253 |0|1|16673|931|1502|1375|602|479|21562|
20160519|253 |0|2|68272|3115|2344|1798|2155|4308|81992|
20160519|253 |1|1|15344|933|1342|1576|878|1564|21637|
20160519|253 |1|2|62757|3079|2196|1847|2733|3987|76599|
20160519|254 |0|1|7512|515|877|1048|995|275|11222|
20160519|254 |0|2|31067|1645|1428|753|2954|2244|40091|
20160519|254 |1|1|7919|647|847|1034|990|930|12367|
20160519|254 |1|2|30423|1416|1245|631|2358|2214|38287|
20160519|651 |0|1|6504|183|260|232|107|163|7449|
20160519|651 |0|2|21933|601|1200|237|584|1301|25856|
20160519|651 |1|1|6546|233|440|220|145|569|8153|
20160519|651 |1|2|21024|623|1071|175|479|1314|24686|
20160519|685 |0|1|3963|491|915|877|1106|120|7472|
20160519|685 |0|2|16374|1092|1410|635|2666|1061|23238|
20160519|685 |1|1|3768|464|788|884|967|419|7290|
20160519|685 |1|2|15778|1175|1213|610|2452|1035|22263|
20160520|101 |0|1|22237|692|1149|921|321|469|25789|
20160520|101 |0|2|74896|2605|10600|977|800|3585|93463|
20160520|101 |1|1|21026|869|1258|1229|394|1755|26531|
20160520|101 |1|2|73786|3125|10814|1464|1239|3733|94161|
20160520|190 |0|1|13219|771|1271|1096|347|180|16884|
20160520|190 |0|2|47793|2821|3102|1214|1358|2318|58606|
20160520|190 |1|1|12325|738|1115|1223|444|1175|17020|
20160520|190 |1|2|44167|2756|2967|1310|1472|2303|54975|
20160520|253 |0|1|19052|963|1509|1300|621|530|23975|
20160520|253 |0|2|74029|3018|2387|1731|2248|4437|87850|
20160520|253 |1|1|17858|1005|1356|1492|834|1825|24370|
20160520|253 |1|2|68691|3108|2302|1878|2850|4255|83084|
20160520|254 |0|1|8035|483|833|1000|1007|265|11623|
20160520|254 |0|2|32728|1609|1362|757|2898|2340|41694|
20160520|254 |1|1|8383|596|821|1021|948|926|12695|
20160520|254 |1|2|30162|1400|1084|650|2198|2093|37587|
20160520|651 |0|1|9227|210|286|232|133|235|10323|
20160520|651 |0|2|30577|643|1401|229|495|1588|34933|
20160520|651 |1|1|7161|244|433|234|139|733|8944|
20160520|651 |1|2|23036|638|1385|182|418|1423|27082|
20160520|685 |0|1|4889|471|895|973|1039|151|8418|
20160520|685 |0|2|19120|1145|1460|659|2654|1187|26225|
20160520|685 |1|1|4560|459|884|894|868|446|8111|
20160520|685 |1|2|18418|1215|1372|675|2630|1217|25527|
20160521|101 |0|1|27276|440|669|437|217|371|29410|
20160521|101 |0|2|76264|1622|9988|496|493|2995|91858|
20160521|101 |1|1|25213|597|945|750|274|1979|29758|
20160521|101 |1|2|73145|2164|9943|854|789|3101|89996|
20160521|190 |0|1|17865|480|759|485|208|203|20000|
20160521|190 |0|2|52252|1443|2566|438|779|2052|59530|
20160521|190 |1|1|15518|406|614|725|271|1250|18784|
20160521|190 |1|2|46421|1517|2561|790|973|2018|54280|
20160521|253 |0|1|24821|511|684|667|337|414|27434|
20160521|253 |0|2|74464|1517|1333|640|1235|3653|82842|
20160521|253 |1|1|21951|539|741|876|473|1961|26541|
20160521|253 |1|2|67247|1601|1407|844|1885|3442|76426|
20160521|254 |0|1|10496|265|446|498|475|286|12466|
20160521|254 |0|2|34685|841|1051|371|1662|1961|40571|
20160521|254 |1|1|11272|363|497|601|476|1188|14397|
20160521|254 |1|2|33469|786|942|358|1248|1935|38738|
20160521|651 |0|1|12450|137|167|149|58|253|13214|
20160521|651 |0|2|34040|346|1347|123|287|1450|37593|
20160521|651 |1|1|10142|172|267|118|57|869|11625|
20160521|651 |1|2|29197|428|1435|67|264|1267|32658|
20160521|685 |0|1|6578|242|448|402|492|111|8273|
20160521|685 |0|2|19239|486|1278|322|1607|895|23827|
20160521|685 |1|1|5862|211|463|562|497|507|8102|
20160521|685 |1|2|18388|551|1183|386|1818|955|23281|
20160522|101 |0|1|24595|254|394|179|83|308|25813|
20160522|101 |0|2|70535|910|8055|267|174|2895|82836|
20160522|101 |1|1|25286|313|593|431|88|1826|28537|
20160522|101 |1|2|68815|975|8770|564|265|2568|81957|
20160522|190 |0|1|13931|262|323|241|64|135|14956|
20160522|190 |0|2|40202|758|2332|316|284|1670|45562|
20160522|190 |1|1|14992|200|240|349|100|1041|16922|
20160522|190 |1|2|42999|673|2073|412|275|1614|48046|
20160522|253 |0|1|21950|258|263|238|99|384|23192|
20160522|253 |0|2|65161|749|936|261|470|3188|70765|
20160522|253 |1|1|22342|209|274|287|141|1912|25165|
20160522|253 |1|2|63154|624|806|282|487|2857|68210|
20160522|254 |0|1|9923|109|149|161|166|208|10716|
20160522|254 |0|2|30351|363|823|133|421|1723|33814|
20160522|254 |1|1|11191|125|176|168|168|1023|12851|
20160522|254 |1|2|30279|300|749|104|306|1742|33480|
20160522|651 |0|1|9127|73|85|80|30|207|9602|
20160522|651 |0|2|25002|179|1172|56|54|1138|27601|
20160522|651 |1|1|12826|93|194|109|27|1067|14316|
20160522|651 |1|2|33736|204|1053|40|35|1410|36478|
20160522|685 |0|1|5378|104|156|171|203|90|6102|
20160522|685 |0|2|15520|220|1071|105|503|788|18207|
20160522|685 |1|1|6293|74|124|128|197|528|7344|
20160522|685 |1|2|18310|252|1019|109|431|847|20968|
20160523|101 |0|1|21270|642|1192|897|319|456|24776|
20160523|101 |0|2|74102|2563|9191|1012|846|3720|91434|
20160523|101 |1|1|19543|753|1121|1060|360|1822|24659|
20160523|101 |1|2|69870|2990|9389|1290|1183|3778|88500|
20160523|190 |0|1|12183|730|1339|1221|345|167|15985|
20160523|190 |0|2|44400|2670|2962|1245|1132|2263|54672|
20160523|190 |1|1|11776|735|1024|1100|381|1018|16034|
20160523|190 |1|2|40735|2670|3037|1151|1207|2226|51026|
20160523|253 |0|1|17989|929|1486|1436|516|489|22845|
20160523|253 |0|2|71137|2929|2051|1763|2046|4571|84497|
20160523|253 |1|1|16452|949|1363|1370|814|1693|22641|
20160523|253 |1|2|63948|2969|2097|1555|2600|4230|77399|
20160523|254 |0|1|8100|546|889|998|958|281|11772|
20160523|254 |0|2|32760|1654|1361|775|3085|2397|42032|
20160523|254 |1|1|8486|597|794|861|1024|861|12623|
20160523|254 |1|2|28416|1351|1033|497|1882|1993|35172|
20160523|651 |0|1|6648|193|276|199|97|177|7590|
20160523|651 |0|2|21589|603|1112|186|425|1334|25249|
20160523|651 |1|1|7056|246|394|249|109|737|8791|
20160523|651 |1|2|22970|699|1000|159|358|1443|26629|
20160523|685 |0|1|5442|466|994|906|1015|146|8969|
20160523|685 |0|2|16041|1119|1197|610|2379|1019|22365|
20160523|685 |1|1|3975|461|865|842|888|453|7484|
20160523|685 |1|2|16069|1208|1325|552|2275|1023|22452|
20160524|101 |0|1|18430|593|1091|837|243|397|21591|
20160524|101 |0|2|66356|2488|9063|992|637|3434|82970|
20160524|101 |1|1|17672|731|1117|1121|303|1617|22561|
20160524|101 |1|2|64423|2937|9243|1454|1002|3374|82433|
20160524|190 |0|1|9823|652|1260|1007|299|242|13283|
20160524|190 |0|2|37158|2575|2838|1135|1040|1965|46711|
20160524|190 |1|1|9894|625|1018|1176|346|873|13932|
20160524|190 |1|2|36348|2619|2952|1300|1168|2008|46395|
20160524|253 |0|1|15079|775|1375|1245|446|418|19338|
20160524|253 |0|2|63517|2770|2088|1801|1871|4077|76124|
20160524|253 |1|1|14321|820|1230|1434|612|1416|19833|
20160524|253 |1|2|59179|2787|2023|1779|2228|3853|71849|
20160524|254 |0|1|6782|411|817|935|851|260|10056|
20160524|254 |0|2|29087|1421|1278|711|2803|2167|37467|
20160524|254 |1|1|7316|554|782|918|821|861|11252|
20160524|254 |1|2|27805|1248|1152|548|2090|1993|34836|
20160524|651 |0|1|5525|176|224|168|91|177|6361|
20160524|651 |0|2|18464|532|1113|196|431|1193|21929|
20160524|651 |1|1|5445|209|319|179|105|562|6819|
20160524|651 |1|2|18433|565|972|156|371|1225|21722|
20160524|685 |0|1|3608|388|882|800|845|116|6639|
20160524|685 |0|2|15448|1013|1355|674|2427|1021|21938|
20160524|685 |1|1|3740|426|805|871|737|401|6980|
20160524|685 |1|2|15947|1111|1356|674|2388|1062|22538|
20160525|101 |0|1|21078|772|1312|920|298|407|24787|
20160525|101 |0|2|68696|2612|9601|1007|787|3473|86176|
20160525|101 |1|1|18931|833|1312|1221|379|1640|24316|
20160525|101 |1|2|68243|3192|9960|1436|1278|3507|87616|
20160525|190 |0|1|11078|773|1339|1122|345|245|14902|
20160525|190 |0|2|41422|2848|3045|1222|1185|2105|51827|
20160525|190 |1|1|10906|747|1080|1328|442|923|15426|
20160525|190 |1|2|40309|2819|3172|1403|1401|2160|51264|
20160525|253 |0|1|16947|966|1380|1366|618|506|21783|
20160525|253 |0|2|69046|3111|1889|1400|2079|4396|81921|
20160525|253 |1|1|15941|972|1271|1435|837|1581|22037|
20160525|253 |1|2|62502|3060|1821|1461|2607|4064|75515|
20160525|254 |0|1|7630|525|822|1031|990|257|11255|
20160525|254 |0|2|31590|1688|1322|854|3100|2289|40843|
20160525|254 |1|1|7586|601|777|920|933|801|11618|
20160525|254 |1|2|27630|1363|944|597|2073|1911|34518|
20160525|651 |0|1|6478|167|226|166|145|167|7349|
20160525|651 |0|2|21611|648|1338|275|584|1340|25796|
20160525|651 |1|1|6083|282|440|283|294|557|7939|
20160525|651 |1|2|21128|638|1079|118|367|1337|24667|
20160525|685 |0|1|4161|454|912|936|1009|128|7600|
20160525|685 |0|2|16981|1170|1333|638|2585|1107|23814|
20160525|685 |1|1|3816|465|853|925|853|393|7305|
20160525|685 |1|2|16201|1266|1398|665|2675|1059|23264|
20160526|101 |0|1|20257|690|1208|883|315|427|23780|
20160526|101 |0|2|72839|2695|9428|1035|894|3458|90349|
20160526|101 |1|1|19590|831|1172|1268|380|1678|24919|
20160526|101 |1|2|70392|3154|9609|1573|1323|3519|89570|
20160526|190 |0|1|11130|864|1301|1163|345|235|15038|
20160526|190 |0|2|41584|2848|3040|1148|1216|2114|51950|
20160526|190 |1|1|10826|764|1082|1343|430|949|15394|
20160526|190 |1|2|39444|2893|3057|1334|1370|2033|50131|
20160526|253 |0|1|16831|1005|1492|1395|596|435|21754|
20160526|253 |0|2|68322|3069|2290|1900|2369|4354|82304|
20160526|253 |1|1|16082|969|1425|1616|859|1526|22477|
20160526|253 |1|2|62863|3069|2179|1939|2939|4066|77055|
20160526|254 |0|1|7298|483|823|972|1000|259|10835|
20160526|254 |0|2|29835|1559|1232|771|2845|2103|38345|
20160526|254 |1|1|7657|554|764|1037|925|830|11767|
20160526|254 |1|2|28551|1411|1101|562|2198|2007|35830|
20160526|651 |0|1|6644|185|251|172|204|179|7635|
20160526|651 |0|2|22227|684|1255|292|461|1252|26171|
20160526|651 |1|1|7036|259|396|216|126|678|8711|
20160526|651 |1|2|20661|651|1171|163|451|1259|24356|
20160526|685 |0|1|4177|488|990|951|1207|145|7958|
20160526|685 |0|2|16855|1209|1380|682|2648|1099|23873|
20160526|685 |1|1|4136|463|898|922|918|389|7726|
20160526|685 |1|2|17090|1230|1376|754|2669|1105|24224|
20160527|101 |0|1|22593|701|1186|836|291|468|26075|
20160527|101 |0|2|76617|2661|10308|1045|805|3739|95175|
20160527|101 |1|1|21542|877|1209|1276|371|1812|27087|
20160527|101 |1|2|73817|3164|10562|1541|1252|3817|94153|
20160527|190 |0|1|13165|814|1255|1108|357|278|16977|
20160527|190 |0|2|47415|2793|3142|1218|1262|2349|58179|
20160527|190 |1|1|12374|761|1112|1308|416|1057|17028|
20160527|190 |1|2|43878|2860|3088|1374|1331|2324|54855|
20160527|253 |0|1|18743|979|1410|1350|603|481|23566|
20160527|253 |0|2|73622|3005|2253|1826|2360|4541|87607|
20160527|253 |1|1|17604|947|1380|1600|826|1703|24060|
20160527|253 |1|2|68298|3017|2227|1915|2977|4373|82807|
20160527|254 |0|1|7907|472|857|983|917|266|11402|
20160527|254 |0|2|31740|1565|1312|746|2794|2261|40418|
20160527|254 |1|1|8353|598|825|1037|941|911|12665|
20160527|254 |1|2|30489|1422|1118|636|2212|2121|37998|
20160527|651 |0|1|9305|276|324|374|298|227|10804|
20160527|651 |0|2|29948|594|1342|139|312|1601|33936|
20160527|651 |1|1|7056|255|407|242|118|663|8741|
20160527|651 |1|2|23775|652|1442|191|423|1447|27930|
20160527|685 |0|1|4819|477|977|943|1067|126|8409|
20160527|685 |0|2|19177|1180|1485|726|2717|1171|26456|
20160527|685 |1|1|4671|456|890|944|870|493|8324|
20160527|685 |1|2|18849|1270|1372|752|2736|1221|26200|
20160528|101 |0|1|27754|456|781|447|228|372|30038|
20160528|101 |0|2|76550|1658|10143|537|501|3015|92404|
20160528|101 |1|1|25119|621|918|787|261|1972|29678|
20160528|101 |1|2|71220|2170|10061|973|813|3000|88237|
20160528|190 |0|1|16692|395|662|468|180|251|18648|
20160528|190 |0|2|47804|1421|2411|446|680|1929|54691|
20160528|190 |1|1|15503|420|599|707|246|1197|18672|
20160528|190 |1|2|45972|1561|2548|785|889|2033|53788|
20160528|253 |0|1|23956|485|699|618|403|443|26604|
20160528|253 |0|2|71356|1537|1264|689|1483|3565|79894|
20160528|253 |1|1|21344|501|734|907|535|1956|25977|
20160528|253 |1|2|65805|1618|1365|906|2015|3443|75152|
20160528|254 |0|1|10562|255|492|556|552|248|12665|
20160528|254 |0|2|34730|822|1104|387|1757|2032|40832|
20160528|254 |1|1|10918|316|529|675|527|1134|14099|
20160528|254 |1|2|32477|847|928|397|1376|1891|37916|
20160528|651 |0|1|12593|141|145|158|53|255|13345|
20160528|651 |0|2|34935|370|1371|160|272|1452|38560|
20160528|651 |1|1|9848|178|270|114|49|821|11280|
20160528|651 |1|2|29129|434|1356|92|253|1262|32526|
20160528|685 |0|1|6455|203|435|456|547|121|8217|
20160528|685 |0|2|18949|525|1198|388|1641|906|23607|
20160528|685 |1|1|5804|229|505|532|557|542|8169|
20160528|685 |1|2|18270|570|1177|469|1864|935|23285|
20160529|101 |0|1|24244|262|424|220|69|308|25527|
20160529|101 |0|2|69453|986|7883|303|185|2805|81615|
20160529|101 |1|1|25299|330|619|466|97|1885|28696|
20160529|101 |1|2|68972|1059|8457|650|251|2645|82034|
20160529|190 |0|1|14071|210|330|226|82|195|15114|
20160529|190 |0|2|40825|797|2349|334|212|1635|46152|
20160529|190 |1|1|14858|207|259|405|96|1097|16922|
20160529|190 |1|2|41778|722|2125|415|181|1580|46801|
20160529|253 |0|1|21271|283|325|239|105|346|22569|
20160529|253 |0|2|63890|723|976|327|448|3280|69644|
20160529|253 |1|1|21675|238|317|321|129|1858|24538|
20160529|253 |1|2|62235|632|868|349|452|2973|67509|
20160529|254 |0|1|9484|87|177|167|205|192|10312|
20160529|254 |0|2|29481|385|806|139|442|1571|32824|
20160529|254 |1|1|10930|122|213|207|178|1055|12705|
20160529|254 |1|2|29955|283|755|118|305|1657|33073|
20160529|651 |0|1|8409|83|89|65|17|186|8849|
20160529|651 |0|2|24162|175|931|70|68|1127|26533|
20160529|651 |1|1|12117|110|171|114|21|986|13519|
20160529|651 |1|2|34504|206|953|48|40|1415|37166|
20160529|685 |0|1|5542|104|190|171|219|110|6336|
20160529|685 |0|2|15467|211|1128|130|672|777|18385|
20160529|685 |1|1|6156|76|142|168|222|522|7286|
20160529|685 |1|2|17921|215|1033|129|610|827|20735|
20160530|101 |0|1|21309|690|1233|860|313|459|24864|
20160530|101 |0|2|73282|2498|9022|1067|796|3716|90381|
20160530|101 |1|1|19315|765|1114|1049|308|1757|24308|
20160530|101 |1|2|69251|2909|9153|1357|1156|3686|87512|
20160530|190 |0|1|11409|663|1254|1214|331|252|15123|
20160530|190 |0|2|42370|2699|2916|1287|1074|2243|52589|
20160530|190 |1|1|11153|679|994|1085|409|1000|15320|
20160530|190 |1|2|40127|2591|3019|1177|1164|2235|50313|
20160530|253 |0|1|17639|904|1487|1399|551|517|22497|
20160530|253 |0|2|69836|2804|2067|1800|1995|4390|82892|
20160530|253 |1|1|15565|901|1237|1374|731|1601|21409|
20160530|253 |1|2|61846|2887|1950|1642|2494|3984|74803|
20160530|254 |0|1|7751|495|834|989|932|241|11242|
20160530|254 |0|2|32086|1621|1236|803|2889|2327|40962|
20160530|254 |1|1|8146|575|794|904|853|954|12226|
20160530|254 |1|2|30028|1336|1120|538|2088|2115|37225|
20160530|651 |0|1|6541|202|281|192|101|191|7508|
20160530|651 |0|2|21722|569|1065|233|408|1306|25303|
20160530|651 |1|1|6952|245|389|215|87|656|8544|
20160530|651 |1|2|22541|635|960|164|353|1441|26094|
20160530|685 |0|1|5159|469|935|941|1229|142|8875|
20160530|685 |0|2|17514|1139|1258|718|2488|1076|24193|
20160530|685 |1|1|4066|407|846|802|821|411|7353|
20160530|685 |1|2|16480|1274|1359|589|2699|1120|23521|
20160531|101 |0|1|19331|710|1260|969|279|425|22974|
20160531|101 |0|2|69754|2781|8940|1137|841|3462|86915|
20160531|101 |1|1|18287|852|1239|1394|376|1655|23803|
20160531|101 |1|2|67933|3216|9249|1692|1296|3592|86978|
20160531|190 |0|1|10530|731|1389|1267|336|274|14527|
20160531|190 |0|2|39689|2867|2960|1338|1280|2105|50239|
20160531|190 |1|1|10520|768|1137|1432|444|953|15254|
20160531|190 |1|2|39122|2854|2962|1555|1383|2163|50039|
20160531|253 |0|1|15668|1233|1595|1346|656|449|20947|
20160531|253 |0|2|65949|3007|2180|1900|2405|4295|79736|
20160531|253 |1|1|14980|917|1398|1663|894|1587|21439|
20160531|253 |1|2|61089|3037|2098|1964|3024|3914|75126|
20160531|254 |0|1|7370|510|860|1040|1036|250|11066|
20160531|254 |0|2|30294|1628|1342|865|3075|2248|39452|
20160531|254 |1|1|7559|597|829|1021|963|830|11799|
20160531|254 |1|2|27313|1358|1013|602|2148|2018|34452|
