20170501|101 |0|1|19252|373|666|443|103|296|21133|
20170501|101 |0|2|65928|1974|7550|923|448|2752|79575|
20170501|101 |1|1|19291|444|603|618|112|1602|22670|
20170501|101 |1|2|67565|2392|7933|1209|589|2911|82599|
20170501|190 |0|1|13475|423|699|593|151|235|15576|
20170501|190 |0|2|49159|2075|2709|1092|656|1965|57656|
20170501|190 |1|1|13769|363|524|558|152|1101|16467|
20170501|190 |1|2|49269|1928|2651|976|670|1957|57451|
20170501|253 |0|1|18292|500|802|581|186|258|20619|
20170501|253 |0|2|68128|1802|1225|990|1051|3687|76883|
20170501|253 |1|1|17540|416|519|591|215|1683|20964|
20170501|253 |1|2|64204|1728|1066|814|1047|3318|72177|
20170501|254 |0|1|7939|226|425|476|321|184|9571|
20170501|254 |0|2|29869|937|1010|587|1298|1895|35596|
20170501|254 |1|1|8446|254|409|388|216|868|10581|
20170501|254 |1|2|30035|857|948|406|1008|1875|35129|
20170501|651 |0|1|8583|117|145|122|28|168|9163|
20170501|651 |0|2|30177|458|1006|175|264|1402|33482|
20170501|651 |1|1|9837|149|231|138|29|835|11219|
20170501|651 |1|2|34987|534|934|172|227|1651|38505|
20170501|685 |0|1|5520|172|453|409|355|118|7027|
20170501|685 |0|2|19251|667|1190|507|1489|1063|24167|
20170501|685 |1|1|5100|208|365|399|282|492|6846|
20170501|685 |1|2|19266|711|1142|413|1350|1042|23924|
20170502|101 |0|1|20693|519|901|648|193|415|23369|
20170502|101 |0|2|77316|2543|8956|1166|942|3587|94510|
20170502|101 |1|1|18315|609|937|949|252|1722|22784|
20170502|101 |1|2|72950|3160|9118|1648|1258|3533|91667|
20170502|190 |0|1|14368|613|1065|993|264|237|17540|
20170502|190 |0|2|57477|3078|3189|1471|1315|2652|69182|
20170502|190 |1|1|12711|584|978|998|311|1012|16594|
20170502|190 |1|2|47487|2982|3002|1647|1420|2276|58814|
20170502|253 |0|1|18528|726|1272|987|380|297|22190|
20170502|253 |0|2|77572|2751|2182|1908|2300|4389|91102|
20170502|253 |1|1|15488|666|1072|1087|524|1567|20404|
20170502|253 |1|2|66853|2842|2106|2129|2980|4117|81027|
20170502|254 |0|1|7952|445|782|921|695|208|11003|
20170502|254 |0|2|34584|1791|1511|1047|3671|2369|44973|
20170502|254 |1|1|7895|471|721|889|583|891|11450|
20170502|254 |1|2|33086|1575|1288|850|2810|2265|41874|
20170502|651 |0|1|8478|164|233|181|59|177|9292|
20170502|651 |0|2|31476|697|1008|289|540|1707|35717|
20170502|651 |1|1|7482|179|321|169|48|683|8882|
20170502|651 |1|2|28412|654|995|241|462|1737|32501|
20170502|685 |0|1|5042|353|888|930|797|154|8164|
20170502|685 |0|2|21089|1206|1234|766|2662|1233|28190|
20170502|685 |1|1|4073|404|844|838|597|420|7176|
20170502|685 |1|2|18105|1333|1275|803|2980|1170|25666|
20170503|101 |0|1|20904|348|614|394|165|245|22670|
20170503|101 |0|2|65743|1689|8064|753|571|2354|79174|
20170503|101 |1|1|19891|433|640|721|165|1507|23357|
20170503|101 |1|2|65373|2214|7830|1298|985|2473|80173|
20170503|190 |0|1|16919|342|631|551|194|175|18812|
20170503|190 |0|2|49323|1624|2065|846|769|1626|56253|
20170503|190 |1|1|13614|357|552|733|211|1041|16508|
20170503|190 |1|2|47028|1804|2501|1182|1095|1736|55346|
20170503|253 |0|1|19535|402|624|563|235|217|21576|
20170503|253 |0|2|66851|1473|950|893|1339|2971|74477|
20170503|253 |1|1|17349|353|549|744|298|1555|20848|
20170503|253 |1|2|61040|1565|1060|1103|1929|2962|69659|
20170503|254 |0|1|9187|225|428|460|349|188|10837|
20170503|254 |0|2|34985|996|1013|506|1969|1925|41394|
20170503|254 |1|1|8928|264|371|483|305|979|11330|
20170503|254 |1|2|31921|888|960|550|1468|1776|37563|
20170503|651 |0|1|11109|99|136|128|55|207|11734|
20170503|651 |0|2|33529|390|858|187|401|1341|36706|
20170503|651 |1|1|9144|130|218|119|39|794|10444|
20170503|651 |1|2|30397|495|835|162|327|1315|33531|
20170503|685 |0|1|7558|216|539|493|493|105|9404|
20170503|685 |0|2|16674|425|825|438|1412|743|20517|
20170503|685 |1|1|4750|154|396|440|293|449|6482|
20170503|685 |1|2|16978|579|1184|504|1931|827|22003|
20170504|101 |0|1|22030|429|822|512|189|347|24329|
20170504|101 |0|2|75029|2279|8907|990|830|3062|91097|
20170504|101 |1|1|20206|536|842|737|200|1764|24285|
20170504|101 |1|2|71534|2856|8912|1435|1077|3179|88993|
20170504|190 |0|1|17031|494|945|893|194|254|19811|
20170504|190 |0|2|62056|2493|2910|1256|1290|2494|72499|
20170504|190 |1|1|13764|478|811|895|256|1142|17346|
20170504|190 |1|2|49172|2466|2752|1342|1348|2116|59196|
20170504|253 |0|1|20403|630|941|806|308|284|23372|
20170504|253 |0|2|76134|2185|1468|1213|1884|3927|86811|
20170504|253 |1|1|17500|553|833|942|421|1744|21993|
20170504|253 |1|2|65887|2331|1458|1335|2571|3710|77292|
20170504|254 |0|1|9282|347|670|779|576|199|11853|
20170504|254 |0|2|36793|1510|1221|844|3100|2324|45792|
20170504|254 |1|1|8577|379|618|682|499|931|11686|
20170504|254 |1|2|32222|1266|1098|644|2513|2001|39744|
20170504|651 |0|1|11245|125|165|168|73|262|12038|
20170504|651 |0|2|38240|618|932|239|428|1784|42241|
20170504|651 |1|1|9678|180|242|175|45|882|11202|
20170504|651 |1|2|33189|625|927|215|411|1628|36995|
20170504|685 |0|1|6777|335|803|844|835|149|9743|
20170504|685 |0|2|22052|886|1245|695|2546|1133|28557|
20170504|685 |1|1|5039|288|679|686|501|527|7720|
20170504|685 |1|2|19163|1061|1247|684|2966|1072|26193|
20170505|101 |0|1|23575|323|539|314|112|255|25118|
20170505|101 |0|2|69470|1514|8462|654|438|2451|82989|
20170505|101 |1|1|23069|385|582|511|140|1777|26464|
20170505|101 |1|2|72322|1896|8035|1093|826|2599|86771|
20170505|190 |0|1|17854|248|482|404|122|177|19287|
20170505|190 |0|2|50394|1381|1955|647|655|1792|56824|
20170505|190 |1|1|15059|269|392|541|168|1167|17596|
20170505|190 |1|2|50111|1378|2249|884|906|1825|57353|
20170505|253 |0|1|21654|331|409|394|171|219|23178|
20170505|253 |0|2|67621|1105|740|577|1147|3048|74238|
20170505|253 |1|1|19503|310|362|512|250|1655|22592|
20170505|253 |1|2|63875|1121|809|740|1783|2832|71160|
20170505|254 |0|1|10092|167|294|328|256|159|11296|
20170505|254 |0|2|35526|749|966|359|1715|1759|41074|
20170505|254 |1|1|9606|192|310|353|219|977|11657|
20170505|254 |1|2|31413|672|853|380|1216|1701|36235|
20170505|651 |0|1|12115|72|82|98|32|237|12636|
20170505|651 |0|2|34264|282|810|143|283|1429|37211|
20170505|651 |1|1|10539|85|140|86|24|897|11771|
20170505|651 |1|2|33672|333|798|115|279|1349|36546|
20170505|685 |0|1|8195|125|360|339|294|88|9401|
20170505|685 |0|2|17541|297|663|273|927|719|20420|
20170505|685 |1|1|5704|109|239|313|204|531|7100|
20170505|685 |1|2|18962|396|952|358|1529|803|23000|
20170506|101 |0|1|22135|250|439|242|126|284|23476|
20170506|101 |0|2|68105|1381|7758|467|434|2446|80591|
20170506|101 |1|1|25035|376|460|329|119|1906|28225|
20170506|101 |1|2|78029|1785|8303|593|636|2969|92315|
20170506|190 |0|1|15880|256|397|324|102|179|17138|
20170506|190 |0|2|51821|1169|2185|462|641|1960|58238|
20170506|190 |1|1|17007|223|301|317|110|1349|19307|
20170506|190 |1|2|55984|1188|2005|515|684|2061|62437|
20170506|253 |0|1|20685|351|400|393|161|236|22226|
20170506|253 |0|2|68335|1057|769|531|1134|3171|74997|
20170506|253 |1|1|21649|251|329|439|214|1971|24853|
20170506|253 |1|2|70529|1107|789|568|1616|3113|77722|
20170506|254 |0|1|8881|137|251|297|245|164|9975|
20170506|254 |0|2|31736|602|821|328|1507|1677|36671|
20170506|254 |1|1|10156|175|280|306|205|1030|12152|
20170506|254 |1|2|32723|571|788|303|1162|1692|37239|
20170506|651 |0|1|10924|79|97|65|28|239|11432|
20170506|651 |0|2|33392|323|916|105|402|1470|36608|
20170506|651 |1|1|11996|103|106|98|20|1011|13334|
20170506|651 |1|2|38773|333|890|71|359|1565|41991|
20170506|685 |0|1|6666|83|270|291|250|117|7677|
20170506|685 |0|2|20531|354|1180|305|1335|901|24606|
20170506|685 |1|1|6968|82|216|277|202|617|8362|
20170506|685 |1|2|22766|381|883|276|1454|1014|26774|
20170507|101 |0|1|20239|160|276|157|41|267|21140|
20170507|101 |0|2|64627|868|7785|359|180|2558|76377|
20170507|101 |1|1|26111|203|398|310|48|1969|29039|
20170507|101 |1|2|81449|888|8830|631|247|2967|95012|
20170507|190 |0|1|13791|148|262|196|48|159|14604|
20170507|190 |0|2|45489|730|2261|430|213|1921|51044|
20170507|190 |1|1|18555|145|169|262|61|1347|20539|
20170507|190 |1|2|60181|573|1898|471|242|2075|65440|
20170507|253 |0|1|19082|224|226|168|93|208|20001|
20170507|253 |0|2|64744|642|730|329|431|3217|70093|
20170507|253 |1|1|22727|153|158|226|94|1798|25156|
20170507|253 |1|2|72263|518|658|319|449|3144|77351|
20170507|254 |0|1|8838|71|108|139|92|166|9414|
20170507|254 |0|2|31392|328|775|169|342|1734|34740|
20170507|254 |1|1|10589|78|91|140|76|1023|11997|
20170507|254 |1|2|33864|269|724|138|257|1758|37010|
20170507|651 |0|1|7316|32|55|30|21|145|7599|
20170507|651 |0|2|22955|136|848|42|71|1144|25196|
20170507|651 |1|1|11695|55|95|76|31|994|12946|
20170507|651 |1|2|37714|159|876|41|48|1598|40436|
20170507|685 |0|1|6012|54|152|125|83|107|6533|
20170507|685 |0|2|18388|218|1154|185|403|936|21284|
20170507|685 |1|1|7491|44|83|136|74|566|8394|
20170507|685 |1|2|24952|215|863|156|364|1018|27568|
20170508|101 |0|1|18081|457|836|624|231|357|20586|
20170508|101 |0|2|71164|2533|8541|1098|740|3493|87569|
20170508|101 |1|1|18409|553|830|808|205|1694|22499|
20170508|101 |1|2|74430|3009|8950|1490|1147|3796|92822|
20170508|190 |0|1|11993|518|1084|954|242|273|15064|
20170508|190 |0|2|49114|2750|3023|1558|1368|2467|60280|
20170508|190 |1|1|12003|493|792|931|297|1097|15613|
20170508|190 |1|2|47109|2653|3001|1445|1429|2382|58019|
20170508|253 |0|1|16736|686|1210|976|367|296|20271|
20170508|253 |0|2|72667|2650|2070|1829|2273|4506|85995|
20170508|253 |1|1|15839|639|972|1027|472|1632|20581|
20170508|253 |1|2|68696|2747|2072|1806|2915|4254|82490|
20170508|254 |0|1|7667|404|777|911|651|246|10656|
20170508|254 |0|2|34722|1735|1391|979|3375|2482|44684|
20170508|254 |1|1|7719|409|682|810|539|913|11072|
20170508|254 |1|2|32180|1462|1229|682|2604|2263|40420|
20170508|651 |0|1|6473|136|206|167|41|209|7232|
20170508|651 |0|2|24763|618|953|242|510|1498|28584|
20170508|651 |1|1|6549|170|280|170|39|678|7886|
20170508|651 |1|2|25048|660|944|218|498|1567|28935|
20170508|685 |0|1|5495|414|1014|1048|1045|147|9163|
20170508|685 |0|2|18205|1239|1342|761|2765|1184|25496|
20170508|685 |1|1|4422|295|687|781|555|484|7224|
20170508|685 |1|2|18896|1330|1332|792|3083|1247|26680|
20170509|101 |0|1|15443|350|840|560|183|257|17633|
20170509|101 |0|2|57468|2189|6759|1124|797|2635|70972|
20170509|101 |1|1|15763|443|715|846|226|1397|19390|
20170509|101 |1|2|60030|2560|6860|1603|1151|2782|74986|
20170509|190 |0|1|9694|426|966|894|193|200|12373|
20170509|190 |0|2|39753|2413|2610|1382|1208|1830|49196|
20170509|190 |1|1|9547|419|694|965|268|801|12694|
20170509|190 |1|2|38537|2262|2634|1578|1468|1764|48243|
20170509|253 |0|1|13875|510|932|824|324|233|16698|
20170509|253 |0|2|58272|2050|1145|1217|2016|3314|68014|
20170509|253 |1|1|12782|464|734|861|410|1302|16553|
20170509|253 |1|2|53352|2039|1135|1332|2417|3007|63282|
20170509|254 |0|1|6807|306|544|560|438|178|8833|
20170509|254 |0|2|29385|1189|1034|692|2403|1806|36509|
20170509|254 |1|1|6874|290|512|599|377|762|9414|
20170509|254 |1|2|27597|1052|919|578|1932|1736|33814|
20170509|651 |0|1|6035|119|195|149|39|169|6706|
20170509|651 |0|2|23029|547|860|257|393|1129|26215|
20170509|651 |1|1|6253|127|265|148|35|633|7461|
20170509|651 |1|2|24340|587|860|215|367|1250|27619|
20170509|685 |0|1|4039|224|655|596|540|107|6161|
20170509|685 |0|2|15677|885|1170|577|2217|968|21494|
20170509|685 |1|1|3740|190|452|564|428|398|5772|
20170509|685 |1|2|15302|894|1191|605|2344|999|21335|
20170510|101 |0|1|17079|469|895|651|217|369|19680|
20170510|101 |0|2|71720|2578|9608|1209|841|3469|89425|
20170510|101 |1|1|15634|550|976|829|233|1584|19806|
20170510|101 |1|2|68712|3049|9755|1605|1220|3544|87885|
20170510|190 |0|1|10100|567|1029|923|241|235|13095|
20170510|190 |0|2|43314|2900|3470|1522|1326|2155|54687|
20170510|190 |1|1|9468|564|867|954|329|895|13077|
20170510|190 |1|2|40027|2855|3377|1655|1483|2032|51429|
20170510|253 |0|1|14686|745|1300|1149|400|283|18563|
20170510|253 |0|2|68279|3092|2485|2106|2594|4205|82761|
20170510|253 |1|1|13281|701|1076|1169|512|1449|18188|
20170510|253 |1|2|61737|3036|2344|2067|3002|3955|76141|
20170510|254 |0|1|6313|398|679|848|619|164|9021|
20170510|254 |0|2|30514|1684|1272|942|3063|2191|39666|
20170510|254 |1|1|6751|437|734|865|543|814|10144|
20170510|254 |1|2|30259|1608|1283|797|2678|2184|38809|
20170510|651 |0|1|5637|140|210|151|71|141|6350|
20170510|651 |0|2|22037|650|1167|284|474|1383|25995|
20170510|651 |1|1|5477|171|277|141|72|585|6723|
20170510|651 |1|2|22107|678|1118|240|437|1529|26109|
20170510|685 |0|1|4580|401|1059|1024|1080|105|8249|
20170510|685 |0|2|15728|1139|1261|776|2669|977|22550|
20170510|685 |1|1|3946|302|706|807|602|410|6773|
20170510|685 |1|2|16705|1324|1473|812|3185|1147|24646|
20170511|101 |0|1|17278|532|991|715|220|363|20099|
20170511|101 |0|2|71479|2800|9930|1301|910|3440|89860|
20170511|101 |1|1|16477|583|1016|1007|266|1570|20919|
20170511|101 |1|2|71719|3183|10053|1936|1381|3522|91794|
20170511|190 |0|1|8908|478|1095|939|235|184|11839|
20170511|190 |0|2|38606|2721|3218|1518|1395|1853|49311|
20170511|190 |1|1|9616|554|936|1151|322|817|13396|
20170511|190 |1|2|41560|3040|3436|1881|1730|2143|53790|
20170511|253 |0|1|14625|736|1350|1135|429|295|18570|
20170511|253 |0|2|67573|3027|2606|2127|2712|4182|82227|
20170511|253 |1|1|13565|697|1144|1300|562|1382|18650|
20170511|253 |1|2|63044|3051|2494|2292|3235|3964|78080|
20170511|254 |0|1|6680|417|847|946|714|198|9802|
20170511|254 |0|2|31598|1778|1493|1086|3646|2306|41907|
20170511|254 |1|1|7009|456|820|905|618|850|10658|
20170511|254 |1|2|31976|1624|1383|922|2967|2267|41139|
20170511|651 |0|1|5981|161|244|183|100|150|6819|
20170511|651 |0|2|23526|690|1173|287|576|1477|27729|
20170511|651 |1|1|5517|170|335|178|90|554|6844|
20170511|651 |1|2|22666|687|1123|247|534|1442|26699|
20170511|685 |0|1|3643|363|1004|1110|1134|108|7362|
20170511|685 |0|2|16217|1218|1385|809|2956|1096|23681|
20170511|685 |1|1|3661|321|702|891|647|358|6580|
20170511|685 |1|2|15658|1323|1376|894|3387|1068|23706|
20170512|101 |0|1|18986|531|954|659|228|367|21725|
20170512|101 |0|2|72681|2696|10546|1232|912|3442|91509|
20170512|101 |1|1|17744|631|1063|1050|275|1745|22508|
20170512|101 |1|2|74107|3262|10723|1851|1372|3834|95149|
20170512|190 |0|1|10519|499|1031|866|232|218|13365|
20170512|190 |0|2|44300|2609|3402|1458|1422|2063|55254|
20170512|190 |1|1|11088|525|934|1107|354|1041|15049|
20170512|190 |1|2|47126|3010|3530|1805|1805|2383|59659|
20170512|253 |0|1|16181|736|1336|1008|377|265|19903|
20170512|253 |0|2|73819|3042|2513|2092|2610|4482|88558|
20170512|253 |1|1|14913|687|1148|1160|544|1551|20003|
20170512|253 |1|2|68448|2995|2516|2233|3179|4244|83615|
20170512|254 |0|1|7157|421|805|861|696|221|10161|
20170512|254 |0|2|33596|1763|1505|1014|3550|2376|43804|
20170512|254 |1|1|7546|450|750|944|594|880|11164|
20170512|254 |1|2|33398|1609|1344|939|2895|2309|42494|
20170512|651 |0|1|7158|167|237|199|72|179|8012|
20170512|651 |0|2|28048|703|1279|308|627|1613|32578|
20170512|651 |1|1|6107|203|300|165|64|611|7450|
20170512|651 |1|2|24129|685|1298|247|552|1516|28427|
20170512|685 |0|1|4178|377|1046|1117|1138|115|7971|
20170512|685 |0|2|18508|1231|1412|792|2801|1159|25903|
20170512|685 |1|1|4302|323|726|859|693|446|7349|
20170512|685 |1|2|18700|1344|1362|845|3156|1238|26645|
20170513|101 |0|1|21871|345|674|332|128|300|23650|
20170513|101 |0|2|72527|1753|9833|622|616|2798|88149|
20170513|101 |1|1|21048|431|754|586|212|1796|24827|
20170513|101 |1|2|70956|2242|9767|1094|946|3027|88032|
20170513|190 |0|1|10129|210|419|285|122|122|11287|
20170513|190 |0|2|43617|1208|2284|556|746|1530|49941|
20170513|190 |1|1|12659|293|529|653|219|1000|15353|
20170513|190 |1|2|42794|1515|2638|1015|1045|1847|50854|
20170513|253 |0|1|20346|440|675|539|229|248|22477|
20170513|253 |0|2|70944|1416|1383|789|1548|3482|79562|
20170513|253 |1|1|17844|375|613|660|347|1667|21506|
20170513|253 |1|2|64712|1485|1311|1000|2109|3356|73973|
20170513|254 |0|1|8736|232|388|403|331|182|10272|
20170513|254 |0|2|33165|861|1112|498|1959|1935|39530|
20170513|254 |1|1|8915|235|429|465|308|923|11275|
20170513|254 |1|2|32442|794|1038|562|1592|1837|38265|
20170513|651 |0|1|10697|127|161|118|43|196|11342|
20170513|651 |0|2|36145|430|1321|164|373|1568|40001|
20170513|651 |1|1|7528|118|210|98|24|692|8670|
20170513|651 |1|2|28143|408|1285|116|302|1314|31568|
20170513|685 |0|1|6028|154|459|472|450|107|7670|
20170513|685 |0|2|20098|576|1329|448|1880|1012|25343|
20170513|685 |1|1|5273|147|348|487|379|472|7106|
20170513|685 |1|2|18256|653|1205|500|2129|998|23741|
20170514|101 |0|1|20601|186|334|177|47|253|21598|
20170514|101 |0|2|68047|897|7999|326|194|2772|80235|
20170514|101 |1|1|21239|228|508|353|60|1684|24072|
20170514|101 |1|2|69280|969|8674|694|285|2696|82598|
20170514|190 |0|1|12394|175|306|168|41|147|13231|
20170514|190 |0|2|42295|797|2400|396|265|1771|47924|
20170514|190 |1|1|14192|212|231|295|74|1128|16132|
20170514|190 |1|2|48166|659|2192|491|341|1801|53650|
20170514|253 |0|1|18681|257|315|207|60|189|19709|
20170514|253 |0|2|63830|678|1021|332|408|3182|69451|
20170514|253 |1|1|18718|181|226|259|68|1686|21138|
20170514|253 |1|2|61725|580|957|364|400|3027|67053|
20170514|254 |0|1|8573|82|141|156|70|161|9183|
20170514|254 |0|2|30662|364|798|172|352|1670|34018|
20170514|254 |1|1|9210|92|131|117|62|923|10535|
20170514|254 |1|2|30080|295|747|151|328|1636|33237|
20170514|651 |0|1|7565|47|50|43|19|161|7885|
20170514|651 |0|2|25835|199|1104|57|92|1262|28549|
20170514|651 |1|1|9783|78|126|68|14|842|10911|
20170514|651 |1|2|34215|200|1041|46|63|1509|37074|
20170514|685 |0|1|5334|66|173|161|112|104|5950|
20170514|685 |0|2|17138|236|1178|211|498|863|20124|
20170514|685 |1|1|5425|52|92|150|104|501|6324|
20170514|685 |1|2|17941|232|1038|185|499|783|20678|
20170515|101 |0|1|17906|452|996|657|210|361|20582|
20170515|101 |0|2|72757|2562|9224|1196|832|3550|90121|
20170515|101 |1|1|16612|548|923|815|287|1579|20764|
20170515|101 |1|2|69683|3065|9458|1465|1169|3596|88436|
20170515|190 |0|1|10235|398|1125|888|230|159|13035|
20170515|190 |0|2|41207|2536|3083|1510|1315|1952|51603|
20170515|190 |1|1|10140|515|828|866|285|899|13533|
20170515|190 |1|2|41586|2665|3227|1456|1504|2117|52555|
20170515|253 |0|1|16006|708|1250|979|374|311|19628|
20170515|253 |0|2|71285|2829|2389|2019|2222|4258|85002|
20170515|253 |1|1|13708|651|1041|1030|512|1533|18475|
20170515|253 |1|2|62380|2908|2299|1960|2847|3992|76386|
20170515|254 |0|1|7301|423|815|940|632|227|10338|
20170515|254 |0|2|33854|1791|1409|1097|3612|2473|44236|
20170515|254 |1|1|7190|415|691|715|533|840|10384|
20170515|254 |1|2|30267|1473|1218|707|2615|2111|38391|
20170515|651 |0|1|6116|129|244|149|63|177|6878|
20170515|651 |0|2|23291|623|1163|259|517|1382|27235|
20170515|651 |1|1|5813|163|302|153|69|664|7164|
20170515|651 |1|2|23525|683|1038|232|451|1536|27465|
20170515|685 |0|1|5349|393|1046|1022|926|150|8886|
20170515|685 |0|2|17206|1160|1243|779|2760|1010|24158|
20170515|685 |1|1|4046|288|672|799|580|408|6793|
20170515|685 |1|2|17087|1297|1411|817|2930|1138|24680|
20170516|101 |0|1|17254|520|1049|717|224|332|20096|
20170516|101 |0|2|70571|2818|9570|1371|991|3348|88669|
20170516|101 |1|1|16318|597|1041|1084|337|1547|20924|
20170516|101 |1|2|69084|3271|9798|1866|1399|3518|88936|
20170516|190 |0|1|9150|349|1298|953|248|126|12124|
20170516|190 |0|2|38270|2671|3079|1502|1379|1778|48679|
20170516|190 |1|1|9767|526|933|1116|304|846|13492|
20170516|190 |1|2|41158|3038|3334|1818|1638|1999|52985|
20170516|253 |0|1|14383|760|1386|1048|401|293|18271|
20170516|253 |0|2|67501|2969|2515|2096|2466|4219|81766|
20170516|253 |1|1|13217|703|1128|1247|530|1367|18192|
20170516|253 |1|2|61660|2965|2432|2259|3099|3921|76336|
20170516|254 |0|1|6873|428|830|961|746|211|10049|
20170516|254 |0|2|32571|1780|1454|1026|3733|2351|42915|
20170516|254 |1|1|7226|468|798|942|651|886|10971|
20170516|254 |1|2|32352|1572|1354|870|2982|2291|41421|
20170516|651 |0|1|5833|148|245|196|130|176|6728|
20170516|651 |0|2|22736|691|1243|284|644|1469|27067|
20170516|651 |1|1|5557|171|317|169|103|585|6902|
20170516|651 |1|2|22643|684|1245|248|624|1507|26951|
20170516|685 |0|1|3872|399|1007|1072|1172|118|7640|
20170516|685 |0|2|16953|1237|1401|843|2934|1075|24443|
20170516|685 |1|1|3772|339|688|906|719|371|6795|
20170516|685 |1|2|16628|1306|1386|910|3261|1153|24644|
20170517|101 |0|1|16884|503|965|691|199|324|19566|
20170517|101 |0|2|70732|2769|9774|1274|945|3434|88928|
20170517|101 |1|1|16388|593|1015|999|250|1482|20727|
20170517|101 |1|2|70681|3322|10106|1870|1464|3553|90996|
20170517|190 |0|1|9244|351|1224|915|247|119|12100|
20170517|190 |0|2|38617|2681|3445|1456|1572|1831|49602|
20170517|190 |1|1|9666|546|914|1094|343|830|13393|
20170517|190 |1|2|41281|2894|3422|1748|1863|2034|53242|
20170517|253 |0|1|14479|684|1387|1067|418|310|18345|
20170517|253 |0|2|68172|2948|2486|2074|2411|4232|82323|
20170517|253 |1|1|13331|657|1141|1199|545|1462|18335|
20170517|253 |1|2|62207|2977|2474|2194|3043|3896|76791|
20170517|254 |0|1|6523|381|776|875|664|174|9393|
20170517|254 |0|2|30961|1728|1339|996|3350|2251|40625|
20170517|254 |1|1|6792|436|728|933|577|815|10281|
20170517|254 |1|2|30489|1556|1317|859|2709|2126|39056|
20170517|651 |0|1|5815|131|210|188|74|142|6560|
20170517|651 |0|2|22902|698|1300|340|558|1436|27234|
20170517|651 |1|1|5702|186|286|149|79|561|6963|
20170517|651 |1|2|22473|690|1280|226|521|1458|26648|
20170517|685 |0|1|3733|359|1041|1072|1173|90|7468|
20170517|685 |0|2|16409|1233|1438|770|2779|1035|23664|
20170517|685 |1|1|3656|289|710|849|611|385|6500|
20170517|685 |1|2|16550|1297|1342|878|3114|1041|24222|
20170518|101 |0|1|17260|511|939|679|212|376|19977|
20170518|101 |0|2|70997|2766|9588|1232|892|3328|88803|
20170518|101 |1|1|16737|625|951|988|279|1458|21038|
20170518|101 |1|2|70943|3241|9964|1844|1397|3544|90933|
20170518|190 |0|1|9196|316|1268|914|218|149|12061|
20170518|190 |0|2|39552|2598|3205|1496|1487|1815|50153|
20170518|190 |1|1|9803|520|937|1071|317|848|13496|
20170518|190 |1|2|41000|2886|3231|1764|1756|1999|52636|
20170518|253 |0|1|14602|646|1325|1035|374|397|18379|
20170518|253 |0|2|68108|2905|2559|2022|2407|4231|82232|
20170518|253 |1|1|13534|667|1113|1105|519|1435|18373|
20170518|253 |1|2|63436|2914|2420|2155|2956|3978|77859|
20170518|254 |0|1|6806|446|800|894|765|221|9932|
20170518|254 |0|2|32310|1664|1379|959|3514|2302|42128|
20170518|254 |1|1|7134|449|693|890|601|796|10563|
20170518|254 |1|2|31807|1538|1242|824|2815|2236|40462|
20170518|651 |0|1|5838|173|241|184|89|160|6685|
20170518|651 |0|2|23886|695|1239|279|584|1454|28137|
20170518|651 |1|1|5682|197|323|175|60|577|7014|
20170518|651 |1|2|23900|685|1248|243|522|1465|28063|
20170518|685 |0|1|3884|356|985|1074|1057|117|7473|
20170518|685 |0|2|17380|1263|1391|828|2881|1099|24842|
20170518|685 |1|1|3744|328|732|852|718|378|6752|
20170518|685 |1|2|17283|1365|1343|825|3186|1138|25140|
20170519|101 |0|1|18832|490|949|633|206|358|21468|
20170519|101 |0|2|74814|2726|10520|1207|913|3519|93699|
20170519|101 |1|1|18242|637|1029|959|272|1709|22848|
20170519|101 |1|2|74358|3264|10654|1779|1372|3726|95153|
20170519|190 |0|1|10842|353|1203|913|225|142|13678|
20170519|190 |0|2|44312|2690|3245|1439|1431|2033|55150|
20170519|190 |1|1|11437|541|906|1109|294|1021|15308|
20170519|190 |1|2|47814|2869|3433|1790|1759|2369|60034|
20170519|253 |0|1|16633|630|1258|1001|379|425|20326|
20170519|253 |0|2|74835|3008|2511|2112|2370|4445|89281|
20170519|253 |1|1|14998|669|1090|1168|506|1595|20026|
20170519|253 |1|2|68009|2919|2394|2224|2998|4230|82774|
20170519|254 |0|1|7110|409|738|886|699|197|10039|
20170519|254 |0|2|33572|1717|1457|933|3287|2318|43284|
20170519|254 |1|1|7698|476|784|970|610|876|11414|
20170519|254 |1|2|33721|1606|1403|904|2812|2329|42775|
20170519|651 |0|1|7705|163|280|218|64|169|8599|
20170519|651 |0|2|30546|707|1327|290|677|1630|35177|
20170519|651 |1|1|5923|182|362|191|66|614|7338|
20170519|651 |1|2|24821|708|1437|240|594|1559|29359|
20170519|685 |0|1|4593|379|1028|1099|1289|113|8501|
20170519|685 |0|2|19890|1236|1442|936|2463|1237|27204|
20170519|685 |1|1|4308|283|647|820|570|441|7069|
20170519|685 |1|2|18556|1279|1274|836|2938|1229|26112|
20170520|101 |0|1|22724|351|612|319|134|331|24471|
20170520|101 |0|2|75343|1800|10000|658|624|2999|91424|
20170520|101 |1|1|21565|433|686|571|154|1839|25248|
20170520|101 |1|2|73204|2281|9743|1083|1046|3146|90503|
20170520|190 |0|1|13478|196|581|413|130|123|14921|
20170520|190 |0|2|46144|1250|2457|507|731|1714|52803|
20170520|190 |1|1|13389|285|513|572|161|1158|16078|
20170520|190 |1|2|49461|1626|2769|991|1051|2075|57973|
20170520|253 |0|1|21020|384|633|553|193|351|23134|
20170520|253 |0|2|73779|1539|1544|957|1501|3693|83013|
20170520|253 |1|1|18054|396|575|695|278|1719|21717|
20170520|253 |1|2|65467|1524|1476|1203|2134|3471|75275|
20170520|254 |0|1|9105|239|380|426|323|190|10663|
20170520|254 |0|2|35083|833|1096|459|1977|2009|41457|
20170520|254 |1|1|9419|272|387|439|318|1027|11862|
20170520|254 |1|2|33552|837|1026|539|1523|1938|39415|
20170520|651 |0|1|11928|103|137|103|34|235|12540|
20170520|651 |0|2|39794|438|1389|170|334|1738|43863|
20170520|651 |1|1|8560|125|224|95|36|778|9818|
20170520|651 |1|2|31092|441|1369|116|275|1453|34746|
20170520|685 |0|1|6387|170|422|471|348|103|7901|
20170520|685 |0|2|21271|567|1251|466|1672|1049|26276|
20170520|685 |1|1|5527|143|365|504|310|542|7391|
20170520|685 |1|2|19221|632|1168|510|2004|1028|24563|
20170521|101 |0|1|20427|186|336|171|41|272|21433|
20170521|101 |0|2|66241|911|7987|339|201|2723|78402|
20170521|101 |1|1|21405|224|484|349|64|1706|24232|
20170521|101 |1|2|69583|986|8645|655|305|2772|82946|
20170521|190 |0|1|12260|109|333|175|38|108|13023|
20170521|190 |0|2|42838|820|2545|406|256|1655|48520|
20170521|190 |1|1|14202|185|211|282|60|1016|15956|
20170521|190 |1|2|48740|695|2409|497|302|1691|54334|
20170521|253 |0|1|18483|189|266|212|64|255|19469|
20170521|253 |0|2|63309|694|958|353|535|3217|69066|
20170521|253 |1|1|18831|153|185|260|104|1630|21163|
20170521|253 |1|2|62982|563|952|390|549|2853|68289|
20170521|254 |0|1|8550|92|132|135|78|135|9122|
20170521|254 |0|2|30752|353|809|196|402|1705|34217|
20170521|254 |1|1|9257|92|131|143|70|904|10597|
20170521|254 |1|2|30691|274|751|154|315|1636|33821|
20170521|651 |0|1|8042|74|59|48|22|142|8387|
20170521|651 |0|2|26886|175|1186|44|104|1218|29613|
20170521|651 |1|1|10517|89|98|87|22|908|11721|
20170521|651 |1|2|36872|214|1163|38|90|1520|39897|
20170521|685 |0|1|5584|64|149|150|77|87|6111|
20170521|685 |0|2|17507|205|1114|200|415|881|20322|
20170521|685 |1|1|5719|40|83|150|71|494|6557|
20170521|685 |1|2|18904|232|1018|168|411|822|21555|
20170522|101 |0|1|18593|459|1004|702|217|398|21373|
20170522|101 |0|2|74148|2531|9067|1209|780|3582|91317|
20170522|101 |1|1|16610|532|823|873|224|1639|20701|
20170522|101 |1|2|69628|2989|9345|1461|1103|3520|88046|
20170522|190 |0|1|9992|323|1205|873|229|147|12769|
20170522|190 |0|2|40573|2528|2967|1473|1325|1863|50729|
20170522|190 |1|1|10016|527|838|843|265|928|13417|
20170522|190 |1|2|41232|2668|3142|1376|1488|2139|52045|
20170522|253 |0|1|15602|566|1243|972|367|391|19141|
20170522|253 |0|2|69064|2740|2135|2020|2124|4239|82322|
20170522|253 |1|1|13668|663|976|1015|478|1496|18296|
20170522|253 |1|2|62693|2758|2104|1981|2725|3938|76199|
20170522|254 |0|1|7225|396|835|965|817|209|10447|
20170522|254 |0|2|33887|1685|1423|1042|3271|2507|43815|
20170522|254 |1|1|7202|453|720|822|648|826|10671|
20170522|254 |1|2|30415|1450|1219|714|2554|2257|38609|
20170522|651 |0|1|6000|143|229|190|56|151|6769|
20170522|651 |0|2|23010|663|1063|241|544|1432|26953|
20170522|651 |1|1|6074|174|269|181|58|623|7379|
20170522|651 |1|2|23903|676|1007|205|489|1498|27778|
20170522|685 |0|1|5682|388|1110|984|1030|139|9333|
20170522|685 |0|2|16924|1154|1183|795|2578|1043|23677|
20170522|685 |1|1|3942|282|600|741|559|413|6537|
20170522|685 |1|2|16937|1276|1357|800|2867|1151|24388|
20170523|101 |0|1|16198|510|978|713|188|341|18928|
20170523|101 |0|2|69639|2808|9240|1276|971|3436|87370|
20170523|101 |1|1|15509|561|901|1047|259|1494|19771|
20170523|101 |1|2|68398|3232|9501|1856|1419|3485|87891|
20170523|190 |0|1|8803|314|1284|934|234|114|11683|
20170523|190 |0|2|36939|2563|3026|1570|1357|1695|47150|
20170523|190 |1|1|9284|503|950|1149|311|872|13069|
20170523|190 |1|2|40469|2910|3170|1891|1751|2023|52214|
20170523|253 |0|1|14066|571|1283|1118|350|362|17750|
20170523|253 |0|2|67372|2874|2345|2115|2473|4163|81342|
20170523|253 |1|1|13113|639|1126|1214|519|1350|17961|
20170523|253 |1|2|61614|2905|2302|2338|3148|3833|76140|
20170523|254 |0|1|6636|420|811|876|692|202|9637|
20170523|254 |0|2|31736|1740|1404|1006|3607|2289|41782|
20170523|254 |1|1|6692|438|772|933|561|823|10219|
20170523|254 |1|2|30398|1598|1273|858|2924|2174|39225|
20170523|651 |0|1|5339|132|256|187|74|148|6136|
20170523|651 |0|2|21846|685|1096|302|597|1404|25930|
20170523|651 |1|1|5210|149|313|178|72|548|6470|
20170523|651 |1|2|21634|696|1057|233|531|1420|25571|
20170523|685 |0|1|3566|389|1002|1052|988|104|7101|
20170523|685 |0|2|16951|1249|1435|786|2989|1074|24484|
20170523|685 |1|1|3735|312|618|808|613|375|6461|
20170523|685 |1|2|16484|1319|1464|865|3233|1123|24488|
20170524|101 |0|1|17024|518|1079|742|232|351|19946|
20170524|101 |0|2|69893|2710|9571|1259|861|3408|87702|
20170524|101 |1|1|16172|612|955|1001|273|1432|20445|
20170524|101 |1|2|69795|3158|9939|1780|1297|3620|89589|
20170524|190 |0|1|8804|245|1276|853|212|160|11550|
20170524|190 |0|2|37335|2515|3281|1473|1293|1746|47643|
20170524|190 |1|1|8959|546|837|1015|293|840|12490|
20170524|190 |1|2|39232|2777|3318|1757|1588|1978|50650|
20170524|253 |0|1|14387|588|1264|1052|365|403|18059|
20170524|253 |0|2|67287|2884|2367|2086|2372|4118|81114|
20170524|253 |1|1|13314|699|1060|1150|559|1432|18214|
20170524|253 |1|2|62341|2913|2310|2258|2988|3977|76787|
20170524|254 |0|1|6556|405|762|855|635|196|9409|
20170524|254 |0|2|31872|1718|1418|1005|3352|2206|41571|
20170524|254 |1|1|6906|446|768|932|615|842|10509|
20170524|254 |1|2|31282|1518|1276|818|2662|2199|39755|
20170524|651 |0|1|5693|146|224|177|59|145|6444|
20170524|651 |0|2|22494|652|1177|307|508|1419|26557|
20170524|651 |1|1|5476|180|287|175|71|499|6688|
20170524|651 |1|2|22547|662|1121|237|473|1446|26486|
20170524|685 |0|1|3736|368|959|1020|975|125|7183|
20170524|685 |0|2|16963|1245|1428|846|2923|1075|24480|
20170524|685 |1|1|3797|278|592|851|568|378|6464|
20170524|685 |1|2|16865|1353|1392|888|3026|1125|24649|
20170525|101 |0|1|17214|546|1015|677|210|372|20034|
20170525|101 |0|2|70809|2804|9237|1275|980|3427|88532|
20170525|101 |1|1|16558|624|1078|1009|244|1512|21025|
20170525|101 |1|2|70275|3271|9596|1824|1413|3458|89837|
20170525|190 |0|1|9063|352|1196|899|241|159|11910|
20170525|190 |0|2|38480|2601|3205|1462|1605|1744|49097|
20170525|190 |1|1|9445|530|886|1085|351|765|13062|
20170525|190 |1|2|41313|2934|3235|1764|1978|2040|53264|
20170525|253 |0|1|14420|641|1270|1076|380|375|18162|
20170525|253 |0|2|67829|2915|2303|2161|2488|4246|81942|
20170525|253 |1|1|13075|726|1046|1251|568|1398|18064|
20170525|253 |1|2|61740|2912|2283|2273|3052|3974|76234|
20170525|254 |0|1|7015|451|852|1002|652|194|10166|
20170525|254 |0|2|33011|1785|1471|1065|3405|2398|43135|
20170525|254 |1|1|7152|472|774|892|595|827|10712|
20170525|254 |1|2|32024|1618|1318|892|2808|2297|40957|
20170525|651 |0|1|5680|169|232|188|108|149|6526|
20170525|651 |0|2|23072|709|1189|269|526|1343|27108|
20170525|651 |1|1|5514|210|346|180|83|532|6865|
20170525|651 |1|2|22999|683|1173|223|531|1418|27027|
20170525|685 |0|1|3893|387|965|964|940|109|7258|
20170525|685 |0|2|16852|1216|1285|800|2890|1064|24107|
20170525|685 |1|1|3771|311|690|868|599|356|6595|
20170525|685 |1|2|16499|1295|1226|822|2944|1096|23882|
20170526|101 |0|1|18699|537|1029|668|220|381|21534|
20170526|101 |0|2|73457|2803|10309|1181|826|3480|92056|
20170526|101 |1|1|18246|619|1050|988|252|1688|22843|
20170526|101 |1|2|75418|3286|10428|1784|1294|3783|95993|
20170526|190 |0|1|10865|361|1102|886|220|195|13629|
20170526|190 |0|2|44803|2512|3254|1379|1653|1935|55536|
20170526|190 |1|1|10973|521|901|1026|341|1022|14784|
20170526|190 |1|2|46434|2851|3390|1748|1792|2258|58473|
20170526|253 |0|1|16492|583|1292|1003|396|448|20214|
20170526|253 |0|2|74105|2874|2384|2009|2415|4494|88281|
20170526|253 |1|1|14688|660|1051|1172|514|1563|19648|
20170526|253 |1|2|67431|2814|2285|2173|2860|4225|81788|
20170526|254 |0|1|7298|426|820|883|620|241|10288|
20170526|254 |0|2|34171|1718|1452|967|3361|2414|44083|
20170526|254 |1|1|7740|481|724|905|554|938|11342|
20170526|254 |1|2|33732|1598|1344|870|2729|2385|42658|
20170526|651 |0|1|7742|133|230|197|58|219|8579|
20170526|651 |0|2|31018|721|1282|325|540|1715|35601|
20170526|651 |1|1|6102|164|321|171|57|657|7472|
20170526|651 |1|2|25107|721|1349|244|511|1551|29483|
20170526|685 |0|1|4659|345|941|911|834|131|7821|
20170526|685 |0|2|19641|1299|1398|814|2756|1223|27131|
20170526|685 |1|1|4281|328|834|847|626|450|7366|
20170526|685 |1|2|18914|1377|1309|878|3036|1234|26748|
20170527|101 |0|1|22250|326|597|342|144|286|23945|
20170527|101 |0|2|73650|1683|9740|595|588|2917|89173|
20170527|101 |1|1|21382|411|745|538|177|1760|25013|
20170527|101 |1|2|72601|2171|9705|1016|938|3043|89474|
20170527|190 |0|1|13605|195|585|400|129|133|15047|
20170527|190 |0|2|44945|1242|2433|451|893|1674|51638|
20170527|190 |1|1|13499|276|446|543|169|1101|16034|
20170527|190 |1|2|48753|1565|2691|954|1287|2014|57264|
20170527|253 |0|1|21233|363|602|508|192|350|23248|
20170527|253 |0|2|74303|1386|1374|913|1464|3644|83084|
20170527|253 |1|1|18412|376|614|668|288|1727|22085|
20170527|253 |1|2|66553|1536|1375|1155|1981|3468|76068|
20170527|254 |0|1|9569|231|422|415|348|192|11177|
20170527|254 |0|2|36030|840|1106|505|1856|2095|42432|
20170527|254 |1|1|9566|243|429|476|307|1061|12082|
20170527|254 |1|2|34433|811|976|496|1534|2101|40351|
20170527|651 |0|1|12332|102|132|121|35|244|12966|
20170527|651 |0|2|40894|428|1277|172|381|1771|44923|
20170527|651 |1|1|8495|101|220|84|24|772|9696|
20170527|651 |1|2|31449|438|1275|125|348|1441|35076|
20170527|685 |0|1|6480|148|430|433|347|108|7946|
20170527|685 |0|2|20995|525|1118|424|1723|952|25737|
20170527|685 |1|1|5413|168|424|413|337|531|7286|
20170527|685 |1|2|18792|580|1106|527|2020|1019|24044|
20170528|101 |0|1|20502|190|361|153|37|230|21473|
20170528|101 |0|2|68731|858|7699|342|216|2834|80680|
20170528|101 |1|1|21437|261|466|337|56|1778|24335|
20170528|101 |1|2|71997|923|8340|669|274|2924|85127|
20170528|190 |0|1|12262|123|314|188|57|109|13053|
20170528|190 |0|2|42214|789|2384|389|356|1740|47872|
20170528|190 |1|1|14391|172|200|299|65|1090|16217|
20170528|190 |1|2|49275|693|2220|482|360|1750|54780|
20170528|253 |0|1|18360|158|267|187|69|289|19330|
20170528|253 |0|2|63120|691|858|322|495|3167|68653|
20170528|253 |1|1|18911|156|200|234|66|1646|21213|
20170528|253 |1|2|63481|544|766|356|486|2917|68550|
20170528|254 |0|1|8718|93|152|150|76|143|9332|
20170528|254 |0|2|31424|372|803|174|431|1755|34959|
20170528|254 |1|1|9275|95|139|133|75|930|10647|
20170528|254 |1|2|31076|265|768|156|342|1674|34281|
20170528|651 |0|1|8186|77|67|48|14|126|8518|
20170528|651 |0|2|26506|188|1037|52|56|1217|29056|
20170528|651 |1|1|10843|81|110|73|9|913|12029|
20170528|651 |1|2|37082|231|1039|39|52|1558|40001|
20170528|685 |0|1|5508|73|189|142|87|109|6108|
20170528|685 |0|2|17347|213|1100|199|444|843|20146|
20170528|685 |1|1|5965|71|124|144|75|570|6949|
20170528|685 |1|2|19492|208|993|166|472|817|22148|
20170529|101 |0|1|18316|463|1021|680|199|384|21063|
20170529|101 |0|2|74199|2630|8965|1214|891|3689|91588|
20170529|101 |1|1|16501|539|883|831|246|1570|20570|
20170529|101 |1|2|69826|2969|9212|1503|1232|3615|88357|
20170529|190 |0|1|10408|308|1292|977|253|147|13385|
20170529|190 |0|2|43100|2557|3107|1517|1616|2079|53976|
20170529|190 |1|1|10064|495|879|882|317|899|13536|
20170529|190 |1|2|41649|2677|3161|1346|1688|2085|52606|
20170529|253 |0|1|15667|571|1288|984|362|405|19277|
20170529|253 |0|2|69899|2754|2071|1993|2212|4231|83160|
20170529|253 |1|1|13756|645|974|1005|467|1501|18348|
20170529|253 |1|2|62688|2797|2079|1995|2681|4069|76309|
20170529|254 |0|1|7353|421|774|932|673|207|10360|
20170529|254 |0|2|34679|1789|1418|992|3569|2573|45020|
20170529|254 |1|1|7022|451|639|785|520|876|10293|
20170529|254 |1|2|30994|1515|1221|691|2699|2226|39346|
20170529|651 |0|1|6117|147|228|159|62|178|6891|
20170529|651 |0|2|23245|667|1048|263|618|1483|27324|
20170529|651 |1|1|6264|187|298|140|65|648|7602|
20170529|651 |1|2|23885|677|988|220|573|1575|27918|
20170529|685 |0|1|5401|350|1038|960|871|125|8745|
20170529|685 |0|2|16431|1114|1204|814|2659|984|23206|
20170529|685 |1|1|3924|388|780|712|574|420|6798|
20170529|685 |1|2|17515|1206|1375|812|2972|1081|24961|
20170530|101 |0|1|16676|493|1062|688|230|378|19527|
20170530|101 |0|2|69934|2814|8971|1331|982|3351|87383|
20170530|101 |1|1|15778|578|950|1043|295|1479|20123|
20170530|101 |1|2|68414|3253|9270|1961|1509|3484|87891|
20170530|190 |0|1|9425|393|1332|1053|236|130|12569|
20170530|190 |0|2|40308|2815|3143|1613|1655|1961|51495|
20170530|190 |1|1|9333|504|942|1188|302|799|13068|
20170530|190 |1|2|39496|2889|3141|1851|1887|2042|51306|
20170530|253 |0|1|14243|610|1375|1047|382|396|18053|
20170530|253 |0|2|66717|2962|2229|2185|2416|4167|80676|
20170530|253 |1|1|13253|703|1155|1280|531|1340|18262|
20170530|253 |1|2|61166|2982|2230|2367|2940|3943|75628|
20170530|254 |0|1|6584|428|830|915|652|188|9597|
20170530|254 |0|2|30963|1782|1353|1069|3540|2343|41050|
20170530|254 |1|1|6974|487|811|961|565|805|10603|
20170530|254 |1|2|31039|1589|1257|882|2787|2234|39788|
20170530|651 |0|1|5796|148|247|219|91|154|6655|
20170530|651 |0|2|22393|713|1056|318|711|1389|26580|
20170530|651 |1|1|5614|203|311|201|77|551|6957|
20170530|651 |1|2|22827|698|1028|305|605|1477|26940|
20170531|101 |0|1|16355|491|999|718|250|329|19142|
20170531|101 |0|2|68489|2770|9416|1249|941|3371|86236|
20170531|101 |1|1|15910|613|930|1022|262|1493|20230|
20170531|101 |1|2|70105|3320|9687|1889|1439|3502|89942|
20170531|190 |0|1|9045|328|1261|921|235|153|11943|
20170531|190 |0|2|39004|2802|3287|1485|1572|1947|50097|
20170531|190 |1|1|9032|503|869|1035|367|823|12629|
20170531|190 |1|2|39571|2831|3284|1740|1838|2046|51310|
20170531|253 |0|1|13767|555|1300|1005|354|367|17348|
20170531|253 |0|2|66415|2846|2324|2124|2459|4148|80316|
20170531|253 |1|1|12603|655|1041|1171|469|1312|17251|
20170531|253 |1|2|60046|2829|2223|2288|2820|3781|73987|
20170531|254 |0|1|6665|407|711|887|649|203|9522|
20170531|254 |0|2|31738|1704|1385|1072|3242|2270|41411|
20170531|254 |1|1|6965|458|727|846|587|849|10432|
20170531|254 |1|2|31180|1549|1275|868|2657|2219|39748|
