20191001|101 |0|1|13077|362|937|573|213|226|15388|
20191001|101 |0|2|74047|2736|8954|1581|1151|3548|92017|
20191001|101 |1|1|11731|390|718|875|235|1223|15172|
20191001|101 |1|2|73998|3149|9551|2268|1579|3522|94067|
20191001|190 |0|1|7626|358|1266|913|204|118|10485|
20191001|190 |0|2|46613|3100|2973|2022|1983|2223|58914|
20191001|190 |1|1|7405|421|895|1074|238|694|10727|
20191001|190 |1|2|44996|3126|3007|2420|2274|2228|58051|
20191001|253 |0|1|10843|412|1220|911|219|219|13824|
20191001|253 |0|2|67589|2777|2212|2248|2566|3964|81356|
20191001|253 |1|1|10362|463|1016|1063|339|1179|14422|
20191001|253 |1|2|68834|3021|2362|2639|3673|3943|84472|
20191001|254 |0|1|5099|282|771|933|365|118|7568|
20191001|254 |0|2|34620|1893|1418|1255|3251|2306|44743|
20191001|254 |1|1|5256|276|682|838|343|661|8056|
20191001|254 |1|2|33019|1617|1304|1106|2968|2146|42160|
20191001|651 |0|1|5034|107|241|166|33|108|5689|
20191001|651 |0|2|28143|743|1182|390|504|1672|32634|
20191001|651 |1|1|4757|120|287|141|32|495|5832|
20191001|651 |1|2|27785|751|1092|379|467|1669|32143|
20191001|685 |0|1|3152|245|886|856|481|63|5683|
20191001|685 |0|2|19222|1406|1641|1171|3453|1047|27940|
20191001|685 |1|1|2958|295|832|745|423|323|5576|
20191001|685 |1|2|18431|1451|1555|1141|3267|1039|26884|
20191002|101 |0|1|12368|312|790|498|131|227|14326|
20191002|101 |0|2|70651|2421|9166|1417|944|3375|87974|
20191002|101 |1|1|11977|413|634|686|203|1140|15053|
20191002|101 |1|2|74435|2837|9884|2038|1338|3567|94099|
20191002|190 |0|1|8005|312|1148|777|170|112|10524|
20191002|190 |0|2|48087|2749|3108|1716|1750|2194|59604|
20191002|190 |1|1|7783|348|820|913|211|767|10842|
20191002|190 |1|2|47008|2848|3151|2145|2024|2273|59449|
20191002|253 |0|1|10790|342|1135|819|215|231|13532|
20191002|253 |0|2|69714|2595|2165|2040|2509|3880|82903|
20191002|253 |1|1|10383|366|929|965|333|1162|14138|
20191002|253 |1|2|68221|2685|2280|2381|3152|3860|82579|
20191002|254 |0|1|4989|251|764|730|317|121|7172|
20191002|254 |0|2|33443|1688|1381|1119|3036|2157|42824|
20191002|254 |1|1|5221|233|640|772|335|607|7808|
20191002|254 |1|2|32565|1541|1261|1033|2840|2056|41296|
20191002|651 |0|1|5136|114|253|163|40|144|5850|
20191002|651 |0|2|29570|645|1162|388|447|1640|33852|
20191002|651 |1|1|4522|114|317|157|30|455|5595|
20191002|651 |1|2|27134|671|1166|329|392|1646|31338|
20191002|685 |0|1|3299|213|786|769|383|66|5516|
20191002|685 |0|2|19751|1245|1662|1051|2999|1158|27866|
20191002|685 |1|1|2977|207|770|718|381|288|5341|
20191002|685 |1|2|17319|1304|1433|999|2927|961|24943|
20191003|101 |0|1|13644|222|537|281|102|141|14927|
20191003|101 |0|2|67892|1714|7801|938|570|2379|81294|
20191003|101 |1|1|12222|291|450|473|92|1101|14629|
20191003|101 |1|2|63787|1874|7986|1263|780|2407|78097|
20191003|190 |0|1|8267|181|566|383|80|51|9528|
20191003|190 |0|2|45101|1621|2208|853|753|1597|52133|
20191003|190 |1|1|7233|186|402|502|83|620|9026|
20191003|190 |1|2|38973|1510|2297|1200|903|1569|46452|
20191003|253 |0|1|11676|188|465|332|108|158|12927|
20191003|253 |0|2|63436|1266|1202|862|1223|2753|70742|
20191003|253 |1|1|9940|195|403|450|174|1032|12194|
20191003|253 |1|2|56185|1295|1181|1034|1415|2583|63693|
20191003|254 |0|1|5567|112|295|298|81|67|6420|
20191003|254 |0|2|31026|753|863|479|858|1538|35517|
20191003|254 |1|1|5771|135|292|326|88|699|7311|
20191003|254 |1|2|31895|692|870|515|816|1666|36454|
20191003|651 |0|1|6768|78|138|93|17|102|7196|
20191003|651 |0|2|36443|380|970|174|203|1376|39546|
20191003|651 |1|1|5190|76|163|72|23|534|6058|
20191003|651 |1|2|28155|400|975|178|197|1257|31162|
20191003|685 |0|1|3932|78|350|264|171|45|4840|
20191003|685 |0|2|19713|490|1224|454|1421|861|24163|
20191003|685 |1|1|2845|80|273|269|134|304|3905|
20191003|685 |1|2|15205|437|1162|429|1360|676|19269|
20191004|101 |0|1|15083|375|754|486|147|232|17077|
20191004|101 |0|2|78698|2528|9019|1357|973|3426|96001|
20191004|101 |1|1|13195|398|643|588|166|1257|16247|
20191004|101 |1|2|77673|2904|9558|1716|1270|3472|96593|
20191004|190 |0|1|10019|333|1094|852|187|111|12596|
20191004|190 |0|2|58736|2850|2883|1780|1651|2378|70278|
20191004|190 |1|1|8665|354|823|737|193|829|11601|
20191004|190 |1|2|51870|2855|2804|1678|1691|2291|63189|
20191004|253 |0|1|12923|383|991|787|194|254|15532|
20191004|253 |0|2|78128|2513|1727|1670|2331|3992|90361|
20191004|253 |1|1|11583|397|947|878|333|1303|15441|
20191004|253 |1|2|73952|2753|1793|1702|3129|4031|87360|
20191004|254 |0|1|6124|289|772|902|431|108|8626|
20191004|254 |0|2|38848|1796|1287|1087|2738|2318|48074|
20191004|254 |1|1|6005|254|668|664|302|709|8602|
20191004|254 |1|2|36146|1453|1197|857|2495|2218|44366|
20191004|651 |0|1|7378|118|262|140|30|126|8054|
20191004|651 |0|2|41564|708|1109|319|385|1908|45993|
20191004|651 |1|1|6120|141|301|136|35|615|7348|
20191004|651 |1|2|34957|679|1087|341|350|1728|39142|
20191004|685 |0|1|4071|229|744|845|429|75|6393|
20191004|685 |0|2|22573|1252|1579|1018|3293|1160|30875|
20191004|685 |1|1|3444|261|765|703|397|369|5939|
20191004|685 |1|2|19978|1364|1386|919|3055|1082|27784|
20191005|101 |0|1|16802|222|510|247|92|177|18050|
20191005|101 |0|2|78272|1537|9066|821|660|2829|93185|
20191005|101 |1|1|15438|294|477|503|113|1405|18230|
20191005|101 |1|2|77013|1949|9498|1255|860|2931|93506|
20191005|190 |0|1|11668|165|580|328|114|83|12938|
20191005|190 |0|2|57570|1303|2215|737|1036|2076|64937|
20191005|190 |1|1|10959|187|416|534|115|928|13139|
20191005|190 |1|2|55021|1470|2133|1130|1116|2085|62955|
20191005|253 |0|1|15481|227|501|362|132|209|16912|
20191005|253 |0|2|77187|1271|1090|747|1342|3426|85063|
20191005|253 |1|1|13912|224|465|476|169|1442|16688|
20191005|253 |1|2|75783|1396|1094|1082|1851|3506|84712|
20191005|254 |0|1|7472|105|357|316|132|68|8450|
20191005|254 |0|2|38987|750|1031|474|1191|1950|44383|
20191005|254 |1|1|7428|152|309|422|119|876|9306|
20191005|254 |1|2|38779|778|979|554|1183|1974|44247|
20191005|651 |0|1|9065|79|107|105|15|121|9492|
20191005|651 |0|2|44584|392|1189|215|244|1733|48357|
20191005|651 |1|1|7750|93|204|71|19|685|8822|
20191005|651 |1|2|39348|391|1097|121|190|1577|42724|
20191005|685 |0|1|5449|79|352|307|165|62|6414|
20191005|685 |0|2|24955|463|1252|448|1590|1063|29771|
20191005|685 |1|1|4755|89|346|317|161|470|6138|
20191005|685 |1|2|23197|515|1126|473|1720|1014|28045|
20191006|101 |0|1|15970|145|259|144|36|126|16680|
20191006|101 |0|2|73726|870|7489|580|240|2643|85548|
20191006|101 |1|1|15403|187|249|247|42|1278|17406|
20191006|101 |1|2|73688|946|8415|772|266|2598|86685|
20191006|190 |0|1|10267|95|303|162|36|56|10919|
20191006|190 |0|2|49688|840|2050|469|264|1870|55181|
20191006|190 |1|1|10991|107|187|220|34|879|12418|
20191006|190 |1|2|54410|639|1822|581|253|1862|59567|
20191006|253 |0|1|14285|115|230|148|41|142|14961|
20191006|253 |0|2|70478|684|811|356|476|3126|75931|
20191006|253 |1|1|14299|122|165|186|45|1359|16176|
20191006|253 |1|2|72444|582|772|375|467|2951|77591|
20191006|254 |0|1|6944|35|140|128|46|38|7331|
20191006|254 |0|2|34775|390|715|181|338|1798|38197|
20191006|254 |1|1|7049|53|102|124|27|757|8112|
20191006|254 |1|2|34290|323|768|190|289|1703|37563|
20191006|651 |0|1|6758|41|128|42|13|87|7069|
20191006|651 |0|2|33456|199|1158|83|70|1399|36365|
20191006|651 |1|1|8284|60|163|104|9|723|9343|
20191006|651 |1|2|41520|207|945|145|57|1543|44417|
20191006|685 |0|1|4943|40|131|136|65|52|5367|
20191006|685 |0|2|22183|244|1178|163|534|950|25252|
20191006|685 |1|1|4727|44|97|90|39|446|5443|
20191006|685 |1|2|22474|215|1004|160|478|831|25162|
20191007|101 |0|1|12927|282|702|492|139|204|14746|
20191007|101 |0|2|71962|2364|8630|1429|933|3344|88662|
20191007|101 |1|1|11632|327|545|637|171|1136|14448|
20191007|101 |1|2|69339|2662|9188|1698|1141|3397|87425|
20191007|190 |0|1|7787|273|1092|780|189|93|10214|
20191007|190 |0|2|45813|2661|2830|1913|1373|2195|56785|
20191007|190 |1|1|7553|335|733|770|163|722|10276|
20191007|190 |1|2|44198|2604|2803|1827|1478|2252|55162|
20191007|253 |0|1|10753|324|922|817|183|220|13219|
20191007|253 |0|2|68318|2296|2002|1936|2096|3767|80415|
20191007|253 |1|1|9836|371|789|769|255|1158|13178|
20191007|253 |1|2|63855|2447|2096|1970|2685|3606|76659|
20191007|254 |0|1|5255|199|688|838|316|51|7347|
20191007|254 |0|2|34255|1646|1382|1153|3132|2268|43836|
20191007|254 |1|1|5031|228|613|679|274|602|7427|
20191007|254 |1|2|30501|1329|1179|792|2666|2029|38496|
20191007|651 |0|1|4676|101|221|137|27|112|5274|
20191007|651 |0|2|25462|628|1123|331|331|1507|29382|
20191007|651 |1|1|4538|106|257|134|29|523|5587|
20191007|651 |1|2|26521|637|1094|330|299|1620|30501|
20191007|685 |0|1|3675|179|741|771|380|67|5813|
20191007|685 |0|2|18033|1058|1476|1013|3015|969|25564|
20191007|685 |1|1|2968|213|717|658|375|304|5235|
20191007|685 |1|2|17885|1152|1427|871|2890|1034|25259|
20191008|101 |0|1|14133|348|796|579|141|251|16248|
20191008|101 |0|2|76779|2668|9228|1516|1036|3602|94829|
20191008|101 |1|1|12915|450|721|810|178|1237|16311|
20191008|101 |1|2|79668|3092|10044|2039|1431|3793|100067|
20191008|190 |0|1|8908|366|1203|960|164|106|11707|
20191008|190 |0|2|51742|3027|3185|2047|1677|2491|64169|
20191008|190 |1|1|8645|415|936|1075|209|812|12092|
20191008|190 |1|2|47349|3097|2985|2294|1886|2303|59914|
20191008|253 |0|1|12205|443|1170|898|260|249|15225|
20191008|253 |0|2|75887|2925|2410|2143|2465|4202|90032|
20191008|253 |1|1|11383|496|983|1090|398|1255|15605|
20191008|253 |1|2|69071|2954|2293|2474|2909|3861|83562|
20191008|254 |0|1|5574|236|774|935|348|77|7944|
20191008|254 |0|2|35759|1746|1460|1231|3117|2263|45576|
20191008|254 |1|1|5765|277|791|868|306|685|8692|
20191008|254 |1|2|35086|1664|1377|1114|2856|2298|44395|
20191008|651 |0|1|6022|119|262|147|43|142|6735|
20191008|651 |0|2|33251|724|1255|435|448|1726|37839|
20191008|651 |1|1|5106|143|355|148|37|546|6335|
20191008|651 |1|2|28927|729|1230|388|423|1635|33332|
20191008|685 |0|1|3662|282|877|906|468|77|6272|
20191008|685 |0|2|21007|1400|1600|1131|3431|1166|29735|
20191008|685 |1|1|3198|268|835|806|471|341|5919|
20191008|685 |1|2|19419|1457|1459|1111|3395|1150|27991|
20191009|101 |0|1|14254|249|555|348|104|143|15653|
20191009|101 |0|2|72020|1861|7543|984|893|2649|85950|
20191009|101 |1|1|13297|323|521|574|143|1182|16040|
20191009|101 |1|2|69630|2109|7991|1464|1146|2619|84959|
20191009|190 |0|1|9138|222|733|558|117|63|10831|
20191009|190 |0|2|46796|1799|2390|976|1275|1715|54951|
20191009|190 |1|1|8599|242|554|637|137|731|10900|
20191009|190 |1|2|46043|1729|2357|1515|1628|1743|55015|
20191009|253 |0|1|12313|243|610|484|172|166|13988|
20191009|253 |0|2|66574|1542|1156|874|1774|3089|75009|
20191009|253 |1|1|10848|242|495|540|198|1121|13444|
20191009|253 |1|2|62986|1516|1124|1149|2347|2835|71957|
20191009|254 |0|1|5968|131|376|391|133|53|7052|
20191009|254 |0|2|32771|894|976|578|1428|1827|38474|
20191009|254 |1|1|6364|152|380|412|130|789|8227|
20191009|254 |1|2|33598|855|995|641|1494|1877|39460|
20191009|651 |0|1|6884|81|173|108|26|114|7386|
20191009|651 |0|2|36669|461|1204|257|348|1616|40555|
20191009|651 |1|1|6616|102|301|89|34|576|7718|
20191009|651 |1|2|32134|453|1032|214|278|1395|35506|
20191009|685 |0|1|3794|103|403|388|246|58|4992|
20191009|685 |0|2|19052|618|1326|488|2042|878|24404|
20191009|685 |1|1|3447|106|360|364|211|349|4837|
20191009|685 |1|2|17629|591|1247|471|2048|807|22793|
20191010|101 |0|1|13291|350|797|566|190|228|15422|
20191010|101 |0|2|75536|2628|9098|1440|1180|3550|93432|
20191010|101 |1|1|12244|410|716|694|187|1207|15458|
20191010|101 |1|2|77159|2977|9822|1855|1533|3758|97104|
20191010|190 |0|1|8103|361|1206|885|192|105|10852|
20191010|190 |0|2|49825|3066|3135|1994|1894|2316|62230|
20191010|190 |1|1|7539|409|833|825|195|699|10500|
20191010|190 |1|2|45654|2900|3000|1811|1965|2227|57557|
20191010|253 |0|1|11180|424|1120|874|214|252|14064|
20191010|253 |0|2|73244|2752|2191|2029|2497|4046|86759|
20191010|253 |1|1|10089|447|976|888|338|1119|13857|
20191010|253 |1|2|67386|2873|2209|2062|3182|3853|81565|
20191010|254 |0|1|5473|260|776|920|383|64|7876|
20191010|254 |0|2|36171|1838|1317|1013|2607|2267|45213|
20191010|254 |1|1|5348|264|697|778|393|606|8086|
20191010|254 |1|2|33414|1607|1304|934|2893|2115|42267|
20191010|651 |0|1|5057|121|268|161|26|94|5727|
20191010|651 |0|2|28519|673|1291|356|476|1659|32974|
20191010|651 |1|1|4982|139|308|161|45|528|6163|
20191010|651 |1|2|29262|693|1201|385|441|1773|33755|
20191010|685 |0|1|3423|216|912|893|463|70|5977|
20191010|685 |0|2|20215|1363|1599|1177|3529|1084|28967|
20191010|685 |1|1|2952|228|776|738|388|319|5401|
20191010|685 |1|2|18168|1396|1391|1029|3153|1011|26148|
20191011|101 |0|1|14051|342|786|550|160|240|16129|
20191011|101 |0|2|77401|2653|10033|1616|1115|3574|96392|
20191011|101 |1|1|13456|418|713|789|210|1337|16923|
20191011|101 |1|2|80716|3114|10771|2198|1598|3795|102192|
20191011|190 |0|1|9596|342|1125|971|194|139|12367|
20191011|190 |0|2|55597|2973|3197|2077|1988|2427|68259|
20191011|190 |1|1|8624|403|825|1056|263|879|12050|
20191011|190 |1|2|52145|2991|3165|2447|2302|2411|65461|
20191011|253 |0|1|12739|430|1153|883|226|270|15701|
20191011|253 |0|2|77935|2767|2369|2135|2631|4304|92141|
20191011|253 |1|1|11411|431|932|1032|352|1293|15451|
20191011|253 |1|2|73023|2866|2310|2417|3357|4102|88075|
20191011|254 |0|1|5697|220|784|876|335|68|7980|
20191011|254 |0|2|36635|1821|1422|1216|3138|2268|46500|
20191011|254 |1|1|5621|276|706|789|341|678|8411|
20191011|254 |1|2|34702|1595|1262|1110|2705|2207|43581|
20191011|651 |0|1|6497|119|275|173|40|138|7242|
20191011|651 |0|2|36875|731|1299|396|515|1926|41742|
20191011|651 |1|1|5169|137|371|144|31|569|6421|
20191011|651 |1|2|30743|722|1214|354|455|1792|35280|
20191011|685 |0|1|3786|228|869|895|458|57|6293|
20191011|685 |0|2|22346|1338|1649|1172|3560|1240|31305|
20191011|685 |1|1|3572|231|812|752|437|372|6176|
20191011|685 |1|2|20243|1377|1471|1028|3553|1132|28804|
20191012|101 |0|1|16952|220|481|266|98|163|18180|
20191012|101 |0|2|78602|1569|9817|838|776|2845|94447|
20191012|101 |1|1|15353|306|488|472|132|1377|18128|
20191012|101 |1|2|76787|2014|10034|1281|1076|3040|94232|
20191012|190 |0|1|12786|196|575|415|126|98|14196|
20191012|190 |0|2|59298|1340|2342|672|1125|2162|66939|
20191012|190 |1|1|10355|228|435|467|137|932|12554|
20191012|190 |1|2|53112|1512|2345|1103|1439|2006|61517|
20191012|253 |0|1|14561|209|447|382|133|198|15930|
20191012|253 |0|2|72352|1141|1090|723|1505|3373|80184|
20191012|253 |1|1|13531|233|460|529|202|1431|16386|
20191012|253 |1|2|73780|1357|1218|1088|2341|3452|83236|
20191012|254 |0|1|7788|105|384|346|148|62|8833|
20191012|254 |0|2|41426|794|1147|489|1572|2191|47619|
20191012|254 |1|1|7486|149|358|385|167|818|9363|
20191012|254 |1|2|38090|770|984|569|1384|2042|43839|
20191012|651 |0|1|9430|75|132|91|22|122|9872|
20191012|651 |0|2|46770|490|1494|241|342|1782|51119|
20191012|651 |1|1|6818|80|227|63|13|643|7844|
20191012|651 |1|2|36436|465|1418|129|231|1601|40280|
20191012|685 |0|1|5718|95|362|317|228|70|6790|
20191012|685 |0|2|21278|367|1046|389|1441|920|25441|
20191012|685 |1|1|4503|97|353|310|163|454|5880|
20191012|685 |1|2|21989|458|1173|436|1925|1032|27013|
20191013|101 |0|1|15323|106|268|147|28|145|16017|
20191013|101 |0|2|73776|831|7603|556|240|2719|85725|
20191013|101 |1|1|14073|155|286|247|38|1222|16021|
20191013|101 |1|2|69186|907|8584|717|375|2526|82295|
20191013|190 |0|1|10228|111|317|212|33|56|10957|
20191013|190 |0|2|50082|760|2139|438|325|1869|55613|
20191013|190 |1|1|10976|120|181|250|38|884|12449|
20191013|190 |1|2|53929|579|1908|569|321|1811|59117|
20191013|253 |0|1|14164|123|246|131|45|165|14874|
20191013|253 |0|2|69683|660|894|359|614|3213|75423|
20191013|253 |1|1|13849|97|158|162|45|1323|15634|
20191013|253 |1|2|70502|572|821|371|607|2914|75787|
20191013|254 |0|1|6920|41|132|142|42|38|7315|
20191013|254 |0|2|34946|383|820|200|375|1730|38454|
20191013|254 |1|1|7277|59|111|120|37|758|8362|
20191013|254 |1|2|34131|281|800|214|314|1726|37466|
20191013|651 |0|1|6541|41|120|36|7|87|6832|
20191013|651 |0|2|32694|205|1354|93|80|1343|35769|
20191013|651 |1|1|7901|64|195|85|12|702|8959|
20191013|651 |1|2|39949|206|1102|142|63|1512|42974|
20191013|685 |0|1|4977|35|158|103|62|58|5393|
20191013|685 |0|2|21955|224|1126|149|609|908|24971|
20191013|685 |1|1|4902|40|93|98|51|454|5638|
20191013|685 |1|2|22943|228|980|145|583|839|25718|
20191014|101 |0|1|13921|309|743|544|133|243|15893|
20191014|101 |0|2|78272|2515|9043|1473|985|3721|96009|
20191014|101 |1|1|12415|365|652|685|171|1300|15588|
20191014|101 |1|2|76033|2834|9670|1798|1349|3632|95316|
20191014|190 |0|1|8938|349|1146|948|219|105|11705|
20191014|190 |0|2|52141|2969|2987|1975|1769|2374|64215|
20191014|190 |1|1|8171|373|801|805|208|804|11162|
20191014|190 |1|2|46573|2899|2962|1878|1853|2246|58411|
20191014|253 |0|1|11827|408|1060|838|203|253|14589|
20191014|253 |0|2|73158|2590|2101|2057|2391|4088|86385|
20191014|253 |1|1|10758|405|880|844|279|1225|14391|
20191014|253 |1|2|66628|2698|2047|2088|3000|3847|80308|
20191014|254 |0|1|5976|239|784|854|310|84|8247|
20191014|254 |0|2|37604|1767|1413|1190|3208|2486|47668|
20191014|254 |1|1|5472|256|620|672|279|681|7980|
20191014|254 |1|2|33666|1504|1242|857|2650|2107|42026|
20191014|651 |0|1|5355|127|283|170|36|109|6080|
20191014|651 |0|2|29061|698|1244|312|494|1700|33509|
20191014|651 |1|1|5103|131|301|170|34|628|6367|
20191014|651 |1|2|29700|721|1180|354|428|1738|34121|
20191014|685 |0|1|4284|214|826|864|453|79|6720|
20191014|685 |0|2|19468|1262|1525|1082|3469|1063|27869|
20191014|685 |1|1|3247|245|804|701|403|339|5739|
20191014|685 |1|2|19164|1385|1520|1011|3360|1115|27555|
20191015|101 |0|1|12915|345|852|568|157|214|15051|
20191015|101 |0|2|75542|2714|9528|1621|1208|3513|94126|
20191015|101 |1|1|12015|410|741|845|187|1183|15381|
20191015|101 |1|2|75250|3114|10308|2170|1606|3574|96022|
20191015|190 |0|1|7565|376|1114|937|202|106|10300|
20191015|190 |0|2|46071|3011|3110|1993|1837|2195|58217|
20191015|190 |1|1|7493|407|855|1029|271|780|10835|
20191015|190 |1|2|45093|3066|3136|2301|2165|2167|57928|
20191015|253 |0|1|10961|433|1185|882|217|234|13912|
20191015|253 |0|2|69354|2808|1889|1774|2507|3912|82244|
20191015|253 |1|1|10319|431|982|1033|312|1186|14263|
20191015|253 |1|2|67770|2932|1950|2173|3249|3951|82025|
20191015|254 |0|1|5589|242|818|955|373|87|8064|
20191015|254 |0|2|35116|1832|1503|1219|3467|2352|45489|
20191015|254 |1|1|5459|243|678|841|363|629|8213|
20191015|254 |1|2|32935|1597|1386|1108|3064|2104|42194|
20191015|651 |0|1|4994|117|273|168|59|106|5717|
20191015|651 |0|2|27667|738|1397|427|525|1603|32357|
20191015|651 |1|1|4790|132|346|176|32|541|6017|
20191015|651 |1|2|28090|739|1341|368|431|1691|32660|
20191015|685 |0|1|3194|225|788|846|438|63|5554|
20191015|685 |0|2|18758|1294|1594|1130|3558|1093|27427|
20191015|685 |1|1|2923|274|748|768|388|304|5405|
20191015|685 |1|2|18301|1392|1477|1038|3471|1118|26797|
20191016|101 |0|1|12422|326|741|553|142|209|14393|
20191016|101 |0|2|76005|2643|9628|1548|1095|3459|94378|
20191016|101 |1|1|11969|408|703|766|201|1208|15255|
20191016|101 |1|2|75010|3038|10423|2056|1579|3518|95624|
20191016|190 |0|1|7126|353|1130|934|200|102|9845|
20191016|190 |0|2|46718|2834|3178|2059|1767|2136|58692|
20191016|190 |1|1|7271|384|887|962|252|674|10430|
20191016|190 |1|2|44314|2865|3108|2223|2110|2036|56656|
20191016|253 |0|1|10685|393|1059|872|232|238|13479|
20191016|253 |0|2|68123|2668|2323|2128|2640|3809|81691|
20191016|253 |1|1|10430|484|981|966|372|1148|14381|
20191016|253 |1|2|67602|2864|2454|2423|3389|3937|82669|
20191016|254 |0|1|5518|238|829|912|375|66|7938|
20191016|254 |0|2|35521|1868|1552|1274|3430|2316|45961|
20191016|254 |1|1|5416|277|790|845|424|695|8447|
20191016|254 |1|2|33005|1657|1359|1089|3051|2144|42305|
20191016|651 |0|1|5284|141|238|162|38|103|5966|
20191016|651 |0|2|28820|738|1363|391|524|1625|33461|
20191016|651 |1|1|4839|147|307|170|29|516|6008|
20191016|651 |1|2|28037|692|1274|371|405|1618|32397|
20191016|685 |0|1|3063|205|768|781|421|49|5287|
20191016|685 |0|2|17863|1248|1509|1086|3423|1013|26142|
20191016|685 |1|1|2761|215|681|658|348|316|4979|
20191016|685 |1|2|17387|1283|1332|985|3109|1019|25115|
20191017|101 |0|1|13597|388|763|519|207|227|15701|
20191017|101 |0|2|71019|2512|9531|1413|954|3228|88657|
20191017|101 |1|1|11546|408|662|802|214|1169|14801|
20191017|101 |1|2|71951|2937|10281|2116|1556|3326|92167|
20191017|190 |0|1|8249|418|1199|895|202|137|11100|
20191017|190 |0|2|49251|2969|3204|1957|1823|2256|61460|
20191017|190 |1|1|7851|405|838|912|232|811|11049|
20191017|190 |1|2|47687|2966|3195|2188|2093|2228|60357|
20191017|253 |0|1|11070|395|1175|847|251|241|13979|
20191017|253 |0|2|70513|2744|2431|2069|2787|3935|84479|
20191017|253 |1|1|10547|457|1034|976|367|1172|14553|
20191017|253 |1|2|68920|2843|2442|2377|3507|3886|83975|
20191017|254 |0|1|5520|222|801|903|356|59|7861|
20191017|254 |0|2|35181|1750|1499|1226|3360|2289|45305|
20191017|254 |1|1|5494|247|724|838|336|674|8313|
20191017|254 |1|2|33975|1568|1325|1044|2827|2273|43012|
20191017|651 |0|1|5247|118|263|157|46|122|5953|
20191017|651 |0|2|29477|710|1412|395|529|1687|34210|
20191017|651 |1|1|4911|131|315|145|43|537|6082|
20191017|651 |1|2|28360|704|1331|359|399|1654|32807|
20191017|685 |0|1|3245|236|826|880|438|76|5701|
20191017|685 |0|2|19569|1337|1612|1100|3635|1131|28384|
20191017|685 |1|1|2972|255|827|806|405|314|5579|
20191017|685 |1|2|18867|1444|1509|1039|3482|1130|27471|
20191018|101 |0|1|13604|347|821|513|158|215|15658|
20191018|101 |0|2|78958|2563|10420|1413|960|3447|97761|
20191018|101 |1|1|12980|429|728|723|200|1318|16378|
20191018|101 |1|2|79834|2968|11105|1998|1389|3752|101046|
20191018|190 |0|1|9552|373|1019|859|171|159|12133|
20191018|190 |0|2|57031|2864|3191|1897|1602|2409|68994|
20191018|190 |1|1|8545|372|787|860|199|845|11608|
20191018|190 |1|2|50590|2919|3152|2135|1908|2344|63048|
20191018|253 |0|1|12572|423|1013|846|229|232|15315|
20191018|253 |0|2|78726|2766|2460|2032|2514|4132|92630|
20191018|253 |1|1|11832|410|928|919|306|1300|15695|
20191018|253 |1|2|73409|2810|2437|2342|3108|3967|88073|
20191018|254 |0|1|5731|249|714|818|324|70|7906|
20191018|254 |0|2|36634|1712|1575|1159|3013|2339|46432|
20191018|254 |1|1|5986|253|662|794|334|688|8717|
20191018|254 |1|2|35902|1604|1347|1079|2690|2218|44840|
20191018|651 |0|1|7298|143|294|189|68|142|8134|
20191018|651 |0|2|38957|729|1464|370|472|1936|43928|
20191018|651 |1|1|5455|157|377|166|38|562|6755|
20191018|651 |1|2|31195|722|1483|353|420|1776|35949|
20191018|685 |0|1|3849|242|841|790|407|67|6196|
20191018|685 |0|2|22937|1333|1609|1065|3247|1202|31393|
20191018|685 |1|1|3487|224|758|677|400|349|5895|
20191018|685 |1|2|20783|1391|1530|1051|3145|1166|29066|
20191019|101 |0|1|16726|226|515|287|78|153|17985|
20191019|101 |0|2|79821|1601|9845|771|722|2729|95489|
20191019|101 |1|1|15106|311|484|443|125|1311|17780|
20191019|101 |1|2|77353|2049|10192|1162|890|2894|94540|
20191019|190 |0|1|13822|209|553|289|111|122|15106|
20191019|190 |0|2|58875|1271|2268|663|779|2142|65998|
20191019|190 |1|1|10729|197|424|448|130|956|12884|
20191019|190 |1|2|54964|1432|2378|1042|1043|2152|63011|
20191019|253 |0|1|15648|209|471|353|136|208|17025|
20191019|253 |0|2|79025|1246|1595|866|1458|3446|87636|
20191019|253 |1|1|13389|210|453|479|188|1348|16067|
20191019|253 |1|2|74845|1375|1544|1161|1944|3426|84295|
20191019|254 |0|1|7402|138|375|352|135|70|8472|
20191019|254 |0|2|40617|790|1208|522|1278|2096|46511|
20191019|254 |1|1|7359|165|335|378|128|839|9204|
20191019|254 |1|2|38086|768|1071|584|1232|2039|43780|
20191019|651 |0|1|9217|70|104|88|21|130|9630|
20191019|651 |0|2|45506|422|1417|204|259|1781|49589|
20191019|651 |1|1|7046|101|273|69|12|714|8215|
20191019|651 |1|2|37075|415|1391|126|208|1526|40741|
20191019|685 |0|1|5432|87|367|349|218|64|6517|
20191019|685 |0|2|24180|435|1264|432|1821|1003|29135|
20191019|685 |1|1|4567|104|362|339|187|448|6007|
20191019|685 |1|2|22425|503|1202|521|2084|964|27699|
20191020|101 |0|1|15303|114|258|139|42|138|15994|
20191020|101 |0|2|75127|937|7879|589|279|2647|87458|
20191020|101 |1|1|14850|174|342|247|73|1256|16942|
20191020|101 |1|2|73248|994|9145|793|309|2483|86972|
20191020|190 |0|1|10340|117|300|155|24|90|11026|
20191020|190 |0|2|51047|831|2326|460|237|1844|56745|
20191020|190 |1|1|10807|112|202|236|30|915|12302|
20191020|190 |1|2|54327|646|1923|582|220|1828|59526|
20191020|253 |0|1|14415|106|249|162|47|160|15139|
20191020|253 |0|2|70340|765|1010|406|490|3249|76260|
20191020|253 |1|1|13627|105|200|198|50|1240|15420|
20191020|253 |1|2|70814|638|1003|391|481|2928|76255|
20191020|254 |0|1|7155|42|136|113|41|45|7532|
20191020|254 |0|2|34981|398|834|210|402|1753|38578|
20191020|254 |1|1|7242|59|111|128|39|778|8357|
20191020|254 |1|2|34842|322|827|218|354|1640|38203|
20191020|651 |0|1|7151|48|137|38|11|90|7475|
20191020|651 |0|2|35150|229|1452|75|101|1442|38449|
20191020|651 |1|1|8571|62|219|85|5|751|9693|
20191020|651 |1|2|42234|250|1097|122|82|1571|45356|
20191020|685 |0|1|4952|52|140|136|47|61|5388|
20191020|685 |0|2|21434|234|1171|212|505|922|24478|
20191020|685 |1|1|4770|45|101|93|46|473|5528|
20191020|685 |1|2|22814|204|1013|176|489|866|25562|
20191021|101 |0|1|13888|348|674|543|174|225|15852|
20191021|101 |0|2|75907|2505|8993|1443|964|3618|93430|
20191021|101 |1|1|11875|403|622|619|204|1211|14934|
20191021|101 |1|2|73651|2767|9448|1766|1310|3453|92395|
20191021|190 |0|1|8269|369|994|932|175|154|10893|
20191021|190 |0|2|50031|2836|2901|1929|1623|2220|61540|
20191021|190 |1|1|8177|368|810|854|222|791|11222|
20191021|190 |1|2|46946|2759|2918|1814|1770|2238|58445|
20191021|253 |0|1|11500|401|1064|818|232|218|14233|
20191021|253 |0|2|72788|2571|2116|2035|2448|3971|85929|
20191021|253 |1|1|10734|397|907|866|305|1149|14358|
20191021|253 |1|2|68715|2820|2192|2097|3180|4010|83014|
20191021|254 |0|1|5754|231|778|916|327|69|8075|
20191021|254 |0|2|37229|1818|1457|1219|3289|2431|47443|
20191021|254 |1|1|5514|255|665|661|264|651|8010|
20191021|254 |1|2|33135|1516|1283|883|2761|2179|41757|
20191021|651 |0|1|5728|123|243|153|51|120|6418|
20191021|651 |0|2|29904|701|1358|348|511|1676|34498|
20191021|651 |1|1|5451|153|335|170|60|619|6788|
20191021|651 |1|2|30448|685|1284|315|407|1709|34848|
20191021|685 |0|1|4256|209|814|886|427|87|6679|
20191021|685 |0|2|19614|1241|1635|1060|3255|1053|27858|
20191021|685 |1|1|3206|230|745|703|386|338|5608|
20191021|685 |1|2|19036|1341|1595|903|3221|1115|27211|
20191022|101 |0|1|12566|332|885|646|210|239|14878|
20191022|101 |0|2|76430|2744|9276|1640|1205|3482|94777|
20191022|101 |1|1|11459|404|715|831|247|1171|14827|
20191022|101 |1|2|72717|3025|9892|2109|1590|3429|92762|
20191022|190 |0|1|7868|341|1089|882|205|139|10524|
20191022|190 |0|2|48165|3015|3152|2153|1879|2263|60627|
20191022|190 |1|1|7434|378|902|1046|253|742|10755|
20191022|190 |1|2|45060|2961|3053|2354|2131|2145|57704|
20191022|253 |0|1|10445|389|1105|876|236|224|13275|
20191022|253 |0|2|67755|2637|2173|2072|2458|3831|80926|
20191022|253 |1|1|10481|444|968|1064|360|1175|14492|
20191022|253 |1|2|68830|2995|2255|2441|3437|3988|83946|
20191022|254 |0|1|5348|207|769|883|376|108|7691|
20191022|254 |0|2|34396|1838|1447|1279|3320|2267|44547|
20191022|254 |1|1|5574|240|705|837|338|653|8347|
20191022|254 |1|2|33346|1603|1342|1053|2907|2235|42486|
20191022|651 |0|1|5554|140|308|194|90|102|6388|
20191022|651 |0|2|29348|774|1497|364|513|1709|34205|
20191022|651 |1|1|5051|149|357|155|55|548|6315|
20191022|651 |1|2|28685|744|1439|345|428|1730|33371|
20191022|685 |0|1|3267|203|830|904|449|64|5717|
20191022|685 |0|2|19200|1355|1683|1169|3525|1092|28024|
20191022|685 |1|1|3120|228|807|797|371|335|5658|
20191022|685 |1|2|18767|1398|1596|1067|3483|1119|27430|
20191023|101 |0|1|13108|342|795|612|237|225|15319|
20191023|101 |0|2|73400|2545|9448|1541|1188|3327|91449|
20191023|101 |1|1|11830|424|752|794|239|1254|15293|
20191023|101 |1|2|75403|3043|10028|1999|1689|3493|95655|
20191023|190 |0|1|7495|305|1046|835|172|142|9995|
20191023|190 |0|2|46930|2916|3166|1924|1755|2250|58941|
20191023|190 |1|1|7636|362|832|945|248|726|10749|
20191023|190 |1|2|46178|2974|3216|2204|2112|2184|58868|
20191023|253 |0|1|11284|401|1104|857|249|231|14126|
20191023|253 |0|2|70707|2766|2361|2080|2635|3952|84501|
20191023|253 |1|1|10203|414|948|982|344|1142|14033|
20191023|253 |1|2|68147|2897|2367|2390|3368|3798|82967|
20191023|254 |0|1|5226|244|755|837|331|112|7505|
20191023|254 |0|2|34437|1717|1515|1217|3175|2297|44358|
20191023|254 |1|1|5508|236|716|788|334|673|8255|
20191023|254 |1|2|33661|1578|1306|1067|2790|2163|42565|
20191023|651 |0|1|5210|139|283|174|49|91|5946|
20191023|651 |0|2|29623|724|1395|407|599|1646|34394|
20191023|651 |1|1|4899|132|359|159|40|558|6147|
20191023|651 |1|2|28840|716|1301|328|450|1712|33347|
20191023|685 |0|1|3236|208|867|890|436|49|5686|
20191023|685 |0|2|19593|1360|1673|1200|3467|1105|28398|
20191023|685 |1|1|3003|242|804|758|375|286|5468|
20191023|685 |1|2|18847|1430|1604|1134|3370|1087|27472|
20191024|101 |0|1|13179|326|757|512|184|241|15199|
20191024|101 |0|2|75282|2608|9440|1518|1070|3472|93390|
20191024|101 |1|1|12023|398|717|782|218|1215|15353|
20191024|101 |1|2|76048|3005|10031|2076|1496|3553|96209|
20191024|190 |0|1|7962|375|1135|965|193|140|10770|
20191024|190 |0|2|47732|2910|3213|1894|1886|2234|59869|
20191024|190 |1|1|7641|378|861|965|231|767|10843|
20191024|190 |1|2|46190|2905|3209|2130|2116|2221|58771|
20191024|253 |0|1|11109|396|1077|818|227|227|13854|
20191024|253 |0|2|71339|2657|1897|1728|2510|3969|84100|
20191024|253 |1|1|10372|423|892|933|336|1176|14132|
20191024|253 |1|2|69632|2826|1912|1973|3235|3949|83527|
20191024|254 |0|1|5304|264|808|841|332|133|7682|
20191024|254 |0|2|34418|1715|1481|1190|3122|2281|44207|
20191024|254 |1|1|5304|268|667|788|310|674|8011|
20191024|254 |1|2|33325|1553|1384|1074|2774|2165|42275|
20191024|651 |0|1|5217|127|303|182|39|95|5963|
20191024|651 |0|2|29678|727|1454|378|519|1635|34391|
20191024|651 |1|1|4960|140|359|167|29|508|6163|
20191024|651 |1|2|28982|684|1308|375|441|1676|33466|
20191024|685 |0|1|3267|204|833|852|412|76|5644|
20191024|685 |0|2|20050|1354|1744|1178|3342|1190|28858|
20191024|685 |1|1|2958|230|814|808|366|288|5464|
20191024|685 |1|2|18672|1336|1583|1037|3333|1100|27061|
20191025|101 |0|1|13737|329|795|553|157|214|15785|
20191025|101 |0|2|81193|2653|10405|1436|1029|3506|100222|
20191025|101 |1|1|13101|403|790|763|173|1328|16558|
20191025|101 |1|2|79762|3000|11028|1998|1428|3671|100887|
20191025|190 |0|1|9537|347|1074|824|181|160|12123|
20191025|190 |0|2|56099|2849|3112|1747|1783|2475|68065|
20191025|190 |1|1|9087|399|877|919|239|890|12411|
20191025|190 |1|2|50916|2890|2908|2071|2070|2418|63273|
20191025|253 |0|1|12167|414|1001|840|233|263|14918|
20191025|253 |0|2|76337|2593|2092|1676|2376|4050|89124|
20191025|253 |1|1|11657|428|875|937|336|1299|15532|
20191025|253 |1|2|76017|2767|2105|2064|3126|4232|90311|
20191025|254 |0|1|5894|261|766|806|322|121|8170|
20191025|254 |0|2|37713|1740|1546|1121|3135|2420|47675|
20191025|254 |1|1|5834|244|673|776|304|696|8527|
20191025|254 |1|2|35475|1566|1364|1049|2712|2311|44477|
20191025|651 |0|1|7126|120|264|177|47|113|7847|
20191025|651 |0|2|39197|728|1503|376|543|1932|44279|
20191025|651 |1|1|5410|156|350|136|34|597|6683|
20191025|651 |1|2|30931|718|1454|350|459|1747|35659|
20191025|685 |0|1|3941|219|776|827|405|81|6249|
20191025|685 |0|2|22256|1289|1662|1105|3290|1242|30844|
20191025|685 |1|1|3474|251|756|734|396|357|5968|
20191025|685 |1|2|20678|1352|1470|1049|3350|1140|29039|
20191026|101 |0|1|15617|232|517|282|106|182|16936|
20191026|101 |0|2|81240|1563|10292|731|500|2896|97222|
20191026|101 |1|1|14931|314|459|448|114|1329|17595|
20191026|101 |1|2|77786|1989|10382|1176|855|2965|95153|
20191026|190 |0|1|14251|205|556|361|112|158|15643|
20191026|190 |0|2|60070|1350|2238|718|865|2135|67376|
20191026|190 |1|1|10711|202|399|459|120|1017|12908|
20191026|190 |1|2|54675|1458|2369|1219|1213|2114|63048|
20191026|253 |0|1|15438|221|520|400|118|167|16864|
20191026|253 |0|2|77643|1229|1279|727|1368|3511|85757|
20191026|253 |1|1|13652|245|508|517|180|1371|16473|
20191026|253 |1|2|75298|1442|1260|973|2030|3466|84469|
20191026|254 |0|1|7681|147|335|342|143|114|8762|
20191026|254 |0|2|40861|746|1160|505|1428|2088|46788|
20191026|254 |1|1|7619|162|353|345|140|890|9509|
20191026|254 |1|2|38129|783|1069|572|1402|2019|43974|
20191026|651 |0|1|9506|106|106|96|22|146|9982|
20191026|651 |0|2|46680|455|1338|206|224|1886|50789|
20191026|651 |1|1|7301|97|245|67|12|725|8447|
20191026|651 |1|2|36567|429|1257|122|185|1546|40106|
20191026|685 |0|1|5436|84|360|353|214|66|6513|
20191026|685 |0|2|24772|442|1336|444|1776|970|29740|
20191026|685 |1|1|4638|86|371|387|212|442|6136|
20191026|685 |1|2|22511|502|1211|504|2019|979|27726|
20191027|101 |0|1|15245|125|295|132|26|125|15948|
20191027|101 |0|2|76790|848|8098|542|235|2759|89272|
20191027|101 |1|1|15426|192|335|256|47|1293|17549|
20191027|101 |1|2|76586|908|9345|788|303|2653|90583|
20191027|190 |0|1|10530|150|278|170|43|102|11273|
20191027|190 |0|2|51805|772|2236|448|298|1933|57492|
20191027|190 |1|1|11014|124|187|223|37|961|12546|
20191027|190 |1|2|54879|595|1805|549|293|1867|59988|
20191027|253 |0|1|14701|147|248|164|37|142|15439|
20191027|253 |0|2|71298|703|1005|386|634|3219|77245|
20191027|253 |1|1|13718|114|185|186|59|1278|15540|
20191027|253 |1|2|72398|604|931|439|647|2916|77935|
20191027|254 |0|1|7209|70|135|134|54|81|7683|
20191027|254 |0|2|35794|409|796|198|365|1804|39366|
20191027|254 |1|1|7305|68|119|101|35|795|8423|
20191027|254 |1|2|35455|318|835|201|338|1783|38930|
20191027|651 |0|1|7524|67|138|44|11|84|7868|
20191027|651 |0|2|35866|270|1495|84|71|1452|39238|
20191027|651 |1|1|8607|89|183|71|10|719|9679|
20191027|651 |1|2|41925|272|1175|117|63|1564|45116|
20191027|685 |0|1|5026|42|162|139|71|67|5507|
20191027|685 |0|2|22103|236|1225|210|575|1009|25358|
20191027|685 |1|1|4649|51|129|96|67|406|5398|
20191027|685 |1|2|21650|202|1008|181|522|835|24398|
20191028|101 |0|1|13638|308|759|536|130|218|15589|
20191028|101 |0|2|78946|2534|8982|1467|984|3652|96565|
20191028|101 |1|1|12351|362|673|647|160|1189|15382|
20191028|101 |1|2|76101|2802|9413|1772|1360|3660|95108|
20191028|190 |0|1|8155|345|1043|898|153|128|10722|
20191028|190 |0|2|50864|2832|2864|1858|1552|2345|62315|
20191028|190 |1|1|8080|343|779|762|166|795|10925|
20191028|190 |1|2|46351|2663|2912|1750|1722|2211|57609|
20191028|253 |0|1|11609|367|1064|807|254|233|14334|
20191028|253 |0|2|72335|2533|2032|2030|2249|3948|85127|
20191028|253 |1|1|10503|396|888|850|288|1152|14077|
20191028|253 |1|2|68591|2669|2168|2135|2988|3879|82430|
20191028|254 |0|1|5749|242|775|868|333|111|8078|
20191028|254 |0|2|37351|1772|1476|1209|3199|2462|47469|
20191028|254 |1|1|5552|239|641|696|303|666|8097|
20191028|254 |1|2|33543|1552|1288|881|2723|2167|42154|
20191028|651 |0|1|5528|105|247|162|30|99|6171|
20191028|651 |0|2|29306|709|1240|354|450|1736|33795|
20191028|651 |1|1|5576|128|370|152|31|593|6850|
20191028|651 |1|2|31422|692|1189|346|407|1868|35924|
20191028|685 |0|1|4022|217|803|858|463|75|6438|
20191028|685 |0|2|19039|1296|1577|1079|3395|1011|27397|
20191028|685 |1|1|3210|255|763|658|388|309|5583|
20191028|685 |1|2|18672|1393|1523|915|3228|1093|26824|
20191029|101 |0|1|12641|371|818|596|144|238|14808|
20191029|101 |0|2|73870|2651|9280|1642|1065|3484|91992|
20191029|101 |1|1|11561|394|758|792|192|1223|14920|
20191029|101 |1|2|74498|3099|9829|2195|1568|3578|94767|
20191029|190 |0|1|7852|376|1041|926|172|134|10501|
20191029|190 |0|2|47442|2918|3084|1997|1869|2237|59547|
20191029|190 |1|1|7121|349|809|1006|219|764|10268|
20191029|190 |1|2|43937|2909|3045|2245|2082|2057|56275|
20191029|253 |0|1|10811|397|1234|962|305|245|13954|
20191029|253 |0|2|70483|2761|2350|2142|2393|3957|84086|
20191029|253 |1|1|10030|428|1006|1010|329|1148|13951|
20191029|253 |1|2|66807|2910|2345|2499|3202|3791|81554|
20191029|254 |0|1|5240|234|785|848|344|105|7556|
20191029|254 |0|2|34123|1766|1482|1212|3259|2220|44062|
20191029|254 |1|1|5356|248|712|842|337|658|8153|
20191029|254 |1|2|32887|1534|1324|1054|2864|2144|41807|
20191029|651 |0|1|5048|113|246|200|50|104|5761|
20191029|651 |0|2|28196|714|1311|413|560|1595|32789|
20191029|651 |1|1|4731|138|356|150|39|516|5930|
20191029|651 |1|2|28282|708|1270|341|443|1627|32671|
20191029|685 |0|1|3080|216|826|821|411|61|5415|
20191029|685 |0|2|18626|1311|1662|1126|3436|1117|27278|
20191029|685 |1|1|2977|258|798|804|425|286|5548|
20191029|685 |1|2|18457|1451|1556|1100|3344|1103|27011|
20191030|101 |0|1|12886|345|847|570|160|249|15057|
20191030|101 |0|2|73113|2530|9619|1585|1059|3335|91241|
20191030|101 |1|1|11749|377|724|801|184|1212|15047|
20191030|101 |1|2|75912|3030|10314|2179|1470|3522|96427|
20191030|190 |0|1|7796|374|1054|927|165|149|10465|
20191030|190 |0|2|46835|2884|3163|2115|1732|2230|58959|
20191030|190 |1|1|7506|361|858|992|240|744|10701|
20191030|190 |1|2|45349|2878|3091|2301|2023|2143|57785|
20191030|253 |0|1|10681|411|1207|933|303|239|13774|
20191030|253 |0|2|69962|2767|2175|2179|2369|4026|83478|
20191030|253 |1|1|10270|439|980|1083|338|1143|14253|
20191030|253 |1|2|67756|2985|2294|2418|3114|3899|82466|
20191030|254 |0|1|5263|244|772|840|364|130|7613|
20191030|254 |0|2|34435|1737|1366|1230|3080|2204|44052|
20191030|254 |1|1|5139|230|727|775|299|661|7831|
20191030|254 |1|2|32776|1545|1254|1063|2790|2070|41498|
20191030|651 |0|1|5100|122|249|192|50|127|5840|
20191030|651 |0|2|28678|725|1313|379|498|1642|33235|
20191030|651 |1|1|4577|141|331|141|35|508|5733|
20191030|651 |1|2|27873|711|1202|321|428|1684|32219|
20191030|685 |0|1|3200|260|816|881|526|64|5747|
20191030|685 |0|2|19476|1428|1689|1283|3457|1136|28469|
20191030|685 |1|1|2886|277|806|723|384|279|5355|
20191030|685 |1|2|18061|1436|1522|1053|3297|1057|26426|
20191031|101 |0|1|12654|371|786|573|179|201|14764|
20191031|101 |0|2|71097|2530|8957|1442|1022|3302|88350|
20191031|101 |1|1|12238|405|755|829|195|1184|15606|
20191031|101 |1|2|75749|3014|9719|2064|1497|3473|95516|
20191031|190 |0|1|7943|359|1059|907|180|155|10603|
20191031|190 |0|2|47256|2900|3109|1916|1761|2198|59140|
20191031|190 |1|1|7675|362|791|919|231|725|10703|
20191031|190 |1|2|45657|2883|3062|2210|2048|2174|58034|
20191031|253 |0|1|10719|384|1126|796|236|199|13460|
20191031|253 |0|2|68513|2691|2277|2108|2406|3888|81883|
20191031|253 |1|1|10315|434|928|948|294|1166|14085|
20191031|253 |1|2|68400|2870|2289|2521|3196|3935|83211|
20191031|254 |0|1|5218|272|815|1002|670|109|8086|
20191031|254 |0|2|34042|1663|1402|1083|2817|2169|43176|
20191031|254 |1|1|5578|261|635|753|324|670|8221|
20191031|254 |1|2|33411|1500|1259|1052|2748|2119|42089|
