20170801|101 |0|1|18638|420|722|556|149|273|20758|
20170801|101 |0|2|68807|2421|7938|1041|751|3050|84008|
20170801|101 |1|1|18621|472|852|757|207|1692|22601|
20170801|101 |1|2|69325|2768|8308|1516|1096|3223|86236|
20170801|190 |0|1|13062|420|1167|822|185|151|15807|
20170801|190 |0|2|48848|2568|2792|1611|1227|2265|59311|
20170801|190 |1|1|12533|408|802|989|236|1046|16014|
20170801|190 |1|2|46030|2507|2803|1847|1379|2127|56693|
20170801|253 |0|1|16651|438|913|768|316|328|19414|
20170801|253 |0|2|69399|2210|1248|1305|1880|3832|79874|
20170801|253 |1|1|16622|510|765|888|415|1531|20731|
20170801|253 |1|2|64118|2236|1259|1350|2234|3540|74737|
20170801|254 |0|1|8110|301|618|669|458|178|10334|
20170801|254 |0|2|32016|1266|1144|788|2478|2015|39707|
20170801|254 |1|1|8730|336|589|717|433|922|11727|
20170801|254 |1|2|32360|1111|1093|665|2106|1956|39291|
20170801|651 |0|1|10584|123|243|174|55|219|11398|
20170801|651 |0|2|33648|592|967|239|414|1647|37507|
20170801|651 |1|1|10368|153|239|204|26|933|11923|
20170801|651 |1|2|33469|610|928|274|356|1685|37322|
20170801|685 |0|1|4903|238|621|718|654|107|7241|
20170801|685 |0|2|18281|878|1210|663|2398|1006|24436|
20170801|685 |1|1|4654|235|528|542|428|460|6847|
20170801|685 |1|2|18441|912|1057|624|2204|1026|24264|
20170802|101 |0|1|18899|419|714|583|160|313|21088|
20170802|101 |0|2|69592|2371|8095|1071|711|3103|84943|
20170802|101 |1|1|18679|502|776|697|207|1680|22541|
20170802|101 |1|2|70364|2802|8339|1506|1129|3236|87376|
20170802|190 |0|1|14019|457|1129|853|215|150|16823|
20170802|190 |0|2|51880|2530|2835|1453|1452|2271|62421|
20170802|190 |1|1|12636|415|787|1058|253|1087|16236|
20170802|190 |1|2|46007|2457|2802|1692|1466|2127|56551|
20170802|253 |0|1|17376|429|899|712|285|306|20007|
20170802|253 |0|2|70960|2209|1270|1196|2188|3919|81742|
20170802|253 |1|1|16670|496|766|858|410|1593|20793|
20170802|253 |1|2|64249|2210|1328|1360|2536|3560|75243|
20170802|254 |0|1|8266|295|573|698|471|183|10486|
20170802|254 |0|2|33122|1235|1145|737|2550|2085|40874|
20170802|254 |1|1|8317|315|579|651|425|923|11210|
20170802|254 |1|2|30576|1126|1023|626|2107|1949|37407|
20170802|651 |0|1|10606|124|272|158|70|221|11451|
20170802|651 |0|2|33385|563|945|251|575|1669|37388|
20170802|651 |1|1|10184|152|259|187|49|907|11738|
20170802|651 |1|2|33012|616|970|238|547|1686|37069|
20170802|685 |0|1|5446|263|640|692|639|112|7792|
20170802|685 |0|2|19543|848|1236|620|2483|995|25725|
20170802|685 |1|1|4760|264|606|569|469|464|7132|
20170802|685 |1|2|18480|908|1195|604|2567|998|24752|
20170803|101 |0|1|19038|400|707|559|175|292|21171|
20170803|101 |0|2|69699|2368|8020|1045|738|2986|84856|
20170803|101 |1|1|18766|486|795|744|224|1688|22703|
20170803|101 |1|2|70595|2859|8321|1453|1052|3210|87490|
20170803|190 |0|1|13794|404|1026|833|209|148|16414|
20170803|190 |0|2|50765|2494|2849|1435|1477|2173|61193|
20170803|190 |1|1|11388|402|741|977|278|981|14767|
20170803|190 |1|2|40894|2314|2657|1676|1420|1896|50857|
20170803|253 |0|1|18101|450|899|729|253|336|20768|
20170803|253 |0|2|70123|2254|1226|1159|2085|3815|80662|
20170803|253 |1|1|15722|453|812|838|377|1563|19765|
20170803|253 |1|2|63454|2247|1246|1287|2552|3557|74343|
20170803|254 |0|1|8156|330|628|690|443|174|10421|
20170803|254 |0|2|33467|1349|1158|783|2591|2229|41577|
20170803|254 |1|1|8225|332|620|691|413|867|11148|
20170803|254 |1|2|31768|1223|1087|672|2318|2036|39104|
20170803|651 |0|1|12352|236|437|305|451|281|14062|
20170803|651 |0|2|33517|491|822|91|151|1576|36648|
20170803|651 |1|1|9890|162|254|186|44|865|11401|
20170803|651 |1|2|32435|609|945|265|525|1634|36413|
20170803|685 |0|1|5189|260|668|736|681|97|7631|
20170803|685 |0|2|19136|880|1202|604|2637|1032|25491|
20170803|685 |1|1|4509|265|633|583|475|456|6921|
20170803|685 |1|2|18095|954|1210|581|2748|1080|24668|
20170804|101 |0|1|20310|339|589|532|140|313|22223|
20170804|101 |0|2|72790|2256|8648|985|745|3063|88487|
20170804|101 |1|1|19915|506|760|700|196|1797|23874|
20170804|101 |1|2|74166|2727|8933|1313|1061|3353|91553|
20170804|190 |0|1|15580|431|885|789|210|199|18094|
20170804|190 |0|2|57418|2438|2854|1342|1448|2375|67875|
20170804|190 |1|1|13088|426|661|805|219|1182|16381|
20170804|190 |1|2|49101|2336|2733|1348|1421|2216|59155|
20170804|253 |0|1|19217|449|864|759|276|345|21910|
20170804|253 |0|2|74497|2178|1231|1144|1996|4030|85076|
20170804|253 |1|1|16867|433|780|881|403|1616|20980|
20170804|253 |1|2|66598|2194|1206|1251|2468|3803|77520|
20170804|254 |0|1|8451|333|607|731|437|183|10742|
20170804|254 |0|2|34136|1366|1177|764|2552|2169|42164|
20170804|254 |1|1|8471|357|629|689|413|938|11497|
20170804|254 |1|2|32715|1204|1090|666|2210|2041|39926|
20170804|651 |0|1|12994|167|327|333|342|236|14399|
20170804|651 |0|2|39534|493|884|92|178|1833|43014|
20170804|651 |1|1|10515|141|289|163|56|963|12127|
20170804|651 |1|2|34417|587|905|215|458|1778|38360|
20170804|685 |0|1|5913|265|648|750|598|104|8278|
20170804|685 |0|2|21236|975|1307|640|2507|1176|27841|
20170804|685 |1|1|4927|276|614|634|440|506|7397|
20170804|685 |1|2|19487|991|1158|638|2538|1223|26035|
20170805|101 |0|1|21942|249|393|313|118|252|23267|
20170805|101 |0|2|70189|1390|7660|505|528|2641|82913|
20170805|101 |1|1|21872|331|539|434|162|1744|25082|
20170805|101 |1|2|71798|1883|7855|901|734|2962|86133|
20170805|190 |0|1|16264|217|427|367|119|141|17535|
20170805|190 |0|2|51949|1193|2043|467|750|1940|58342|
20170805|190 |1|1|14867|215|362|487|125|1136|17192|
20170805|190 |1|2|50392|1334|2245|809|918|1941|57639|
20170805|253 |0|1|20585|246|473|387|186|299|22176|
20170805|253 |0|2|70285|1207|774|550|1354|3381|77551|
20170805|253 |1|1|18921|274|409|500|284|1750|22138|
20170805|253 |1|2|65050|1299|856|835|1802|3172|73014|
20170805|254 |0|1|8985|191|314|318|211|146|10165|
20170805|254 |0|2|32510|720|939|373|1400|1758|37700|
20170805|254 |1|1|9319|214|337|421|207|940|11438|
20170805|254 |1|2|32149|745|949|414|1173|1748|37178|
20170805|651 |0|1|13050|57|86|95|49|220|13557|
20170805|651 |0|2|38010|294|761|121|245|1753|41184|
20170805|651 |1|1|11942|100|131|108|30|985|13296|
20170805|651 |1|2|36889|353|853|98|212|1674|40079|
20170805|685 |0|1|6495|133|317|342|262|118|7667|
20170805|685 |0|2|21177|466|1184|319|1400|978|25524|
20170805|685 |1|1|5769|148|318|325|219|573|7352|
20170805|685 |1|2|19615|504|975|349|1491|965|23899|
20170806|101 |0|1|19548|142|256|143|38|233|20360|
20170806|101 |0|2|64278|773|6794|302|188|2580|74915|
20170806|101 |1|1|20644|197|367|222|42|1639|23111|
20170806|101 |1|2|66302|836|7265|449|201|2548|77601|
20170806|190 |0|1|13218|141|363|147|30|117|14016|
20170806|190 |0|2|43675|766|2067|407|174|1741|48830|
20170806|190 |1|1|15776|150|215|329|37|1153|17660|
20170806|190 |1|2|52348|625|1937|638|176|1799|57523|
20170806|253 |0|1|17757|136|211|153|47|253|18557|
20170806|253 |0|2|60847|635|593|338|566|2925|65904|
20170806|253 |1|1|18960|125|141|185|66|1668|21145|
20170806|253 |1|2|61524|487|563|306|571|2740|66191|
20170806|254 |0|1|8164|65|136|122|55|137|8679|
20170806|254 |0|2|28435|349|735|178|294|1572|31563|
20170806|254 |1|1|9006|73|129|134|45|895|10282|
20170806|254 |1|2|28221|265|767|153|234|1520|31160|
20170806|651 |0|1|10699|43|106|51|14|186|11099|
20170806|651 |0|2|31937|170|942|62|96|1343|34550|
20170806|651 |1|1|14473|71|80|93|19|1208|15944|
20170806|651 |1|2|42595|217|917|85|80|1792|45686|
20170806|685 |0|1|5345|51|120|118|73|68|5775|
20170806|685 |0|2|16741|194|1028|145|330|799|19237|
20170806|685 |1|1|5906|51|98|115|65|480|6715|
20170806|685 |1|2|19107|221|880|137|297|823|21465|
20170807|101 |0|1|18896|357|747|561|145|358|21064|
20170807|101 |0|2|70754|2385|8159|1068|668|3492|86526|
20170807|101 |1|1|18104|435|763|616|152|1657|21727|
20170807|101 |1|2|69390|2783|8354|1211|971|3460|86169|
20170807|190 |0|1|12764|474|1138|818|165|193|15552|
20170807|190 |0|2|49281|2683|2831|1502|1308|2453|60058|
20170807|190 |1|1|12174|416|757|801|195|997|15340|
20170807|190 |1|2|45065|2545|2703|1384|1195|2274|55166|
20170807|253 |0|1|16384|519|1056|882|299|377|19517|
20170807|253 |0|2|70369|2513|1763|1671|2115|4133|82564|
20170807|253 |1|1|15197|563|899|877|415|1533|19484|
20170807|253 |1|2|64812|2566|1798|1550|2486|3887|77099|
20170807|254 |0|1|7635|388|785|858|498|201|10365|
20170807|254 |0|2|34358|1657|1414|965|3011|2371|43776|
20170807|254 |1|1|7640|348|619|731|476|849|10663|
20170807|254 |1|2|31459|1419|1135|621|2131|2075|38840|
20170807|651 |0|1|9794|122|245|165|44|202|10572|
20170807|651 |0|2|30036|650|997|263|359|1618|33923|
20170807|651 |1|1|9943|150|268|165|42|903|11471|
20170807|651 |1|2|32974|647|936|274|353|1825|37009|
20170807|685 |0|1|4975|325|873|815|640|102|7730|
20170807|685 |0|2|17677|1161|1201|757|2489|1019|24304|
20170807|685 |1|1|4194|328|755|733|534|410|6954|
20170807|685 |1|2|18377|1213|1305|700|2605|1121|25321|
20170808|101 |0|1|17384|452|796|584|163|315|19694|
20170808|101 |0|2|69073|2675|8057|1175|808|3286|85074|
20170808|101 |1|1|17483|498|870|859|211|1589|21510|
20170808|101 |1|2|69806|3094|8447|1612|1197|3487|87643|
20170808|190 |0|1|11596|475|1219|808|187|162|14447|
20170808|190 |0|2|46698|2923|2936|1578|1446|2119|57700|
20170808|190 |1|1|13380|666|1171|1074|400|1044|17735|
20170808|190 |1|2|42015|2597|2524|1681|1366|1934|52117|
20170808|253 |0|1|15012|557|1169|938|321|380|18377|
20170808|253 |0|2|67828|2823|1984|2055|2441|4080|81211|
20170808|253 |1|1|14914|590|1069|1072|442|1464|19551|
20170808|253 |1|2|64720|2797|2020|2169|2906|3838|78450|
20170808|254 |0|1|7292|401|813|922|546|177|10151|
20170808|254 |0|2|33182|1780|1356|960|3123|2194|42595|
20170808|254 |1|1|7373|418|775|901|525|803|10795|
20170808|254 |1|2|31558|1562|1226|784|2591|2090|39811|
20170808|651 |0|1|8887|145|288|187|64|193|9764|
20170808|651 |0|2|28964|616|979|277|387|1572|32795|
20170808|651 |1|1|9072|162|285|158|47|844|10568|
20170808|651 |1|2|30410|652|931|273|351|1683|34300|
20170808|685 |0|1|4035|370|916|949|922|101|7293|
20170808|685 |0|2|17728|1228|1267|790|2838|1095|24946|
20170808|685 |1|1|3937|362|770|827|580|403|6879|
20170808|685 |1|2|17897|1325|1226|833|2930|1119|25330|
20170809|101 |0|1|17504|427|736|626|189|329|19811|
20170809|101 |0|2|69147|2628|8172|1182|779|3304|85212|
20170809|101 |1|1|16499|517|873|792|213|1514|20408|
20170809|101 |1|2|66927|3001|8558|1573|1242|3277|84578|
20170809|190 |0|1|11549|503|1203|808|179|194|14436|
20170809|190 |0|2|46959|2916|2979|1559|1403|2225|58041|
20170809|190 |1|1|11914|528|882|993|243|1035|15595|
20170809|190 |1|2|44278|2810|2829|1762|1507|2101|55287|
20170809|253 |0|1|15574|551|1137|998|323|342|18925|
20170809|253 |0|2|70134|2925|2067|1991|2520|4235|83872|
20170809|253 |1|1|14749|566|1005|1099|477|1492|19388|
20170809|253 |1|2|65010|2874|2048|2190|2845|3961|78928|
20170809|254 |0|1|3733|332|771|902|641|97|6476|
20170809|254 |0|2|31368|1582|1207|828|2658|2083|39726|
20170809|254 |1|1|7430|398|716|850|462|803|10659|
20170809|254 |1|2|31995|1546|1215|775|2518|2035|40084|
20170809|651 |0|1|8749|143|269|212|70|169|9612|
20170809|651 |0|2|29099|623|1025|317|405|1575|33044|
20170809|651 |1|1|8731|151|282|188|40|740|10132|
20170809|651 |1|2|29333|667|1007|276|355|1613|33251|
20170809|685 |0|1|4219|362|933|1037|844|99|7494|
20170809|685 |0|2|18307|1286|1413|895|2894|1122|25917|
20170809|685 |1|1|3891|325|867|799|564|391|6837|
20170809|685 |1|2|17494|1307|1294|865|2934|1136|25030|
20170810|101 |0|1|17743|413|773|552|139|331|19951|
20170810|101 |0|2|69109|2569|8261|1125|808|3067|84939|
20170810|101 |1|1|16459|484|891|816|224|1500|20374|
20170810|101 |1|2|65883|3000|8716|1535|1050|3146|83330|
20170810|190 |0|1|11843|481|1167|884|206|161|14742|
20170810|190 |0|2|47439|2814|3045|1539|1343|2272|58452|
20170810|190 |1|1|11009|475|910|1006|259|986|14645|
20170810|190 |1|2|43769|2739|2909|1727|1407|2130|54681|
20170810|253 |0|1|14943|566|1161|967|295|353|18285|
20170810|253 |0|2|65258|2731|1999|1990|2213|3815|78006|
20170810|253 |1|1|14459|600|1078|1071|480|1489|19177|
20170810|253 |1|2|62368|2784|2023|2152|2711|3776|75814|
20170810|254 |0|1|5267|345|784|852|554|131|7933|
20170810|254 |0|2|32236|1712|1265|987|3033|2196|41429|
20170810|254 |1|1|7015|375|774|884|506|764|10318|
20170810|254 |1|2|31105|1523|1175|771|2517|2045|39136|
20170810|651 |0|1|8110|121|252|180|67|197|8927|
20170810|651 |0|2|28161|631|1046|292|363|1494|31987|
20170810|651 |1|1|7959|148|280|174|50|698|9309|
20170810|651 |1|2|27210|675|986|294|311|1576|31052|
20170810|685 |0|1|4343|370|911|912|893|118|7547|
20170810|685 |0|2|17179|1208|1281|779|2730|1003|24180|
20170810|685 |1|1|3733|373|774|802|618|410|6710|
20170810|685 |1|2|17163|1263|1280|833|2868|1079|24486|
20170811|101 |0|1|20043|445|793|610|146|323|22360|
20170811|101 |0|2|76889|2617|9106|1109|757|3483|93961|
20170811|101 |1|1|18486|508|935|792|229|1660|22610|
20170811|101 |1|2|73090|3041|9324|1590|1140|3546|91731|
20170811|190 |0|1|14275|490|1104|886|215|182|17152|
20170811|190 |0|2|57173|2910|3032|1512|1462|2618|68707|
20170811|190 |1|1|12546|497|875|978|294|1095|16285|
20170811|190 |1|2|47564|2894|2953|1758|1513|2313|58995|
20170811|253 |0|1|17322|575|1104|881|310|379|20571|
20170811|253 |0|2|75789|2826|2047|2033|2339|4232|89266|
20170811|253 |1|1|15798|587|1030|1063|457|1615|20550|
20170811|253 |1|2|67593|2830|2003|2144|2851|4061|81482|
20170811|254 |0|1|7617|402|760|885|596|194|10454|
20170811|254 |0|2|34907|1676|1300|966|2952|2320|44121|
20170811|254 |1|1|7570|395|787|874|521|783|10930|
20170811|254 |1|2|32906|1576|1260|847|2501|2160|41250|
20170811|651 |0|1|10918|125|264|198|52|215|11772|
20170811|651 |0|2|37815|616|1084|286|383|1885|42069|
20170811|651 |1|1|8421|142|288|174|36|765|9826|
20170811|651 |1|2|29706|681|1068|287|396|1636|33774|
20170811|685 |0|1|4704|376|918|937|798|101|7834|
20170811|685 |0|2|20026|1255|1350|795|2759|1206|27391|
20170811|685 |1|1|4143|369|834|792|600|434|7172|
20170811|685 |1|2|18783|1300|1278|862|2902|1179|26304|
20170812|101 |0|1|22562|271|474|362|111|261|24041|
20170812|101 |0|2|72587|1595|8310|605|509|2800|86406|
20170812|101 |1|1|20586|351|634|525|148|1738|23982|
20170812|101 |1|2|68944|2073|8215|1017|829|2842|83920|
20170812|190 |0|1|16562|235|545|377|130|139|17988|
20170812|190 |0|2|51935|1234|2022|565|737|1960|58453|
20170812|190 |1|1|13705|255|496|524|172|1173|16325|
20170812|190 |1|2|47638|1496|2430|1029|990|1953|55536|
20170812|253 |0|1|20966|341|570|477|229|319|22902|
20170812|253 |0|2|74169|1383|1067|879|1583|3624|82705|
20170812|253 |1|1|17462|337|602|615|301|1685|21002|
20170812|253 |1|2|64001|1541|1138|1158|2128|3398|73364|
20170812|254 |0|1|9549|213|388|417|292|171|11030|
20170812|254 |0|2|35400|870|1063|460|1621|2047|41461|
20170812|254 |1|1|8987|252|418|462|309|932|11360|
20170812|254 |1|2|33009|867|979|485|1398|1881|38619|
20170812|651 |0|1|13447|75|88|123|20|247|14000|
20170812|651 |0|2|38219|338|853|148|175|1604|41337|
20170812|651 |1|1|10201|111|141|75|12|894|11434|
20170812|651 |1|2|32111|401|957|113|175|1440|35197|
20170812|685 |0|1|6769|178|501|461|498|113|8520|
20170812|685 |0|2|21664|481|1064|357|1323|983|25872|
20170812|685 |1|1|5299|196|497|480|361|538|7371|
20170812|685 |1|2|19206|594|1119|427|1679|991|24016|
20170813|101 |0|1|21500|178|260|148|48|229|22363|
20170813|101 |0|2|68512|827|6900|297|187|2731|79454|
20170813|101 |1|1|20960|209|380|225|45|1734|23553|
20170813|101 |1|2|69243|815|7175|437|249|2777|80696|
20170813|190 |0|1|14661|146|344|164|57|130|15502|
20170813|190 |0|2|47161|773|2047|384|322|1804|52491|
20170813|190 |1|1|15426|155|221|323|71|1205|17401|
20170813|190 |1|2|50942|644|1871|562|344|1875|56238|
20170813|253 |0|1|18716|155|190|164|53|246|19524|
20170813|253 |0|2|64071|636|692|302|597|2989|69287|
20170813|253 |1|1|18755|127|176|178|79|1656|20971|
20170813|253 |1|2|62452|516|625|273|566|2807|67239|
20170813|254 |0|1|8764|79|127|147|50|134|9301|
20170813|254 |0|2|30254|330|769|164|272|1548|33337|
20170813|254 |1|1|9228|91|135|127|59|933|10573|
20170813|254 |1|2|30460|293|731|168|206|1578|33436|
20170813|651 |0|1|12253|47|117|53|19|202|12691|
20170813|651 |0|2|35936|183|1049|60|108|1550|38886|
20170813|651 |1|1|14037|59|90|80|12|1158|15436|
20170813|651 |1|2|41632|193|994|89|96|1808|44812|
20170813|685 |0|1|5727|55|118|110|85|74|6169|
20170813|685 |0|2|17904|208|1049|162|418|772|20513|
20170813|685 |1|1|5763|64|111|122|71|511|6642|
20170813|685 |1|2|19377|226|917|141|393|811|21865|
20170814|101 |0|1|18902|338|720|529|159|349|20997|
20170814|101 |0|2|71279|2341|7991|989|722|3366|86688|
20170814|101 |1|1|18681|412|752|587|166|1701|22299|
20170814|101 |1|2|69606|2632|8501|1179|950|3376|86244|
20170814|190 |0|1|13061|451|1005|823|183|189|15712|
20170814|190 |0|2|51646|2480|2733|1344|1285|2373|61861|
20170814|190 |1|1|13039|390|737|816|222|1084|16288|
20170814|190 |1|2|49413|2380|2696|1377|1313|2214|59393|
20170814|253 |0|1|16996|466|991|835|313|355|19956|
20170814|253 |0|2|70770|2345|1857|1684|2186|4041|82883|
20170814|253 |1|1|16209|472|898|827|459|1568|20433|
20170814|253 |1|2|66505|2424|1808|1692|2553|3753|78735|
20170814|254 |0|1|7657|346|714|820|656|166|10359|
20170814|254 |0|2|33163|1528|1190|792|2626|2259|41558|
20170814|254 |1|1|7915|339|690|680|461|856|10941|
20170814|254 |1|2|32768|1353|1107|634|2277|2075|40214|
20170814|651 |0|1|10532|105|207|141|52|205|11242|
20170814|651 |0|2|34168|594|963|247|490|1713|38175|
20170814|651 |1|1|11619|138|224|177|46|975|13179|
20170814|651 |1|2|38526|633|873|227|463|1958|42680|
20170814|685 |0|1|4837|337|891|876|849|115|7905|
20170814|685 |0|2|19072|1117|1335|692|2305|1119|25640|
20170814|685 |1|1|4284|303|728|654|486|418|6873|
20170814|685 |1|2|17825|1205|1134|681|2587|1115|24547|
20170815|101 |0|1|16442|271|553|351|88|201|17906|
20170815|101 |0|2|57305|1784|6867|727|420|2289|69392|
20170815|101 |1|1|16791|321|579|475|89|1316|19571|
20170815|101 |1|2|56686|1877|7260|1015|617|2265|69720|
20170815|190 |0|1|10207|235|670|436|109|93|11750|
20170815|190 |0|2|37094|1633|2394|814|696|1453|44084|
20170815|190 |1|1|11646|225|493|607|134|858|13963|
20170815|190 |1|2|41257|1530|2275|1048|764|1611|48485|
20170815|253 |0|1|13374|282|498|382|133|190|14859|
20170815|253 |0|2|51985|1282|1204|882|1234|2507|59094|
20170815|253 |1|1|14493|246|468|525|154|1287|17173|
20170815|253 |1|2|52581|1236|1174|956|1414|2505|59866|
20170815|254 |0|1|6526|144|342|370|178|117|7677|
20170815|254 |0|2|25922|781|912|462|1076|1440|30593|
20170815|254 |1|1|6939|171|305|360|184|677|8636|
20170815|254 |1|2|25745|721|856|452|882|1416|30072|
20170815|651 |0|1|7934|78|162|116|24|226|8540|
20170815|651 |0|2|26131|392|957|174|212|1173|29039|
20170815|651 |1|1|10096|101|143|103|14|781|11238|
20170815|651 |1|2|32161|430|918|169|168|1382|35228|
20170815|685 |0|1|3940|110|372|369|296|51|5138|
20170815|685 |0|2|14226|481|1248|403|1344|755|18457|
20170815|685 |1|1|4133|108|353|379|265|379|5617|
20170815|685 |1|2|15633|498|1097|409|1460|777|19874|
20170816|101 |0|1|18253|464|863|646|220|377|20823|
20170816|101 |0|2|71927|2468|8130|1035|569|3527|87656|
20170816|101 |1|1|16292|478|845|705|208|1617|20145|
20170816|101 |1|2|69824|2889|8456|1353|864|3571|86957|
20170816|190 |0|1|11215|439|1148|901|225|151|14079|
20170816|190 |0|2|47282|2911|2847|1636|1184|2351|58211|
20170816|190 |1|1|10422|451|815|760|272|952|13672|
20170816|190 |1|2|42495|2749|2718|1453|1248|2138|52801|
20170816|253 |0|1|14929|564|1152|954|275|376|18250|
20170816|253 |0|2|70591|2787|1997|1995|2083|4202|83655|
20170816|253 |1|1|13942|581|1024|992|441|1498|18478|
20170816|253 |1|2|63582|2839|2061|1959|2366|3851|76658|
20170816|254 |0|1|7342|423|894|978|604|215|10456|
20170816|254 |0|2|34806|1857|1508|1053|3381|2489|45094|
20170816|254 |1|1|7380|457|822|921|680|842|11102|
20170816|254 |1|2|31723|1519|1144|690|2408|2190|39674|
20170816|651 |0|1|7762|113|256|129|48|167|8475|
20170816|651 |0|2|26927|589|954|275|350|1561|30656|
20170816|651 |1|1|7646|154|285|172|40|763|9060|
20170816|651 |1|2|28249|648|953|255|336|1644|32085|
20170816|685 |0|1|4208|333|948|906|836|108|7339|
20170816|685 |0|2|16568|1192|1217|818|2532|1026|23353|
20170816|685 |1|1|3731|368|821|792|483|390|6585|
20170816|685 |1|2|17331|1292|1339|809|2653|1159|24583|
20170817|101 |0|1|17000|401|810|637|163|339|19350|
20170817|101 |0|2|69745|2663|8187|1242|709|3383|85929|
20170817|101 |1|1|16097|494|905|872|217|1435|20020|
20170817|101 |1|2|67829|3084|8611|1692|1155|3525|85896|
20170817|190 |0|1|10643|435|1225|977|230|152|13662|
20170817|190 |0|2|46183|3025|3022|1709|1268|2253|57460|
20170817|190 |1|1|10237|489|947|1006|281|948|13908|
20170817|190 |1|2|42546|2859|2890|1938|1374|2236|53843|
20170817|253 |0|1|14855|580|1250|987|297|350|18319|
20170817|253 |0|2|69124|2855|2072|2141|2240|4135|82567|
20170817|253 |1|1|13885|580|1105|1135|438|1460|18603|
20170817|253 |1|2|64211|2987|2097|2259|2591|3895|78040|
20170817|254 |0|1|7054|384|804|965|610|201|10018|
20170817|254 |0|2|33140|1858|1383|1092|3126|2312|42911|
20170817|254 |1|1|7016|393|780|915|515|843|10462|
20170817|254 |1|2|31619|1589|1227|904|2594|2179|40112|
20170817|651 |0|1|7329|148|232|183|50|164|8106|
20170817|651 |0|2|26717|649|1029|303|376|1520|30594|
20170817|651 |1|1|7187|165|272|183|43|666|8516|
20170817|651 |1|2|26646|684|997|290|351|1573|30541|
20170817|685 |0|1|4023|374|1016|1068|1039|109|7629|
20170817|685 |0|2|17613|1291|1340|789|2922|1101|25056|
20170817|685 |1|1|3662|362|853|885|591|395|6748|
20170817|685 |1|2|17308|1350|1322|948|3142|1113|25183|
20170818|101 |0|1|18908|434|876|633|170|336|21357|
20170818|101 |0|2|75299|2677|8948|1189|783|3541|92437|
20170818|101 |1|1|18030|492|965|937|233|1613|22270|
20170818|101 |1|2|73886|3131|9355|1681|1201|3625|92879|
20170818|190 |0|1|12125|515|1136|891|238|183|15088|
20170818|190 |0|2|51439|2858|3038|1513|1442|2470|62760|
20170818|190 |1|1|11135|531|948|975|324|949|14862|
20170818|190 |1|2|46228|2839|2842|1739|1594|2323|57565|
20170818|253 |0|1|16290|631|1193|948|364|405|19831|
20170818|253 |0|2|74575|2846|2048|2086|2673|4300|88528|
20170818|253 |1|1|15394|626|1045|1141|510|1612|20328|
20170818|253 |1|2|69562|2906|2090|2179|3073|4139|83949|
20170818|254 |0|1|7091|439|794|893|589|188|9994|
20170818|254 |0|2|34061|1758|1331|971|3343|2297|43761|
20170818|254 |1|1|7510|447|752|897|490|841|10937|
20170818|254 |1|2|33113|1589|1166|900|2878|2189|41835|
20170818|651 |0|1|9456|151|267|179|54|172|10279|
20170818|651 |0|2|34235|668|1045|307|483|1793|38531|
20170818|651 |1|1|7579|159|336|174|33|718|8999|
20170818|651 |1|2|28145|680|1033|297|430|1596|32181|
20170818|685 |0|1|4612|375|1007|1063|1018|121|8196|
20170818|685 |0|2|20567|1279|1400|862|2908|1271|28287|
20170818|685 |1|1|4369|356|869|852|600|482|7528|
20170818|685 |1|2|20191|1399|1306|962|3215|1331|28404|
20170819|101 |0|1|21677|308|545|308|118|271|23227|
20170819|101 |0|2|74488|1663|8286|667|577|2852|88533|
20170819|101 |1|1|20215|363|654|540|179|1763|23714|
20170819|101 |1|2|70524|2116|8441|1116|873|2957|86027|
20170819|190 |0|1|15046|286|624|407|127|159|16649|
20170819|190 |0|2|54243|1501|2378|620|997|2102|61841|
20170819|190 |1|1|13122|292|473|568|175|1157|15787|
20170819|190 |1|2|48654|1594|2394|1054|1173|2016|56885|
20170819|253 |0|1|19387|328|593|461|214|312|21295|
20170819|253 |0|2|72176|1376|1009|711|1671|3573|80516|
20170819|253 |1|1|17486|305|557|641|276|1658|20923|
20170819|253 |1|2|66053|1480|1069|1033|2158|3273|75066|
20170819|254 |0|1|8713|223|380|435|302|180|10233|
20170819|254 |0|2|34736|875|979|483|1759|1928|40760|
20170819|254 |1|1|9180|234|447|518|279|971|11629|
20170819|254 |1|2|34060|883|982|572|1456|1922|39875|
20170819|651 |0|1|12958|93|106|111|21|245|13534|
20170819|651 |0|2|41549|390|1008|178|279|1819|45223|
20170819|651 |1|1|9572|112|169|91|14|772|10730|
20170819|651 |1|2|33866|429|1070|135|212|1578|37290|
20170819|685 |0|1|6263|165|479|464|374|115|7860|
20170819|685 |0|2|21726|590|1239|423|1770|1066|26814|
20170819|685 |1|1|5152|170|492|507|301|514|7136|
20170819|685 |1|2|19677|601|1106|499|2053|1032|24968|
20170820|101 |0|1|18000|158|232|127|33|212|18762|
20170820|101 |0|2|60044|807|7057|312|179|2449|70848|
20170820|101 |1|1|18332|192|390|234|41|1494|20683|
20170820|101 |1|2|60562|855|7460|469|211|2482|72039|
20170820|190 |0|1|11131|139|279|155|28|99|11831|
20170820|190 |0|2|38203|707|2118|407|195|1573|43203|
20170820|190 |1|1|12704|167|183|284|47|942|14327|
20170820|190 |1|2|44941|629|1995|576|183|1637|49961|
20170820|253 |0|1|15184|132|195|154|48|225|15938|
20170820|253 |0|2|55938|629|661|326|349|2780|60683|
20170820|253 |1|1|16221|136|174|189|48|1442|18210|
20170820|253 |1|2|55857|534|651|296|336|2635|60309|
20170820|254 |0|1|7257|70|127|115|62|126|7757|
20170820|254 |0|2|27362|344|736|190|270|1423|30325|
20170820|254 |1|1|8201|80|123|142|54|827|9427|
20170820|254 |1|2|27480|283|720|178|221|1422|30304|
20170820|651 |0|1|7578|44|112|48|16|184|7982|
20170820|651 |0|2|24242|185|1150|69|61|1218|26925|
20170820|651 |1|1|10931|50|97|64|10|879|12031|
20170820|651 |1|2|35062|205|1039|82|50|1552|37990|
20170820|685 |0|1|4589|56|127|118|69|66|5025|
20170820|685 |0|2|15662|201|1037|182|400|744|18226|
20170820|685 |1|1|5166|48|108|131|63|451|5967|
20170820|685 |1|2|17209|223|971|143|314|756|19616|
20170821|101 |0|1|17060|390|789|555|160|354|19308|
20170821|101 |0|2|69698|2408|8079|1122|690|3357|85354|
20170821|101 |1|1|15157|451|817|690|201|1459|18775|
20170821|101 |1|2|64533|2764|8451|1285|984|3319|81336|
20170821|190 |0|1|11009|407|1046|798|189|167|13616|
20170821|190 |0|2|46513|2805|2848|1556|1174|2302|57198|
20170821|190 |1|1|9734|457|791|737|204|878|12801|
20170821|190 |1|2|40817|2596|2731|1421|1144|2133|50842|
20170821|253 |0|1|15098|529|1114|869|295|331|18236|
20170821|253 |0|2|69590|2607|1866|1963|1921|4230|82177|
20170821|253 |1|1|13286|552|919|869|393|1394|17413|
20170821|253 |1|2|61623|2597|1934|1880|2184|3939|74157|
20170821|254 |0|1|7069|390|777|853|561|194|9844|
20170821|254 |0|2|33828|1726|1321|1018|2912|2414|43219|
20170821|254 |1|1|7107|377|693|731|478|802|10188|
20170821|254 |1|2|30997|1523|1147|678|2299|2159|38803|
20170821|651 |0|1|7439|121|234|131|43|175|8143|
20170821|651 |0|2|25182|629|953|264|327|1589|28944|
20170821|651 |1|1|7055|155|276|158|39|695|8378|
20170821|651 |1|2|25647|662|938|286|341|1639|29513|
20170821|685 |0|1|4409|326|956|905|883|106|7585|
20170821|685 |0|2|18430|1243|1314|793|2596|1064|25440|
20170821|685 |1|1|3778|343|779|725|553|369|6547|
20170821|685 |1|2|17676|1300|1340|783|2673|1172|24944|
20170822|101 |0|1|17145|463|805|688|188|325|19614|
20170822|101 |0|2|70834|2762|8445|1287|855|3381|87564|
20170822|101 |1|1|16421|525|896|914|254|1520|20530|
20170822|101 |1|2|68922|3174|8769|1698|1311|3470|87344|
20170822|190 |0|1|10594|502|1280|944|231|167|13718|
20170822|190 |0|2|46084|3072|2986|1643|1441|2286|57512|
20170822|190 |1|1|9858|557|1001|1117|313|937|13783|
20170822|190 |1|2|43018|2991|2867|1904|1535|2232|54547|
20170822|253 |0|1|14477|603|1274|1012|378|355|18099|
20170822|253 |0|2|68687|2888|1931|1979|2851|4110|82446|
20170822|253 |1|1|13687|633|1094|1153|496|1479|18542|
20170822|253 |1|2|64568|2947|1950|2160|3272|3946|78843|
20170822|254 |0|1|7084|387|881|1037|768|199|10356|
20170822|254 |0|2|33834|1817|1331|1002|3180|2302|43466|
20170822|254 |1|1|6958|426|812|956|566|835|10553|
20170822|254 |1|2|31511|1611|1218|882|2813|2137|40172|
20170822|651 |0|1|7488|141|289|189|50|153|8310|
20170822|651 |0|2|26365|651|1021|295|355|1642|30329|
20170822|651 |1|1|7200|169|280|167|35|727|8578|
20170822|651 |1|2|26840|685|1028|298|328|1686|30865|
20170822|685 |0|1|3970|441|1074|1092|1138|103|7818|
20170822|685 |0|2|17810|1313|1380|816|2940|1122|25381|
20170822|685 |1|1|3665|374|893|895|637|360|6824|
20170822|685 |1|2|17385|1401|1376|886|3324|1094|25466|
20170823|101 |0|1|15688|453|731|585|178|303|17938|
20170823|101 |0|2|66158|2468|8118|1125|735|3215|81819|
20170823|101 |1|1|14813|500|824|808|251|1412|18608|
20170823|101 |1|2|63839|2890|8475|1589|1033|3206|81032|
20170823|190 |0|1|9679|457|1157|805|250|146|12494|
20170823|190 |0|2|42272|2819|2893|1523|1348|2160|53015|
20170823|190 |1|1|9379|433|911|964|283|872|12842|
20170823|190 |1|2|40935|2759|2751|1728|1517|2142|51832|
20170823|253 |0|1|13598|547|1142|970|331|331|16919|
20170823|253 |0|2|65011|2720|2014|1988|2215|4099|78047|
20170823|253 |1|1|13241|637|1056|1059|463|1392|17848|
20170823|253 |1|2|62230|2729|2072|2152|2628|4001|75812|
20170823|254 |0|1|6480|400|769|888|522|199|9258|
20170823|254 |0|2|32016|1720|1300|974|2998|2283|41291|
20170823|254 |1|1|6939|393|769|830|499|827|10257|
20170823|254 |1|2|30984|1499|1229|889|2629|2142|39372|
20170823|651 |0|1|6277|140|247|152|62|160|7038|
20170823|651 |0|2|23186|606|990|289|383|1395|26849|
20170823|651 |1|1|6729|178|299|225|112|685|8228|
20170823|651 |1|2|24500|622|935|227|265|1568|28117|
20170823|685 |0|1|3592|322|997|955|920|107|6893|
20170823|685 |0|2|16421|1144|1367|849|2870|1066|23717|
20170823|685 |1|1|3568|293|796|827|577|366|6427|
20170823|685 |1|2|16978|1289|1272|835|2931|1147|24452|
20170824|101 |0|1|15323|382|755|564|162|301|17487|
20170824|101 |0|2|62837|2508|8071|1058|647|3041|78162|
20170824|101 |1|1|14755|469|797|790|196|1306|18313|
20170824|101 |1|2|62765|2866|8492|1460|929|3190|79702|
20170824|190 |0|1|9273|411|1035|734|154|134|11741|
20170824|190 |0|2|42061|2707|2918|1512|1228|2076|52502|
20170824|190 |1|1|9311|446|839|910|237|815|12558|
20170824|190 |1|2|41397|2745|2844|1698|1256|2107|52047|
20170824|253 |0|1|13458|488|1105|879|330|313|16573|
20170824|253 |0|2|65456|2626|2028|2015|1925|4007|78057|
20170824|253 |1|1|12381|509|997|1004|410|1272|16573|
20170824|253 |1|2|60374|2590|2038|2090|2122|3737|72951|
20170824|254 |0|1|6268|357|740|838|508|172|8883|
20170824|254 |0|2|31462|1618|1358|973|2847|2229|40487|
20170824|254 |1|1|6633|381|750|875|504|745|9888|
20170824|254 |1|2|30988|1495|1220|813|2661|2150|39327|
20170824|651 |0|1|6061|112|227|143|57|133|6733|
20170824|651 |0|2|22723|605|933|244|316|1429|26250|
20170824|651 |1|1|5907|167|321|257|149|606|7407|
20170824|651 |1|2|22185|585|851|155|191|1431|25398|
20170824|685 |0|1|3683|321|898|928|835|114|6779|
20170824|685 |0|2|16987|1157|1389|811|2678|1107|24129|
20170824|685 |1|1|3431|303|755|759|567|342|6157|
20170824|685 |1|2|16419|1230|1302|853|2679|1150|23633|
20170825|101 |0|1|18495|434|794|603|163|322|20811|
20170825|101 |0|2|74235|2625|9013|1100|793|3483|91249|
20170825|101 |1|1|17824|565|934|869|262|1645|22099|
20170825|101 |1|2|73652|3220|9422|1661|1095|3623|92673|
20170825|190 |0|1|12505|511|1221|840|193|185|15455|
20170825|190 |0|2|53879|2987|3072|1575|1410|2509|65432|
20170825|190 |1|1|11222|516|942|962|292|1068|15002|
20170825|190 |1|2|48093|2923|2912|1741|1478|2427|59574|
20170825|253 |0|1|16111|570|1183|982|338|405|19589|
20170825|253 |0|2|75204|2955|2092|2037|2208|4342|88838|
20170825|253 |1|1|15033|661|1115|1203|477|1612|20101|
20170825|253 |1|2|69441|2962|2126|2169|2688|4207|83593|
20170825|254 |0|1|7222|407|853|925|609|192|10208|
20170825|254 |0|2|35033|1831|1419|1007|3499|2364|45153|
20170825|254 |1|1|7530|429|771|896|539|845|11010|
20170825|254 |1|2|33888|1640|1245|874|2872|2265|42784|
20170825|651 |0|1|9684|169|287|213|74|182|10609|
20170825|651 |0|2|35411|663|1099|297|372|1813|39655|
20170825|651 |1|1|7284|214|422|254|165|705|9044|
20170825|651 |1|2|26861|678|1005|210|221|1606|30581|
20170825|685 |0|1|4559|376|946|949|830|118|7778|
20170825|685 |0|2|19763|1279|1312|819|2737|1229|27139|
20170825|685 |1|1|4249|341|922|838|532|434|7316|
20170825|685 |1|2|19577|1407|1290|938|2954|1273|27439|
20170826|101 |0|1|22687|312|483|381|141|292|24296|
20170826|101 |0|2|76731|1667|8640|646|578|2913|91175|
20170826|101 |1|1|20276|413|696|562|165|1742|23854|
20170826|101 |1|2|69391|2120|8676|1040|890|2856|84973|
20170826|190 |0|1|16259|244|612|392|123|150|17780|
20170826|190 |0|2|55533|1422|2313|624|974|2063|62929|
20170826|190 |1|1|13990|272|505|520|159|1160|16606|
20170826|190 |1|2|51509|1572|2431|1042|1131|2067|59752|
20170826|253 |0|1|20335|338|587|521|218|313|22312|
20170826|253 |0|2|75343|1470|1241|871|1719|3660|84304|
20170826|253 |1|1|18176|339|598|675|292|1781|21861|
20170826|253 |1|2|68665|1583|1272|1136|2144|3619|78419|
20170826|254 |0|1|9394|224|391|432|293|168|10902|
20170826|254 |0|2|37023|848|982|466|1778|2031|43128|
20170826|254 |1|1|9377|269|416|477|279|990|11808|
20170826|254 |1|2|35170|805|987|532|1568|1939|41001|
20170826|651 |0|1|12991|103|142|152|54|201|13643|
20170826|651 |0|2|41513|412|970|160|193|1863|45111|
20170826|651 |1|1|9350|122|193|93|19|815|10592|
20170826|651 |1|2|33798|454|1045|128|210|1616|37251|
20170826|685 |0|1|6730|176|492|469|401|122|8390|
20170826|685 |0|2|22423|572|1150|437|1727|1007|27316|
20170826|685 |1|1|5777|181|454|552|292|535|7791|
20170826|685 |1|2|20619|705|1072|509|2183|1058|26146|
20170827|101 |0|1|21286|172|234|143|46|249|22130|
20170827|101 |0|2|71121|818|7091|314|215|2886|82445|
20170827|101 |1|1|21631|226|494|233|46|1745|24375|
20170827|101 |1|2|72791|852|7534|473|245|2887|84782|
20170827|190 |0|1|13777|137|348|195|48|123|14628|
20170827|190 |0|2|47810|808|2110|439|371|1925|53463|
20170827|190 |1|1|14706|159|215|319|54|1114|16567|
20170827|190 |1|2|51389|681|1879|548|341|1841|56679|
20170827|253 |0|1|19158|160|246|182|71|261|20078|
20170827|253 |0|2|67980|639|706|327|948|3204|73804|
20170827|253 |1|1|19278|137|200|232|97|1680|21624|
20170827|253 |1|2|66266|528|708|304|825|2877|71508|
20170827|254 |0|1|9322|81|149|151|76|146|9925|
20170827|254 |0|2|33414|359|757|192|333|1835|36890|
20170827|254 |1|1|9804|81|126|115|60|966|11152|
20170827|254 |1|2|32675|339|734|170|298|1702|35918|
20170827|651 |0|1|9997|58|111|46|9|205|10426|
20170827|651 |0|2|32357|214|1078|65|107|1416|35237|
20170827|651 |1|1|12333|80|97|106|16|1100|13732|
20170827|651 |1|2|40584|242|967|85|76|1736|43690|
20170827|685 |0|1|6183|65|160|135|80|94|6717|
20170827|685 |0|2|19657|261|1044|165|449|924|22500|
20170827|685 |1|1|6238|76|135|154|70|556|7229|
20170827|685 |1|2|21233|246|907|176|422|883|23867|
20170828|101 |0|1|17388|481|763|559|193|345|19729|
20170828|101 |0|2|71123|2536|8392|1195|892|3547|87685|
20170828|101 |1|1|16042|519|893|702|176|1574|19906|
20170828|101 |1|2|68585|2924|8771|1391|1131|3583|86385|
20170828|190 |0|1|11139|499|1312|961|181|154|14246|
20170828|190 |0|2|48388|2867|3036|1747|1535|2377|59950|
20170828|190 |1|1|10309|449|857|885|237|974|13711|
20170828|190 |1|2|41850|2734|2937|1560|1527|2177|52785|
20170828|253 |0|1|14856|521|1194|956|327|397|18251|
20170828|253 |0|2|70539|2726|1937|1848|2233|4262|83545|
20170828|253 |1|1|13926|584|1040|1007|416|1569|18542|
20170828|253 |1|2|64411|2792|1979|1826|2669|4008|77685|
20170828|254 |0|1|6964|403|758|938|560|196|9819|
20170828|254 |0|2|33866|1734|1375|1011|3189|2355|43530|
20170828|254 |1|1|6589|386|612|736|469|756|9548|
20170828|254 |1|2|29796|1435|1118|698|2579|1994|37620|
20170828|651 |0|1|6912|120|238|153|45|167|7635|
20170828|651 |0|2|24818|625|946|282|365|1551|28587|
20170828|651 |1|1|7432|163|301|202|59|701|8858|
20170828|651 |1|2|27326|631|890|253|312|1765|31177|
20170828|685 |0|1|5239|375|1075|991|999|113|8792|
20170828|685 |0|2|17313|1149|1262|827|2680|1060|24291|
20170828|685 |1|1|3682|364|800|759|621|342|6568|
20170828|685 |1|2|16937|1275|1339|799|2920|1084|24354|
20170829|101 |0|1|17261|562|863|690|239|320|19935|
20170829|101 |0|2|69174|2712|8483|1267|901|3404|85941|
20170829|101 |1|1|15756|562|978|947|283|1471|19997|
20170829|101 |1|2|67481|3167|8988|1817|1333|3458|86244|
20170829|190 |0|1|10263|541|1373|937|257|149|13520|
20170829|190 |0|2|42202|2944|2947|1723|1353|2049|53218|
20170829|190 |1|1|9747|507|956|1110|271|874|13465|
20170829|190 |1|2|42758|2969|3052|1955|1654|2129|54517|
20170829|253 |0|1|14336|596|1288|1029|364|368|17981|
20170829|253 |0|2|68692|2946|2172|2219|2471|4207|82707|
20170829|253 |1|1|13141|635|1137|1221|473|1492|18099|
20170829|253 |1|2|63102|2942|2146|2322|2912|3925|77349|
20170829|254 |0|1|6954|380|797|964|589|202|9886|
20170829|254 |0|2|33683|1711|1446|1071|3480|2351|43742|
20170829|254 |1|1|6789|446|710|855|537|759|10096|
20170829|254 |1|2|31172|1557|1326|922|2954|2162|40093|
20170829|651 |0|1|6505|129|274|209|52|156|7325|
20170829|651 |0|2|24641|654|988|328|395|1474|28480|
20170829|651 |1|1|6574|153|288|196|43|651|7905|
20170829|651 |1|2|25357|659|954|285|380|1589|29224|
20170829|685 |0|1|3714|408|1113|1138|1232|96|7701|
20170829|685 |0|2|17497|1309|1358|865|2784|1068|24881|
20170829|685 |1|1|3478|352|869|849|619|342|6509|
20170829|685 |1|2|16993|1341|1289|915|3239|1141|24918|
20170830|101 |0|1|16995|493|897|700|210|359|19654|
20170830|101 |0|2|71200|2802|8633|1292|1085|3434|88446|
20170830|101 |1|1|16070|583|967|977|279|1548|20424|
20170830|101 |1|2|68368|3289|8998|1904|1542|3436|87537|
20170830|190 |0|1|10454|525|1319|943|248|142|13631|
20170830|190 |0|2|39292|2864|2916|1630|1504|1894|50100|
20170830|190 |1|1|10116|577|994|1076|324|929|14016|
20170830|190 |1|2|43373|3024|3044|1948|1769|2124|55282|
20170830|253 |0|1|14780|635|1339|1014|378|370|18516|
20170830|253 |0|2|70297|3014|2193|2143|2706|4202|84555|
20170830|253 |1|1|13865|662|1154|1235|485|1430|18831|
20170830|253 |1|2|64856|2993|2188|2280|3106|3974|79397|
20170830|254 |0|1|6865|445|833|974|591|192|9900|
20170830|254 |0|2|33645|1814|1398|1123|3445|2375|43800|
20170830|254 |1|1|6854|445|705|924|587|759|10274|
20170830|254 |1|2|31202|1593|1244|964|2730|2101|39834|
20170830|651 |0|1|6551|134|271|181|68|152|7357|
20170830|651 |0|2|25019|707|1046|333|580|1432|29117|
20170830|651 |1|1|6395|163|289|169|63|619|7698|
20170830|651 |1|2|25443|719|971|305|529|1541|29508|
20170830|685 |0|1|3834|398|1010|1152|1169|104|7667|
20170830|685 |0|2|17574|1254|1450|893|3036|1121|25328|
20170830|685 |1|1|3575|364|888|858|674|375|6734|
20170830|685 |1|2|17458|1421|1390|1013|3514|1138|25934|
20170831|101 |0|1|17027|473|865|655|234|326|19580|
20170831|101 |0|2|71396|2823|8542|1279|1004|3506|88550|
20170831|101 |1|1|16255|602|944|978|286|1574|20639|
20170831|101 |1|2|70268|3228|8955|1797|1349|3511|89108|
20170831|190 |0|1|10040|494|1328|915|230|157|13164|
20170831|190 |0|2|44308|3075|3137|1699|1648|2242|56109|
20170831|190 |1|1|9836|536|928|1107|327|871|13605|
20170831|190 |1|2|42558|2990|3038|1970|1788|2210|54554|
20170831|253 |0|1|14700|600|1302|1043|364|373|18382|
20170831|253 |0|2|69386|2909|2189|2236|2521|4138|83379|
20170831|253 |1|1|13828|636|1152|1242|481|1503|18842|
20170831|253 |1|2|64902|3016|2213|2380|3090|3995|79596|
20170831|254 |0|1|6782|378|796|932|573|185|9646|
20170831|254 |0|2|32703|1767|1410|1049|3203|2350|42482|
20170831|254 |1|1|6923|422|729|891|523|786|10274|
20170831|254 |1|2|31398|1569|1294|883|2760|2131|40035|
