20150801|101 |0|1|35290|567|914|581|378|509|38239|
20150801|101 |0|2|70302|1121|7537|0|0|2678|81638|
20150801|101 |1|1|30825|798|1290|1397|732|2232|37274|
20150801|101 |1|2|67912|1762|7427|0|0|2745|79846|
20150801|190 |0|1|24448|546|1008|709|470|345|27526|
20150801|190 |0|2|48048|983|1487|0|0|1798|52316|
20150801|190 |1|1|20195|588|1049|1190|691|1471|25184|
20150801|190 |1|2|43562|1142|1816|0|0|1698|48218|
20150801|253 |0|1|32192|617|865|833|1038|578|36123|
20150801|253 |0|2|67506|983|340|0|0|3321|72150|
20150801|253 |1|1|26295|705|1061|1266|1798|2305|33430|
20150801|253 |1|2|60137|1246|460|0|0|3072|64915|
20150801|254 |0|1|14913|424|676|665|1741|343|18762|
20150801|254 |0|2|31990|622|785|0|0|1799|35196|
20150801|254 |1|1|13913|506|759|899|1428|1365|18870|
20150801|254 |1|2|30187|634|726|0|0|1786|33333|
20150801|651 |0|1|20756|128|394|214|114|413|22019|
20150801|651 |0|2|26004|158|324|0|0|1213|27699|
20150801|651 |1|1|14996|197|247|215|111|1148|16914|
20150801|651 |1|2|26206|212|727|0|0|1090|28235|
20150801|685 |0|1|12096|250|622|592|1196|184|14940|
20150801|685 |0|2|15619|175|474|0|0|702|16970|
20150801|685 |1|1|6870|227|499|649|1379|562|10186|
20150801|685 |1|2|15548|279|822|0|1|814|17464|
20150802|101 |0|1|28732|332|615|369|169|389|30606|
20150802|101 |0|2|61600|763|6568|0|0|2507|71438|
20150802|101 |1|1|30611|378|740|566|204|2138|34637|
20150802|101 |1|2|63620|776|7100|0|0|2381|73877|
20150802|190 |0|1|19089|340|657|393|182|265|20926|
20150802|190 |0|2|38662|609|1667|0|0|1487|42425|
20150802|190 |1|1|22325|327|585|871|171|1556|25835|
20150802|190 |1|2|45617|585|1591|0|0|1626|49419|
20150802|253 |0|1|28209|359|489|373|325|516|30271|
20150802|253 |0|2|61234|573|408|0|0|2957|65172|
20150802|253 |1|1|28429|316|432|392|353|2254|32176|
20150802|253 |1|2|59889|513|393|0|0|2698|63493|
20150802|254 |0|1|12602|191|237|254|294|284|13862|
20150802|254 |0|2|25738|313|602|0|0|1343|27996|
20150802|254 |1|1|13223|176|247|264|255|1258|15423|
20150802|254 |1|2|26588|237|675|0|0|1407|28907|
20150802|651 |0|1|15348|72|164|97|45|343|16069|
20150802|651 |0|2|28548|101|766|0|0|1203|30618|
20150802|651 |1|1|17892|109|121|160|37|1412|19731|
20150802|651 |1|2|33246|129|811|0|0|1424|35610|
20150802|685 |0|1|6935|93|219|235|386|128|7996|
20150802|685 |0|2|14448|125|917|0|0|638|16128|
20150802|685 |1|1|8311|92|221|179|352|646|9801|
20150802|685 |1|2|18159|136|833|0|0|767|19895|
20150803|101 |0|1|28428|877|1588|1266|610|530|33299|
20150803|101 |0|2|68912|1870|7331|0|1|3223|81337|
20150803|101 |1|1|30403|1003|1569|1466|819|2354|37614|
20150803|101 |1|2|71446|2226|7630|0|1|3244|84547|
20150803|190 |0|1|18707|994|1865|1737|960|368|24631|
20150803|190 |0|2|44198|1803|1913|0|0|2079|49993|
20150803|190 |1|1|20493|912|1464|1792|995|1532|27188|
20150803|190 |1|2|44877|1709|1817|0|1|2053|50457|
20150803|253 |0|1|27142|1053|1694|1752|1743|599|33983|
20150803|253 |0|2|68749|1756|507|1|1|3879|74893|
20150803|253 |1|1|27298|1030|1508|1496|2432|2429|36193|
20150803|253 |1|2|67080|1782|472|0|0|3653|72987|
20150803|254 |0|1|11921|657|924|1261|2762|340|17865|
20150803|254 |0|2|29725|971|658|0|0|1956|33310|
20150803|254 |1|1|13601|612|940|1088|1960|1314|19515|
20150803|254 |1|2|30724|835|653|0|0|2045|34257|
20150803|651 |0|1|14851|228|411|294|269|305|16358|
20150803|651 |0|2|27374|325|723|0|0|1398|29820|
20150803|651 |1|1|16830|262|345|375|237|1284|19333|
20150803|651 |1|2|33394|427|747|0|0|1629|36197|
20150803|685 |0|1|6508|385|810|1082|2127|154|11066|
20150803|685 |0|2|16558|494|866|0|0|892|18810|
20150803|685 |1|1|7120|374|706|904|2020|576|11700|
20150803|685 |1|2|18041|528|834|0|0|931|20334|
20150804|101 |0|1|26103|953|1718|1374|647|539|31334|
20150804|101 |0|2|67143|2040|7051|0|2|2942|79178|
20150804|101 |1|1|27660|1122|1748|1913|1045|2215|35703|
20150804|101 |1|2|69393|2419|7321|1|2|3068|82204|
20150804|190 |0|1|16006|968|2068|1739|999|307|22087|
20150804|190 |0|2|40808|2037|1820|0|2|1873|46540|
20150804|190 |1|1|18862|982|1740|2227|1175|1476|26462|
20150804|190 |1|2|44698|1936|1797|1|2|1988|50422|
20150804|253 |0|1|23742|1179|1933|1944|1679|630|31107|
20150804|253 |0|2|66262|1974|458|0|0|3894|72588|
20150804|253 |1|1|24640|1156|1705|1983|2338|2239|34061|
20150804|253 |1|2|64493|1923|422|0|0|3685|70523|
20150804|254 |0|1|10718|742|1040|1341|2953|328|17122|
20150804|254 |0|2|28705|1012|657|0|0|2071|32445|
20150804|254 |1|1|12735|629|1092|1265|2323|1200|19244|
20150804|254 |1|2|30597|944|621|0|0|2040|34202|
20150804|651 |0|1|12546|256|370|352|311|294|14129|
20150804|651 |0|2|26320|401|757|0|0|1316|28794|
20150804|651 |1|1|14787|265|342|380|259|1182|17215|
20150804|651 |1|2|30380|422|732|1|0|1497|33032|
20150804|685 |0|1|5570|433|868|1141|2665|117|10794|
20150804|685 |0|2|14972|521|832|0|0|848|17173|
20150804|685 |1|1|6310|425|863|993|2510|522|11623|
20150804|685 |1|2|17059|515|790|0|0|950|19314|
20150805|101 |0|1|25789|937|1758|1379|615|514|30992|
20150805|101 |0|2|67950|2048|7098|0|1|3067|80164|
20150805|101 |1|1|25306|1101|1876|1885|1049|2141|33358|
20150805|101 |1|2|65680|2488|7350|1|1|3092|78612|
20150805|190 |0|1|16459|1100|2148|1833|1139|331|23010|
20150805|190 |0|2|42207|2121|1878|0|0|2008|48214|
20150805|190 |1|1|17356|1113|1845|2278|1311|1399|25302|
20150805|190 |1|2|43290|2077|1908|1|0|2068|49344|
20150805|253 |0|1|23516|1186|1928|1889|1856|567|30942|
20150805|253 |0|2|68270|2138|466|0|0|4095|74969|
20150805|253 |1|1|22571|1227|1825|1992|2534|2156|32305|
20150805|253 |1|2|63641|2136|491|0|0|3895|70163|
20150805|254 |0|1|10821|789|1039|1348|3124|360|17481|
20150805|254 |0|2|29902|1103|627|0|0|2071|33703|
20150805|254 |1|1|11625|748|1061|1277|2440|1226|18377|
20150805|254 |1|2|29941|982|644|0|0|1985|33552|
20150805|651 |0|1|11973|266|392|384|306|293|13614|
20150805|651 |0|2|26421|440|777|0|0|1278|28916|
20150805|651 |1|1|12871|316|393|369|302|982|15233|
20150805|651 |1|2|28592|506|828|1|0|1394|31321|
20150805|685 |0|1|5564|503|984|1153|2820|140|11164|
20150805|685 |0|2|16140|655|887|1|0|902|18585|
20150805|685 |1|1|5809|465|1014|1072|2539|516|11415|
20150805|685 |1|2|16823|699|823|0|0|988|19333|
20150806|101 |0|1|26643|1006|1831|1450|734|482|32146|
20150806|101 |0|2|68815|2203|7160|1|0|3087|81266|
20150806|101 |1|1|23632|1147|1868|1981|1182|1902|31712|
20150806|101 |1|2|63386|2491|7381|0|1|3019|76278|
20150806|190 |0|1|12895|1169|2371|1941|1261|270|19907|
20150806|190 |0|2|44947|2295|1862|0|0|2126|51230|
20150806|190 |1|1|15720|1214|1994|2323|1458|1261|23970|
20150806|190 |1|2|42337|2242|1829|0|0|2059|48467|
20150806|253 |0|1|23513|1322|2124|1947|1788|589|31283|
20150806|253 |0|2|70430|2418|524|0|0|4095|77467|
20150806|253 |1|1|20894|1323|1948|2134|2615|2092|31006|
20150806|253 |1|2|63021|2492|621|0|0|3924|70058|
20150806|254 |0|1|10758|864|1232|1464|3253|375|17946|
20150806|254 |0|2|30792|1294|623|0|1|2134|34844|
20150806|254 |1|1|10951|789|1219|1436|2585|1113|18093|
20150806|254 |1|2|29850|1169|635|0|1|2058|33713|
20150806|651 |0|1|12527|268|440|365|288|274|14162|
20150806|651 |0|2|27910|433|783|0|0|1320|30446|
20150806|651 |1|1|11300|319|429|397|258|922|13625|
20150806|651 |1|2|26134|481|767|0|0|1306|28688|
20150806|685 |0|1|5539|582|1089|1297|2980|166|11653|
20150806|685 |0|2|17144|809|872|0|0|976|19801|
20150806|685 |1|1|5130|601|1116|1187|2690|484|11208|
20150806|685 |1|2|16737|885|794|0|0|987|19403|
20150807|101 |0|1|26881|1003|1774|1416|775|540|32389|
20150807|101 |0|2|68958|2189|7875|0|0|3100|82122|
20150807|101 |1|1|24683|1211|1931|2072|1290|2049|33236|
20150807|101 |1|2|65733|2653|8053|0|0|3204|79643|
20150807|190 |0|1|18439|1195|2299|2075|1297|357|25662|
20150807|190 |0|2|49906|2223|1956|0|0|2271|56356|
20150807|190 |1|1|16644|1202|2044|2536|1625|1331|25382|
20150807|190 |1|2|44750|2265|1867|0|0|2164|51046|
20150807|253 |0|1|24997|1353|2215|1992|2109|649|33315|
20150807|253 |0|2|75070|2378|521|1|1|4463|82434|
20150807|253 |1|1|21662|1383|2002|2191|2871|2145|32254|
20150807|253 |1|2|66555|2341|548|1|1|4072|73518|
20150807|254 |0|1|11028|886|1194|1442|3311|363|18224|
20150807|254 |0|2|31801|1296|649|1|0|2256|36003|
20150807|254 |1|1|11353|801|1228|1472|2570|1230|18654|
20150807|254 |1|2|31242|1188|630|0|0|2126|35186|
20150807|651 |0|1|14472|283|424|407|369|329|16284|
20150807|651 |0|2|32449|463|830|0|0|1558|35300|
20150807|651 |1|1|11085|313|423|422|282|967|13492|
20150807|651 |1|2|25374|486|813|0|0|1390|28063|
20150807|685 |0|1|6058|613|1205|1329|3006|172|12383|
20150807|685 |0|2|18873|833|909|0|0|1066|21681|
20150807|685 |1|1|5632|611|1208|1216|2850|538|12055|
20150807|685 |1|2|17764|895|807|0|0|1119|20585|
20150808|101 |0|1|31284|619|1201|669|489|490|34752|
20150808|101 |0|2|70126|1409|7319|1|0|2834|81689|
20150808|101 |1|1|28091|790|1263|1411|803|2080|34438|
20150808|101 |1|2|64735|1913|7529|1|0|2627|76805|
20150808|190 |0|1|20278|638|1273|843|791|343|24166|
20150808|190 |0|2|46266|1276|1823|0|0|1781|51146|
20150808|190 |1|1|18140|638|1201|1335|976|1314|23604|
20150808|190 |1|2|42259|1324|1884|0|0|1767|47234|
20150808|253 |0|1|27680|731|1173|961|1206|543|32294|
20150808|253 |0|2|67874|1309|438|0|0|3420|73041|
20150808|253 |1|1|24440|770|1150|1355|1796|2189|31700|
20150808|253 |1|2|61967|1397|503|0|0|3291|67158|
20150808|254 |0|1|12286|484|667|693|1960|332|16422|
20150808|254 |0|2|29545|729|644|0|0|1820|32738|
20150808|254 |1|1|12792|493|767|921|1531|1235|17739|
20150808|254 |1|2|30063|722|630|0|0|1800|33215|
20150808|651 |0|1|17874|187|391|220|150|384|19206|
20150808|651 |0|2|28063|204|527|0|0|1222|30016|
20150808|651 |1|1|14155|194|260|204|118|1069|16000|
20150808|651 |1|2|28461|274|856|0|0|1213|30804|
20150808|685 |0|1|6793|298|632|701|1592|163|10179|
20150808|685 |0|2|17138|349|930|0|0|901|19318|
20150808|685 |1|1|6274|317|657|715|1639|582|10184|
20150808|685 |1|2|16723|384|892|0|0|899|18898|
20150809|101 |0|1|27508|303|549|373|150|404|29287|
20150809|101 |0|2|62935|741|6584|0|0|2471|72731|
20150809|101 |1|1|28403|360|651|588|173|2041|32216|
20150809|101 |1|2|62718|707|6943|0|0|2462|72830|
20150809|190 |0|1|17025|304|626|441|174|270|18840|
20150809|190 |0|2|36732|571|1881|0|0|1495|40679|
20150809|190 |1|1|19588|336|517|850|210|1352|22853|
20150809|190 |1|2|43160|542|1806|0|0|1577|47085|
20150809|253 |0|1|24825|297|476|480|350|464|26892|
20150809|253 |0|2|59181|638|479|0|0|2977|63275|
20150809|253 |1|1|25384|257|415|509|402|2131|29098|
20150809|253 |1|2|58615|489|483|0|0|2735|62322|
20150809|254 |0|1|11749|168|256|272|365|287|13097|
20150809|254 |0|2|26251|329|640|1|0|1510|28731|
20150809|254 |1|1|12148|159|223|272|279|1168|14249|
20150809|254 |1|2|25525|284|647|0|0|1487|27943|
20150809|651 |0|1|14186|83|182|104|49|304|14908|
20150809|651 |0|2|26786|137|964|0|0|1183|29070|
20150809|651 |1|1|16829|102|118|187|34|1298|18568|
20150809|651 |1|2|33676|188|927|1|0|1397|36189|
20150809|685 |0|1|5503|102|233|242|466|123|6669|
20150809|685 |0|2|12645|140|926|0|0|653|14364|
20150809|685 |1|1|6449|109|223|186|449|528|7944|
20150809|685 |1|2|15502|148|902|0|0|675|17227|
20150810|101 |0|1|25384|1022|1860|1486|785|536|31073|
20150810|101 |0|2|68230|2104|7388|0|2|3390|81114|
20150810|101 |1|1|24909|1146|1842|1624|1197|2117|32835|
20150810|101 |1|2|66582|2508|7547|0|2|3308|79947|
20150810|190 |0|1|16900|1219|2291|2070|1176|397|24053|
20150810|190 |0|2|45381|2338|1858|0|0|2294|51871|
20150810|190 |1|1|16739|1193|1876|2140|1322|1317|24587|
20150810|190 |1|2|42212|2200|1812|0|0|2155|48379|
20150810|253 |0|1|23129|1483|2734|2643|2257|650|32896|
20150810|253 |0|2|71507|2499|557|1|2|4363|78929|
20150810|253 |1|1|20883|1453|2452|2506|2852|2081|32227|
20150810|253 |1|2|64414|2529|586|1|0|4129|71659|
20150810|254 |0|1|10865|935|1367|1720|3569|356|18812|
20150810|254 |0|2|32486|1397|665|2|0|2322|36872|
20150810|254 |1|1|10729|843|1257|1390|2589|1118|17926|
20150810|254 |1|2|30502|1244|649|0|0|2149|34544|
20150810|651 |0|1|11995|273|456|321|340|342|13727|
20150810|651 |0|2|23864|468|802|0|0|1307|26441|
20150810|651 |1|1|12691|342|434|425|292|1066|15250|
20150810|651 |1|2|27512|562|798|0|0|1486|30358|
20150810|685 |0|1|7161|708|1409|1406|2967|210|13861|
20150810|685 |0|2|16224|784|690|0|0|979|18677|
20150810|685 |1|1|5240|700|1193|1208|2657|498|11496|
20150810|685 |1|2|16252|860|802|0|0|1014|18928|
20150811|101 |0|1|24293|1095|1950|1652|946|517|30453|
20150811|101 |0|2|66518|2323|7285|0|0|3092|79218|
20150811|101 |1|1|24173|1349|2090|2393|1474|1985|33464|
20150811|101 |1|2|64750|2682|7496|1|1|3186|78116|
20150811|190 |0|1|14874|1369|2576|2224|1366|332|22741|
20150811|190 |0|2|42086|2484|1818|1|1|2039|48429|
20150811|190 |1|1|15714|1298|2182|2707|1574|1173|24648|
20150811|190 |1|2|40597|2402|1767|2|1|2022|46791|
20150811|253 |0|1|20862|1663|3061|2848|2314|622|31370|
20150811|253 |0|2|68134|2680|595|0|0|4368|75777|
20150811|253 |1|1|21051|1645|2835|3122|3158|2084|33895|
20150811|253 |1|2|64526|2698|633|0|0|4127|71984|
20150811|254 |0|1|9930|1049|1446|1798|3860|392|18475|
20150811|254 |0|2|31366|1441|689|1|1|2364|35862|
20150811|254 |1|1|10283|894|1378|1619|2893|1127|18194|
20150811|254 |1|2|29049|1218|596|0|1|2100|32964|
20150811|651 |0|1|10682|287|428|422|371|289|12479|
20150811|651 |0|2|23013|515|809|2|0|1211|25550|
20150811|651 |1|1|11033|287|458|424|333|951|13486|
20150811|651 |1|2|24025|565|792|0|0|1281|26663|
20150811|685 |0|1|4819|703|1322|1538|3324|164|11870|
20150811|685 |0|2|16361|894|792|0|0|1029|19076|
20150811|685 |1|1|4921|774|1367|1436|3253|465|12216|
20150811|685 |1|2|16526|921|765|0|0|1038|19250|
20150812|101 |0|1|24251|1061|1998|1553|805|485|30153|
20150812|101 |0|2|67061|2233|7326|0|4|3294|79918|
20150812|101 |1|1|23729|1224|2066|2261|1357|1922|32559|
20150812|101 |1|2|65770|2674|7596|2|2|3232|79276|
20150812|190 |0|1|15550|1271|2402|2110|1351|350|23034|
20150812|190 |0|2|42828|2398|1897|1|1|2126|49251|
20150812|190 |1|1|14758|1269|2102|2398|1545|1236|23308|
20150812|190 |1|2|39998|2310|1849|1|0|2000|46158|
20150812|253 |0|1|21102|1587|2840|2778|2346|594|31247|
20150812|253 |0|2|69963|2668|605|1|0|4312|77549|
20150812|253 |1|1|19744|1529|2729|2928|3134|1972|32036|
20150812|253 |1|2|64424|2629|615|0|2|4132|71802|
20150812|254 |0|1|9602|967|1348|1705|3721|310|17653|
20150812|254 |0|2|30923|1466|657|0|0|2307|35353|
20150812|254 |1|1|10300|916|1324|1683|2917|1080|18220|
20150812|254 |1|2|30399|1307|598|0|0|2264|34568|
20150812|651 |0|1|10335|293|413|395|372|284|12092|
20150812|651 |0|2|23330|528|792|0|0|1274|25924|
20150812|651 |1|1|10251|316|446|389|319|924|12645|
20150812|651 |1|2|23476|589|867|0|0|1315|26247|
20150812|685 |0|1|4904|704|1339|1488|3240|179|11854|
20150812|685 |0|2|16846|881|832|0|0|1114|19673|
20150812|685 |1|1|4831|694|1284|1428|2957|475|11669|
20150812|685 |1|2|16129|974|820|0|0|1053|18976|
20150813|101 |0|1|27109|1088|1984|1332|876|528|32917|
20150813|101 |0|2|72290|2296|7829|0|3|3358|85776|
20150813|101 |1|1|23813|1314|2136|2290|1470|1957|32980|
20150813|101 |1|2|65376|2699|8125|2|0|3247|79449|
20150813|190 |0|1|17912|1343|2437|1921|1278|415|25306|
20150813|190 |0|2|48970|2451|1944|2|1|2292|55660|
20150813|190 |1|1|15527|1320|2152|2371|1482|1285|24137|
20150813|190 |1|2|42750|2366|1807|2|1|2143|49069|
20150813|253 |0|1|23376|1655|3001|2777|2410|583|33802|
20150813|253 |0|2|73854|2669|653|1|0|4502|81679|
20150813|253 |1|1|20497|1569|2837|3127|3254|2193|33477|
20150813|253 |1|2|66830|2712|710|1|0|4276|74529|
20150813|254 |0|1|10314|989|1323|1588|3578|389|18181|
20150813|254 |0|2|31978|1406|633|0|0|2353|36370|
20150813|254 |1|1|10618|916|1484|1717|2939|1150|18824|
20150813|254 |1|2|31026|1311|552|0|0|2217|35106|
20150813|651 |0|1|12400|291|461|465|397|306|14320|
20150813|651 |0|2|28726|476|923|0|0|1400|31525|
20150813|651 |1|1|9938|319|509|442|329|829|12366|
20150813|651 |1|2|23572|522|946|0|0|1338|26378|
20150813|685 |0|1|6144|828|1428|1495|3266|199|13360|
20150813|685 |0|2|17358|828|740|0|0|1051|19977|
20150813|685 |1|1|5203|765|1352|1433|3173|528|12454|
20150813|685 |1|2|16473|957|755|0|0|1049|19234|
20150814|101 |0|1|37277|903|1635|927|637|560|41939|
20150814|101 |0|2|74278|1802|6995|0|0|2859|85934|
20150814|101 |1|1|30914|1179|1814|1793|1153|2142|38995|
20150814|101 |1|2|69328|2491|6858|2|0|2871|81550|
20150814|190 |0|1|25725|1131|2153|1399|978|422|31808|
20150814|190 |0|2|53466|1838|1571|0|1|1961|58837|
20150814|190 |1|1|20345|1074|1847|2015|1256|1436|27973|
20150814|190 |1|2|47534|2064|1813|1|0|1989|53401|
20150814|253 |0|1|31782|1243|1815|1576|1780|679|38875|
20150814|253 |0|2|77873|1902|351|4|2|3941|84073|
20150814|253 |1|1|25299|1287|1798|1961|2710|2079|35134|
20150814|253 |1|2|67877|2151|481|2|1|3856|74368|
20150814|254 |0|1|12922|842|1068|1142|2610|374|18958|
20150814|254 |0|2|36000|1162|622|0|2|2221|40007|
20150814|254 |1|1|12945|723|1180|1336|2141|1152|19477|
20150814|254 |1|2|32433|1048|537|0|0|2032|36050|
20150814|651 |0|1|21535|241|547|364|269|500|23456|
20150814|651 |0|2|32081|293|439|1|0|1321|34135|
20150814|651 |1|1|15602|408|397|379|268|1250|18304|
20150814|651 |1|2|25929|373|752|0|0|1117|28171|
20150814|685 |0|1|11969|685|1240|1200|2429|237|17760|
20150814|685 |0|2|16193|457|551|1|2|752|17956|
20150814|685 |1|1|6418|638|1062|1259|2451|526|12354|
20150814|685 |1|2|17515|702|779|1|0|1029|20026|
20150815|101 |0|1|31278|559|1125|495|369|486|34312|
20150815|101 |0|2|68666|1225|7471|1|0|2577|79940|
20150815|101 |1|1|30570|688|1263|736|564|2286|36107|
20150815|101 |1|2|67091|1574|7480|1|0|2599|78745|
20150815|190 |0|1|20527|527|1100|596|364|343|23457|
20150815|190 |0|2|44420|1026|1820|0|0|1675|48941|
20150815|190 |1|1|20413|494|1015|643|482|1496|24543|
20150815|190 |1|2|45273|1051|1945|0|0|1772|50041|
20150815|253 |0|1|28034|592|852|744|819|506|31547|
20150815|253 |0|2|65287|1004|458|1|0|3140|69890|
20150815|253 |1|1|26861|579|902|783|1356|2224|32705|
20150815|253 |1|2|63491|1088|489|0|0|3093|68161|
20150815|254 |0|1|12739|371|595|490|1379|293|15867|
20150815|254 |0|2|29564|529|637|0|0|1626|32356|
20150815|254 |1|1|13662|373|623|567|1108|1335|17668|
20150815|254 |1|2|30907|510|598|0|0|1718|33733|
20150815|651 |0|1|17773|124|385|154|97|409|18942|
20150815|651 |0|2|25615|173|417|1|0|1137|27343|
20150815|651 |1|1|16144|164|218|125|128|1252|18031|
20150815|651 |1|2|28740|230|757|0|0|1084|30811|
20150815|685 |0|1|7850|213|487|537|1113|170|10370|
20150815|685 |0|2|17673|250|902|0|0|859|19684|
20150815|685 |1|1|7157|245|528|488|1345|625|10388|
20150815|685 |1|2|17770|274|890|0|0|852|19786|
20150816|101 |0|1|25557|302|663|486|165|374|27547|
20150816|101 |0|2|58283|776|6726|1|1|2359|68146|
20150816|101 |1|1|29024|358|816|588|150|2089|33025|
20150816|101 |1|2|63178|723|7311|1|2|2349|73564|
20150816|190 |0|1|15522|341|762|539|153|237|17554|
20150816|190 |0|2|34257|630|1905|1|0|1471|38264|
20150816|190 |1|1|21571|331|691|895|175|1533|25196|
20150816|190 |1|2|46313|609|1715|2|0|1705|50344|
20150816|253 |0|1|23245|321|522|539|333|437|25397|
20150816|253 |0|2|56376|615|446|1|0|2853|60291|
20150816|253 |1|1|27518|268|422|456|335|2257|31256|
20150816|253 |1|2|61097|470|409|0|0|2807|64783|
20150816|254 |0|1|11159|197|267|298|372|266|12559|
20150816|254 |0|2|25201|305|633|0|0|1348|27487|
20150816|254 |1|1|12783|164|254|255|255|1163|14874|
20150816|254 |1|2|26627|284|627|0|0|1417|28955|
20150816|651 |0|1|11615|86|156|98|49|248|12252|
20150816|651 |0|2|22970|116|962|0|0|1028|25076|
20150816|651 |1|1|18413|102|144|149|27|1541|20376|
20150816|651 |1|2|37027|170|886|1|0|1493|39577|
20150816|685 |0|1|5361|93|239|263|558|125|6639|
20150816|685 |0|2|12652|119|890|0|0|589|14250|
20150816|685 |1|1|7579|96|219|203|536|635|9268|
20150816|685 |1|2|18249|134|911|0|0|737|20031|
20150817|101 |0|1|25075|1004|1917|1560|759|538|30853|
20150817|101 |0|2|69750|2156|7342|0|2|3444|82694|
20150817|101 |1|1|24348|1167|1993|1896|1119|2084|32607|
20150817|101 |1|2|67094|2531|7481|1|1|3363|80471|
20150817|190 |0|1|16004|1249|2341|2160|1113|392|23259|
20150817|190 |0|2|44320|2359|1817|2|2|2326|50826|
20150817|190 |1|1|16106|1250|1841|2200|1154|1351|23902|
20150817|190 |1|2|42169|2271|1793|3|3|2248|48487|
20150817|253 |0|1|22140|1526|2860|2978|1922|614|32040|
20150817|253 |0|2|70826|2500|499|0|0|4358|78183|
20150817|253 |1|1|20318|1446|2667|2773|2666|2065|31935|
20150817|253 |1|2|64287|2503|542|1|0|4155|71488|
20150817|254 |0|1|10830|1014|1455|1734|3472|396|18901|
20150817|254 |0|2|33149|1459|684|0|1|2466|37759|
20150817|254 |1|1|10552|825|1300|1467|2591|1164|17899|
20150817|254 |1|2|30900|1305|613|0|0|2256|35074|
20150817|651 |0|1|9775|264|440|361|310|267|11417|
20150817|651 |0|2|21963|467|744|1|0|1331|24506|
20150817|651 |1|1|10824|303|419|389|310|982|13227|
20150817|651 |1|2|25430|539|750|0|0|1435|28154|
20150817|685 |0|1|6566|714|1392|1515|3078|210|13475|
20150817|685 |0|2|16798|865|736|0|0|1028|19427|
20150817|685 |1|1|5074|720|1247|1308|2656|498|11503|
20150817|685 |1|2|15849|854|783|0|0|1030|18516|
20150818|101 |0|1|23481|1155|1978|1616|915|505|29650|
20150818|101 |0|2|64505|2263|7222|2|2|3076|77070|
20150818|101 |1|1|22170|1351|2129|2272|1531|1915|31368|
20150818|101 |1|2|63940|2747|7507|0|3|3125|77322|
20150818|190 |0|1|15366|1642|2561|2315|1354|454|23692|
20150818|190 |0|2|40289|2245|1856|0|0|2019|46409|
20150818|190 |1|1|14186|1359|2187|2764|1565|1310|23371|
20150818|190 |1|2|40277|2435|1848|1|1|2063|46625|
20150818|253 |0|1|20478|1770|3116|3256|2517|594|31731|
20150818|253 |0|2|69246|2754|591|0|0|4388|76979|
20150818|253 |1|1|19162|1609|2865|3328|3404|1956|32324|
20150818|253 |1|2|63206|2681|588|0|0|4046|70521|
20150818|254 |0|1|9524|1041|1419|1869|3843|354|18050|
20150818|254 |0|2|30442|1465|640|0|0|2260|34807|
20150818|254 |1|1|10102|885|1503|1760|3074|1092|18416|
20150818|254 |1|2|30245|1359|618|0|0|2147|34369|
20150818|651 |0|1|9076|279|430|398|432|261|10876|
20150818|651 |0|2|21166|508|771|0|0|1217|23662|
20150818|651 |1|1|9558|282|441|426|401|877|11985|
20150818|651 |1|2|22239|521|765|0|0|1341|24866|
20150818|685 |0|1|4675|748|1421|1638|3613|148|12243|
20150818|685 |0|2|16611|926|820|0|0|1016|19373|
20150818|685 |1|1|4585|746|1399|1585|3241|443|11999|
20150818|685 |1|2|15958|960|766|0|0|1044|18728|
20150819|101 |0|1|23199|1109|2059|1607|929|478|29381|
20150819|101 |0|2|67340|2335|7281|0|0|3248|80204|
20150819|101 |1|1|21739|1307|2091|2304|1463|1849|30753|
20150819|101 |1|2|63072|2774|7465|1|1|3139|76452|
20150819|190 |0|1|13933|1360|2514|2211|1203|364|21585|
20150819|190 |0|2|41361|2507|1870|0|0|2086|47824|
20150819|190 |1|1|14188|1335|2233|2703|1477|1204|23140|
20150819|190 |1|2|40343|2432|1797|0|0|2108|46680|
20150819|253 |0|1|19864|1682|2975|3027|2358|602|30508|
20150819|253 |0|2|67944|2648|544|1|2|4455|75594|
20150819|253 |1|1|19345|1633|2855|3301|3377|2016|32527|
20150819|253 |1|2|64734|2680|627|0|0|4181|72222|
20150819|254 |0|1|9183|976|1491|1800|3726|340|17516|
20150819|254 |0|2|30624|1448|637|0|0|2285|34994|
20150819|254 |1|1|9884|943|1512|1783|2948|1047|18117|
20150819|254 |1|2|29727|1278|614|0|0|2229|33848|
20150819|651 |0|1|8822|304|431|385|386|233|10561|
20150819|651 |0|2|20950|471|751|2|2|1198|23374|
20150819|651 |1|1|8897|337|448|386|336|759|11163|
20150819|651 |1|2|21455|566|753|1|2|1232|24009|
20150819|685 |0|1|4554|713|1412|1777|3744|148|12348|
20150819|685 |0|2|16487|947|841|0|0|1065|19340|
20150819|685 |1|1|4636|752|1393|1560|3300|464|12105|
20150819|685 |1|2|15773|1006|721|1|0|1017|18518|
20150820|101 |0|1|23287|1078|1992|1613|975|498|29443|
20150820|101 |0|2|68006|2306|7388|3|4|3242|80949|
20150820|101 |1|1|22701|1322|2160|2320|1514|1898|31915|
20150820|101 |1|2|64917|2743|7569|2|6|3162|78399|
20150820|190 |0|1|16312|1669|2518|2160|1318|414|24391|
20150820|190 |0|2|39345|2092|1857|1|0|1913|45208|
20150820|190 |1|1|14117|1339|2163|2633|1531|1169|22952|
20150820|190 |1|2|40855|2369|1830|0|3|2132|47189|
20150820|253 |0|1|20203|1716|2999|3010|2448|604|30980|
20150820|253 |0|2|68702|2629|604|4|1|4468|76408|
20150820|253 |1|1|19420|1696|2897|3252|3301|2007|32573|
20150820|253 |1|2|66091|2707|654|1|0|4309|73762|
20150820|254 |0|1|9543|1051|1462|1797|3897|360|18110|
20150820|254 |0|2|31356|1396|674|0|0|2327|35753|
20150820|254 |1|1|9464|889|1506|1664|2956|1060|17539|
20150820|254 |1|2|29376|1254|588|0|0|2120|33338|
20150820|651 |0|1|8773|289|434|409|404|209|10518|
20150820|651 |0|2|21156|498|806|0|0|1224|23684|
20150820|651 |1|1|8343|303|453|430|318|776|10623|
20150820|651 |1|2|20833|480|821|0|0|1202|23336|
20150820|685 |0|1|4484|709|1356|1677|3384|147|11757|
20150820|685 |0|2|16390|900|830|0|0|1042|19162|
20150820|685 |1|1|4583|725|1389|1577|3391|437|12102|
20150820|685 |1|2|15875|936|767|0|0|1048|18626|
20150821|101 |0|1|24886|979|1941|1529|872|540|30747|
20150821|101 |0|2|71137|2268|7937|4|1|3452|84799|
20150821|101 |1|1|23122|1167|2035|2180|1289|1941|31734|
20150821|101 |1|2|66632|2621|8232|4|2|3349|80840|
20150821|190 |0|1|17098|1317|2354|2077|1237|405|24488|
20150821|190 |0|2|46018|2206|2053|0|3|2155|52435|
20150821|190 |1|1|15316|1234|2104|2402|1392|1288|23736|
20150821|190 |1|2|44481|2382|1972|0|3|2277|51115|
20150821|253 |0|1|21967|1559|2915|2857|2088|654|32040|
20150821|253 |0|2|73359|2550|639|0|0|4663|81211|
20150821|253 |1|1|20452|1526|2798|3085|2883|2222|32966|
20150821|253 |1|2|69409|2692|661|0|0|4506|77268|
20150821|254 |0|1|9945|993|1410|1617|3447|325|17737|
20150821|254 |0|2|32124|1388|680|0|1|2379|36572|
20150821|254 |1|1|10369|908|1439|1621|2848|1099|18284|
20150821|254 |1|2|31296|1242|623|0|0|2276|35437|
20150821|651 |0|1|10629|269|432|418|415|286|12449|
20150821|651 |0|2|26577|469|830|1|0|1365|29242|
20150821|651 |1|1|8262|270|448|440|333|785|10538|
20150821|651 |1|2|20868|518|830|1|0|1298|23515|
20150821|685 |0|1|5342|688|1447|1533|3266|177|12453|
20150821|685 |0|2|18487|898|868|0|0|1109|21362|
20150821|685 |1|1|5243|692|1389|1518|2999|508|12349|
20150821|685 |1|2|18258|935|771|0|0|1130|21094|
20150822|101 |0|1|30871|667|1294|737|554|459|34582|
20150822|101 |0|2|72733|1527|7851|1|0|2840|84952|
20150822|101 |1|1|27090|877|1409|1455|840|2189|33860|
20150822|101 |1|2|66502|1947|7976|1|0|2776|79202|
20150822|190 |0|1|20059|643|1360|924|664|365|24015|
20150822|190 |0|2|48449|1288|1965|0|0|1901|53603|
20150822|190 |1|1|17588|719|1328|1375|905|1389|23304|
20150822|190 |1|2|44063|1340|2022|0|0|1825|49250|
20150822|253 |0|1|28376|1044|1685|1660|1376|618|34759|
20150822|253 |0|2|71844|1363|572|0|0|3652|77431|
20150822|253 |1|1|23692|944|1767|2090|2139|2193|32825|
20150822|253 |1|2|375274|817075|1520038|185792|403509|282183|3583871|
20150822|254 |0|1|12368|519|814|817|2273|306|17097|
20150822|254 |0|2|31411|752|630|0|0|1908|34701|
20150822|254 |1|1|12644|516|881|1019|1882|1298|18240|
20150822|254 |1|2|31717|772|614|0|0|1964|35067|
20150822|651 |0|1|15999|189|301|245|166|412|17312|
20150822|651 |0|2|31833|242|845|2|0|1410|34332|
20150822|651 |1|1|11063|175|264|194|124|996|12816|
20150822|651 |1|2|26689|275|981|0|0|1214|29159|
20150822|685 |0|1|7216|332|768|944|1890|167|11317|
20150822|685 |0|2|18850|427|888|0|0|915|21080|
20150822|685 |1|1|6169|344|796|1000|1980|575|10864|
20150822|685 |1|2|16595|464|833|0|0|937|18829|
20150823|101 |0|1|26870|315|538|394|207|400|28724|
20150823|101 |0|2|64574|735|6735|1|0|2643|74688|
20150823|101 |1|1|27797|408|645|637|257|2000|31744|
20150823|101 |1|2|62652|734|7130|2|0|2516|73034|
20150823|190 |0|1|15995|329|645|482|160|287|17898|
20150823|190 |0|2|36444|614|1905|0|0|1531|40494|
20150823|190 |1|1|19569|348|500|975|206|1441|23039|
20150823|190 |1|2|44232|581|1863|0|0|1696|48372|
20150823|253 |0|1|24838|398|500|500|538|457|27231|
20150823|253 |0|2|61224|646|465|0|0|3111|65446|
20150823|253 |1|1|25359|331|434|523|620|2248|29515|
20150823|253 |1|2|60775|506|469|0|0|2942|64692|
20150823|254 |0|1|11610|194|298|301|372|302|13077|
20150823|254 |0|2|27306|340|638|0|0|1488|29772|
20150823|254 |1|1|12744|176|295|317|294|1271|15097|
20150823|254 |1|2|28085|273|641|0|0|1503|30502|
20150823|651 |0|1|11307|96|139|113|54|302|12011|
20150823|651 |0|2|24195|130|945|0|0|1156|26426|
20150823|651 |1|1|15065|115|128|140|31|1273|16752|
20150823|651 |1|2|32828|172|886|0|0|1450|35336|
20150823|685 |0|1|5703|123|257|307|491|143|7024|
20150823|685 |0|2|13510|142|882|0|0|689|15223|
20150823|685 |1|1|6677|115|228|259|442|539|8260|
20150823|685 |1|2|16273|152|865|0|0|717|18007|
20150824|101 |0|1|23424|1014|1991|1491|758|520|29198|
20150824|101 |0|2|68807|2186|7509|2|2|3406|81912|
20150824|101 |1|1|21668|1166|2014|1770|1180|1889|29687|
20150824|101 |1|2|63020|2636|7760|3|2|3245|76666|
20150824|190 |0|1|14606|1263|2467|2092|1279|363|22070|
20150824|190 |0|2|43609|2367|1994|0|0|2272|50242|
20150824|190 |1|1|13707|1267|1969|2182|1440|1222|21787|
20150824|190 |1|2|39558|2259|1985|0|0|2178|45980|
20150824|253 |0|1|21328|1578|2868|2931|2118|614|31437|
20150824|253 |0|2|71557|2551|616|1|0|4523|79248|
20150824|253 |1|1|19007|1473|2688|2795|2803|1999|30765|
20150824|253 |1|2|63955|2591|630|0|0|4254|71430|
20150824|254 |0|1|9889|1001|1420|1795|3775|372|18252|
20150824|254 |0|2|31717|1402|705|0|0|2362|36186|
20150824|254 |1|1|9798|879|1395|1539|2971|1127|17709|
20150824|254 |1|2|29637|1262|650|0|0|2266|33815|
20150824|651 |0|1|8242|270|409|347|319|264|9851|
20150824|651 |0|2|19777|465|731|1|0|1237|22211|
20150824|651 |1|1|8523|289|425|367|321|844|10769|
20150824|651 |1|2|21493|515|705|1|0|1333|24047|
20150824|685 |0|1|7202|726|1454|1610|3384|196|14572|
20150824|685 |0|2|15362|802|686|1|1|882|17734|
20150824|685 |1|1|4880|728|1307|1360|2931|495|11701|
20150824|685 |1|2|15325|832|820|0|0|974|17951|
20150825|101 |0|1|20373|935|1913|1565|761|464|26011|
20150825|101 |0|2|62135|2211|7399|0|1|3069|74815|
20150825|101 |1|1|18905|1088|1977|2109|1105|1677|26861|
20150825|101 |1|2|56647|2504|7517|0|1|2924|69593|
20150825|190 |0|1|11685|1122|2335|2027|1168|319|18656|
20150825|190 |0|2|36994|2346|1945|0|1|2027|43313|
20150825|190 |1|1|11946|1158|1999|2369|1348|1123|19943|
20150825|190 |1|2|35970|2277|1923|1|0|2091|42262|
20150825|253 |0|1|18677|1499|2933|2770|2052|561|28492|
20150825|253 |0|2|65192|2492|632|0|0|4338|72654|
20150825|253 |1|1|17036|1370|2745|3062|2732|1904|28849|
20150825|253 |1|2|60545|2489|664|1|0|4074|67773|
20150825|254 |0|1|8448|909|1374|1636|3382|314|16063|
20150825|254 |0|2|28863|1353|655|0|0|2264|33135|
20150825|254 |1|1|8996|814|1390|1623|2699|990|16512|
20150825|254 |1|2|28211|1246|578|0|0|2112|32147|
20150825|651 |0|1|6411|247|422|349|330|219|7978|
20150825|651 |0|2|16314|417|733|0|0|1083|18547|
20150825|651 |1|1|7025|285|423|373|300|691|9097|
20150825|651 |1|2|17429|468|744|0|0|1174|19815|
20150825|685 |0|1|4142|618|1350|1477|3179|144|10910|
20150825|685 |0|2|15558|831|833|0|0|1042|18264|
20150825|685 |1|1|4142|629|1294|1492|2940|405|10902|
20150825|685 |1|2|15195|906|787|0|0|1045|17933|
20150826|101 |0|1|22459|1027|2037|1586|834|547|28490|
20150826|101 |0|2|66822|2320|7515|0|3|3419|80079|
20150826|101 |1|1|21411|1242|2128|2228|1341|1868|30218|
20150826|101 |1|2|64604|2729|7765|2|5|3345|78450|
20150826|190 |0|1|11748|1250|2312|2117|1123|300|18850|
20150826|190 |0|2|41800|2493|2043|6|5|2188|48535|
20150826|190 |1|1|12786|1200|2028|2492|1304|1079|20889|
20150826|190 |1|2|38652|2383|1973|2|2|2070|45082|
20150826|253 |0|1|20255|1650|2988|2939|2206|605|30643|
20150826|253 |0|2|70130|2758|661|0|0|4585|78134|
20150826|253 |1|1|17916|1597|2734|3098|3046|1987|30378|
20150826|253 |1|2|63222|2692|641|1|0|4239|70795|
20150826|254 |0|1|9101|1003|1333|1745|3657|357|17196|
20150826|254 |0|2|30791|1384|693|0|0|2375|35243|
20150826|254 |1|1|9453|887|1396|1654|2814|1077|17281|
20150826|254 |1|2|29973|1309|652|0|0|2242|34176|
20150826|651 |0|1|7708|286|436|401|309|232|9372|
20150826|651 |0|2|19523|446|729|1|2|1153|21854|
20150826|651 |1|1|7053|303|454|409|273|693|9185|
20150826|651 |1|2|18611|532|747|0|0|1164|21054|
20150826|685 |0|1|4690|668|1456|1762|3539|156|12271|
20150826|685 |0|2|16709|943|837|0|0|1091|19580|
20150826|685 |1|1|4359|667|1378|1525|3157|447|11533|
20150826|685 |1|2|15487|983|758|0|0|1074|18302|
20150827|101 |0|1|23415|1108|2051|1691|952|492|29709|
20150827|101 |0|2|68968|2394|7456|2|5|3325|82150|
20150827|101 |1|1|22261|1386|2265|2416|1562|1895|31785|
20150827|101 |1|2|66417|2763|7740|0|6|3302|80228|
20150827|190 |0|1|11973|1344|2480|2286|1289|325|19697|
20150827|190 |0|2|42121|2434|1967|3|4|2038|48567|
20150827|190 |1|1|13707|1363|2274|2985|1653|1176|23158|
20150827|190 |1|2|40222|2420|1955|2|4|2065|46668|
20150827|253 |0|1|20550|1791|3111|3063|2468|646|31629|
20150827|253 |0|2|69375|2768|645|0|0|4439|77227|
20150827|253 |1|1|18890|1731|2827|3225|3479|2056|32208|
20150827|253 |1|2|64362|2766|641|0|0|4307|72076|
20150827|254 |0|1|9365|992|1570|1925|3959|350|18161|
20150827|254 |0|2|31609|1452|699|0|0|2345|36105|
20150827|254 |1|1|9592|938|1474|1758|2938|1051|17751|
20150827|254 |1|2|29831|1294|626|1|0|2153|33905|
20150827|651 |0|1|8508|302|459|421|390|231|10311|
20150827|651 |0|2|20983|470|821|0|0|1241|23515|
20150827|651 |1|1|7683|342|467|450|343|732|10017|
20150827|651 |1|2|19780|508|778|0|0|1203|22269|
20150827|685 |0|1|4717|720|1406|1675|3597|165|12280|
20150827|685 |0|2|16824|888|856|0|0|1121|19689|
20150827|685 |1|1|4508|737|1377|1600|3319|487|12028|
20150827|685 |1|2|15722|960|800|0|3|1018|18503|
20150828|101 |0|1|25794|1125|2089|1666|996|538|32208|
20150828|101 |0|2|73569|2402|8400|0|0|3476|87847|
20150828|101 |1|1|23792|1405|2194|2493|1483|2141|33508|
20150828|101 |1|2|69503|2813|8612|1|0|3502|84431|
20150828|190 |0|1|17082|1406|2476|2338|1313|438|25053|
20150828|190 |0|2|47480|2332|2204|1|2|2260|54279|
20150828|190 |1|1|15402|1336|2181|2759|1613|1295|24586|
20150828|190 |1|2|44393|2423|2018|1|2|2244|51081|
20150828|253 |0|1|22362|1670|2991|2928|2204|632|32787|
20150828|253 |0|2|73022|2681|696|1|0|4537|80937|
20150828|253 |1|1|20983|1697|2848|3210|3188|2166|34092|
20150828|253 |1|2|69389|2781|754|1|0|4445|77370|
20150828|254 |0|1|10103|933|1513|1825|3624|354|18352|
20150828|254 |0|2|33196|1454|695|0|0|2459|37804|
20150828|254 |1|1|10198|990|1472|1765|2905|1169|18499|
20150828|254 |1|2|30914|1246|577|0|0|2291|35028|
20150828|651 |0|1|10637|305|436|465|438|302|12583|
20150828|651 |0|2|27811|538|921|0|0|1395|30665|
20150828|651 |1|1|8416|305|460|451|399|833|10864|
20150828|651 |1|2|21965|555|941|0|0|1314|24775|
20150828|685 |0|1|5776|746|1432|1753|3546|190|13443|
20150828|685 |0|2|19314|982|921|0|0|1246|22463|
20150828|685 |1|1|5546|744|1496|1595|3173|532|13086|
20150828|685 |1|2|17294|951|781|0|0|1126|20152|
20150829|101 |0|1|32660|731|1317|787|594|500|36589|
20150829|101 |0|2|75653|1507|7982|0|1|2915|88058|
20150829|101 |1|1|28409|905|1510|1647|936|2075|35482|
20150829|101 |1|2|67306|1940|7991|2|0|2719|79958|
20150829|190 |0|1|21277|714|1419|978|710|354|25452|
20150829|190 |0|2|50928|1359|1887|0|0|2010|56184|
20150829|190 |1|1|19165|727|1349|1430|1000|1501|25172|
20150829|190 |1|2|47427|1404|1987|0|0|1943|52761|
20150829|253 |0|1|29801|907|1451|1333|1467|612|35571|
20150829|253 |0|2|74047|1395|480|1|0|3695|79618|
20150829|253 |1|1|25072|892|1411|1721|2359|2337|33792|
20150829|253 |1|2|66231|1535|604|0|0|3509|71879|
20150829|254 |0|1|13564|534|921|926|2297|337|18579|
20150829|254 |0|2|34401|783|625|0|0|2017|37826|
20150829|254 |1|1|13868|543|891|1107|1862|1399|19670|
20150829|254 |1|2|32847|731|601|0|0|2006|36185|
20150829|651 |0|1|15546|187|262|260|260|313|16828|
20150829|651 |0|2|32516|276|855|1|0|1502|35150|
20150829|651 |1|1|11481|203|290|226|202|950|13352|
20150829|651 |1|2|27739|334|955|0|0|1270|30298|
20150829|685 |0|1|7689|343|847|882|2029|188|11978|
20150829|685 |0|2|19225|398|899|0|0|906|21428|
20150829|685 |1|1|6692|358|872|963|2091|601|11577|
20150829|685 |1|2|18007|446|831|1|0|928|20213|
20150830|101 |0|1|29280|353|691|459|220|393|31396|
20150830|101 |0|2|67922|818|6770|0|0|2608|78118|
20150830|101 |1|1|29960|434|846|796|257|2088|34381|
20150830|101 |1|2|66386|832|7323|1|1|2588|77131|
20150830|190 |0|1|18419|358|775|505|215|301|20573|
20150830|190 |0|2|41562|675|1905|0|0|1597|45739|
20150830|190 |1|1|21084|388|668|985|223|1464|24812|
20150830|190 |1|2|47597|667|1763|0|0|1669|51696|
20150830|253 |0|1|26856|385|586|544|597|516|29484|
20150830|253 |0|2|65264|671|400|0|0|3297|69632|
20150830|253 |1|1|26354|323|554|632|646|2226|30735|
20150830|253 |1|2|62381|536|420|0|0|2911|66248|
20150830|254 |0|1|12958|206|308|347|481|281|14581|
20150830|254 |0|2|29693|336|626|0|0|1710|32365|
20150830|254 |1|1|13471|189|289|373|425|1280|16027|
20150830|254 |1|2|29748|288|631|0|0|1653|32320|
20150830|651 |0|1|11184|93|156|118|97|243|11891|
20150830|651 |0|2|24709|137|963|0|0|1080|26889|
20150830|651 |1|1|15499|118|180|173|53|1291|17314|
20150830|651 |1|2|33618|172|944|0|0|1434|36168|
20150830|685 |0|1|6446|128|304|334|511|147|7870|
20150830|685 |0|2|15237|159|871|0|0|726|16993|
20150830|685 |1|1|7243|124|305|303|420|635|9030|
20150830|685 |1|2|17928|153|839|0|0|756|19676|
20150831|101 |0|1|23817|1080|2058|1655|954|575|30139|
20150831|101 |0|2|70416|2271|7588|0|1|3503|83779|
20150831|101 |1|1|22047|1167|1981|2006|1381|1951|30533|
20150831|101 |1|2|65540|2622|7897|0|1|3406|79466|
20150831|190 |0|1|14548|1295|2460|2337|1374|370|22384|
20150831|190 |0|2|43769|2355|2067|0|0|2241|50432|
20150831|190 |1|1|13678|1264|1955|2354|1486|1173|21910|
20150831|190 |1|2|38836|2210|2105|1|0|2062|45214|
20150831|253 |0|1|21607|1548|3018|2978|2284|602|32037|
20150831|253 |0|2|70070|2570|645|4|7|4476|77772|
20150831|253 |1|1|18577|1471|2674|2804|2925|1957|30408|
20150831|253 |1|2|62164|2557|670|0|0|4121|69512|
20150831|254 |0|1|9826|890|1534|1797|3770|363|18180|
20150831|254 |0|2|32257|1403|718|1|1|2440|36820|
20150831|254 |1|1|9965|848|1371|1529|2780|1110|17603|
20150831|254 |1|2|29401|1265|676|1|1|2230|33574|
