20180201|101 |0|1|15439|437|904|593|159|309|17841|
20180201|101 |0|2|68520|2851|8360|1382|965|3456|85534|
20180201|101 |1|1|14068|488|909|849|198|1356|17868|
20180201|101 |1|2|65821|3163|8550|1980|1231|3396|84141|
20180201|190 |0|1|8153|390|1134|968|195|114|10954|
20180201|190 |0|2|38251|2797|2902|1751|1170|1984|48855|
20180201|190 |1|1|7944|419|825|1030|264|764|11246|
20180201|190 |1|2|37944|2747|2916|1905|1437|2002|48951|
20180201|253 |0|1|12243|511|1261|912|311|305|15543|
20180201|253 |0|2|64038|2740|2024|2054|2228|3842|76926|
20180201|253 |1|1|11056|505|1045|1009|396|1189|15200|
20180201|253 |1|2|60151|2860|2052|2242|2755|3671|73731|
20180201|254 |0|1|5895|359|866|1091|800|178|9189|
20180201|254 |0|2|31261|1770|1359|1010|2782|2176|40358|
20180201|254 |1|1|6115|303|786|845|392|736|9177|
20180201|254 |1|2|30900|1505|1281|933|2730|2090|39439|
20180201|651 |0|1|4609|122|197|129|62|127|5246|
20180201|651 |0|2|19573|640|945|330|388|1314|23190|
20180201|651 |1|1|4289|162|272|120|40|484|5367|
20180201|651 |1|2|19125|622|904|289|393|1310|22643|
20180201|685 |0|1|3341|261|839|816|548|78|5883|
20180201|685 |0|2|17191|1260|1540|1034|3111|1037|25173|
20180201|685 |1|1|3186|309|820|774|479|323|5891|
20180201|685 |1|2|16942|1405|1456|943|3035|1079|24860|
20180202|101 |0|1|16374|448|927|632|173|330|18884|
20180202|101 |0|2|70710|2728|8815|1306|932|3504|87995|
20180202|101 |1|1|15143|507|962|883|185|1464|19144|
20180202|101 |1|2|69785|3156|9158|1971|1300|3625|88995|
20180202|190 |0|1|9426|427|1204|789|186|114|12146|
20180202|190 |0|2|44393|2778|3024|1540|1237|2283|55255|
20180202|190 |1|1|9239|461|824|934|261|883|12602|
20180202|190 |1|2|43472|2744|2960|1804|1423|2227|54630|
20180202|253 |0|1|13294|472|1280|857|309|315|16527|
20180202|253 |0|2|67323|2859|2009|1948|2275|4104|80518|
20180202|253 |1|1|12632|473|1063|1014|409|1341|16932|
20180202|253 |1|2|67026|2916|2084|2168|2692|4080|80966|
20180202|254 |0|1|6362|372|814|915|594|176|9233|
20180202|254 |0|2|33140|1775|1330|1061|2918|2316|42540|
20180202|254 |1|1|6501|344|773|810|432|724|9584|
20180202|254 |1|2|32266|1529|1269|972|2710|2162|40908|
20180202|651 |0|1|6087|125|215|137|39|161|6764|
20180202|651 |0|2|25433|687|986|321|370|1549|29346|
20180202|651 |1|1|4867|150|317|116|43|521|6014|
20180202|651 |1|2|21053|678|981|274|368|1403|24757|
20180202|685 |0|1|3805|264|858|828|469|71|6295|
20180202|685 |0|2|18727|1283|1587|998|3203|1114|26912|
20180202|685 |1|1|3705|312|711|749|456|392|6325|
20180202|685 |1|2|19164|1371|1396|978|3219|1149|27277|
20180203|101 |0|1|18493|289|571|313|86|226|19978|
20180203|101 |0|2|68012|1710|8104|778|571|2707|81882|
20180203|101 |1|1|17280|370|676|525|116|1481|20448|
20180203|101 |1|2|64144|2071|8256|1174|767|2763|79175|
20180203|190 |0|1|11418|233|596|346|106|106|12805|
20180203|190 |0|2|45844|1337|2499|555|595|1919|52749|
20180203|190 |1|1|10512|253|418|488|117|918|12706|
20180203|190 |1|2|41924|1433|2420|1011|787|1871|49446|
20180203|253 |0|1|14542|263|574|401|177|232|16189|
20180203|253 |0|2|62140|1268|937|735|1181|3083|69344|
20180203|253 |1|1|14294|247|561|561|218|1448|17329|
20180203|253 |1|2|61034|1445|1015|1018|1598|3146|69256|
20180203|254 |0|1|7167|174|398|387|248|127|8501|
20180203|254 |0|2|31898|800|1016|517|1667|1822|37720|
20180203|254 |1|1|7405|175|383|463|228|766|9420|
20180203|254 |1|2|30699|782|958|602|1594|1762|36397|
20180203|651 |0|1|8340|81|119|75|28|151|8794|
20180203|651 |0|2|31812|353|922|170|244|1474|34975|
20180203|651 |1|1|6389|92|176|71|26|613|7367|
20180203|651 |1|2|25627|397|954|101|207|1261|28547|
20180203|685 |0|1|4581|125|413|417|273|60|5869|
20180203|685 |0|2|17559|526|1257|448|1702|812|22304|
20180203|685 |1|1|4327|126|380|376|254|403|5866|
20180203|685 |1|2|17670|557|1137|478|1818|860|22520|
20180204|101 |0|1|16319|149|295|163|34|176|17136|
20180204|101 |0|2|60138|886|6984|428|254|2623|71313|
20180204|101 |1|1|15401|213|481|305|47|1346|17793|
20180204|101 |1|2|56725|871|7082|695|369|2430|68172|
20180204|190 |0|1|9734|112|280|149|32|68|10375|
20180204|190 |0|2|37145|734|2147|415|185|1588|42214|
20180204|190 |1|1|9735|124|192|224|33|788|11096|
20180204|190 |1|2|38605|631|2129|493|180|1502|43540|
20180204|253 |0|1|13450|141|225|154|39|160|14169|
20180204|253 |0|2|54666|646|655|334|408|2714|59423|
20180204|253 |1|1|12470|110|142|140|55|1211|14128|
20180204|253 |1|2|49944|515|616|340|369|2362|54146|
20180204|254 |0|1|6701|66|145|136|49|108|7205|
20180204|254 |0|2|27621|348|792|184|314|1451|30710|
20180204|254 |1|1|6740|62|126|100|51|717|7796|
20180204|254 |1|2|25792|288|790|172|301|1420|28763|
20180204|651 |0|1|5481|48|47|23|11|103|5713|
20180204|651 |0|2|20190|134|832|46|53|1033|22288|
20180204|651 |1|1|7314|60|83|39|10|619|8125|
20180204|651 |1|2|27687|154|834|44|48|1269|30036|
20180204|685 |0|1|4151|55|131|127|71|50|4585|
20180204|685 |0|2|15211|183|1052|176|480|712|17814|
20180204|685 |1|1|3401|46|104|103|72|303|4029|
20180204|685 |1|2|12932|185|1014|137|434|561|15263|
20180205|101 |0|1|15446|372|821|565|133|326|17663|
20180205|101 |0|2|70068|2641|8179|1269|828|3630|86615|
20180205|101 |1|1|13784|452|924|727|157|1425|17469|
20180205|101 |1|2|65052|2997|8430|1533|1067|3403|82482|
20180205|190 |0|1|9090|382|1087|813|148|120|11640|
20180205|190 |0|2|41860|2744|2750|1643|1152|2137|52286|
20180205|190 |1|1|7877|404|800|732|203|757|10773|
20180205|190 |1|2|35919|2565|2652|1437|1288|1920|45781|
20180205|253 |0|1|12784|455|1172|829|275|361|15876|
20180205|253 |0|2|66760|2674|1992|1869|2018|3929|79242|
20180205|253 |1|1|10775|435|932|856|330|1257|14585|
20180205|253 |1|2|58406|2765|1959|1832|2283|3560|70805|
20180205|254 |0|1|6033|289|601|693|390|158|8164|
20180205|254 |0|2|33079|1717|1328|1126|2832|2258|42340|
20180205|254 |1|1|6130|313|705|716|375|692|8931|
20180205|254 |1|2|30060|1483|1174|811|2364|2089|37981|
20180205|651 |0|1|4739|109|192|115|45|101|5301|
20180205|651 |0|2|19368|620|940|265|326|1314|22833|
20180205|651 |1|1|4616|153|278|119|37|529|5732|
20180205|651 |1|2|19991|637|893|231|330|1419|23501|
20180205|685 |0|1|3812|299|834|818|509|94|6366|
20180205|685 |0|2|18304|1252|1500|984|3198|1092|26330|
20180205|685 |1|1|3101|299|708|725|413|330|5576|
20180205|685 |1|2|16763|1316|1434|881|2952|1067|24413|
20180206|101 |0|1|15076|420|933|663|180|338|17610|
20180206|101 |0|2|67449|2764|8208|1439|993|3363|84216|
20180206|101 |1|1|13375|449|963|912|198|1357|17254|
20180206|101 |1|2|64657|3176|8477|2019|1312|3393|83034|
20180206|190 |0|1|8112|410|1220|858|183|110|10893|
20180206|190 |0|2|38360|2820|2865|1815|1351|2044|49255|
20180206|190 |1|1|8236|440|854|988|264|784|11566|
20180206|190 |1|2|36073|2757|2803|1886|1488|2010|47017|
20180206|253 |0|1|11850|479|1245|922|279|325|15100|
20180206|253 |0|2|64210|2864|2057|2049|2304|3741|77225|
20180206|253 |1|1|10746|457|1031|1006|359|1186|14785|
20180206|253 |1|2|59229|2900|2098|2300|2607|3622|72756|
20180206|254 |0|1|5814|332|858|904|471|165|8544|
20180206|254 |0|2|31129|1658|1434|1162|2992|2241|40616|
20180206|254 |1|1|5950|336|764|921|517|673|9161|
20180206|254 |1|2|30304|1482|1264|998|2709|2077|38834|
20180206|651 |0|1|4279|138|227|162|37|114|4957|
20180206|651 |0|2|18384|637|935|303|345|1335|21939|
20180206|651 |1|1|4274|165|280|144|32|493|5388|
20180206|651 |1|2|18988|691|903|243|358|1398|22581|
20180206|685 |0|1|3220|288|923|829|548|60|5868|
20180206|685 |0|2|16983|1302|1480|1020|3200|1001|24986|
20180206|685 |1|1|2986|280|791|751|509|283|5600|
20180206|685 |1|2|16001|1315|1385|936|2926|1012|23575|
20180207|101 |0|1|15266|434|873|620|153|319|17665|
20180207|101 |0|2|70133|2768|8194|1478|1037|3461|87071|
20180207|101 |1|1|13431|468|897|915|177|1352|17240|
20180207|101 |1|2|65688|3157|8436|1995|1358|3412|84046|
20180207|190 |0|1|8187|400|1129|879|189|121|10905|
20180207|190 |0|2|39386|2853|2892|1681|1326|2079|50217|
20180207|190 |1|1|7922|443|841|973|239|722|11140|
20180207|190 |1|2|37157|2777|2820|1876|1501|1960|48091|
20180207|253 |0|1|12083|485|1236|938|306|303|15351|
20180207|253 |0|2|65328|2841|2085|2094|2277|3926|78551|
20180207|253 |1|1|11230|469|1091|1084|396|1255|15525|
20180207|253 |1|2|61198|3040|2051|2240|2559|3687|74775|
20180207|254 |0|1|5775|339|746|864|449|159|8332|
20180207|254 |0|2|31080|1665|1342|1117|2960|2164|40328|
20180207|254 |1|1|6026|319|789|813|434|701|9082|
20180207|254 |1|2|29991|1493|1250|878|2579|2037|38228|
20180207|651 |0|1|4480|140|225|164|34|102|5145|
20180207|651 |0|2|18650|624|992|319|393|1270|22248|
20180207|651 |1|1|4286|153|279|146|31|475|5370|
20180207|651 |1|2|18733|661|895|278|363|1364|22294|
20180207|685 |0|1|3424|282|863|828|529|75|6001|
20180207|685 |0|2|17313|1286|1500|1027|3263|1056|25445|
20180207|685 |1|1|3237|319|796|804|482|345|5983|
20180207|685 |1|2|17173|1340|1449|958|3138|1072|25130|
20180208|101 |0|1|15575|432|935|634|171|298|18045|
20180208|101 |0|2|69214|2885|8188|1436|1036|3468|86227|
20180208|101 |1|1|13321|469|896|956|209|1306|17157|
20180208|101 |1|2|62433|3093|8383|2026|1276|3224|80435|
20180208|190 |0|1|8938|453|1177|1098|213|136|12015|
20180208|190 |0|2|41632|2952|2993|1857|1426|2225|53085|
20180208|190 |1|1|8738|483|899|1209|242|866|12437|
20180208|190 |1|2|40894|2860|2879|2079|1621|2126|52459|
20180208|253 |0|1|12884|527|1301|1043|295|288|16338|
20180208|253 |0|2|66620|2878|2107|2084|2388|3933|80010|
20180208|253 |1|1|11669|498|1065|1139|397|1317|16085|
20180208|253 |1|2|62541|2985|2126|2367|2861|3823|76703|
20180208|254 |0|1|6269|356|791|885|528|191|9020|
20180208|254 |0|2|32227|1711|1471|1187|3266|2165|42027|
20180208|254 |1|1|6072|333|777|877|511|703|9273|
20180208|254 |1|2|30910|1523|1198|963|2762|2011|39367|
20180208|651 |0|1|4761|133|230|151|46|134|5455|
20180208|651 |0|2|19825|648|994|273|376|1292|23408|
20180208|651 |1|1|4364|159|268|145|39|482|5457|
20180208|651 |1|2|19328|679|932|229|353|1406|22927|
20180208|685 |0|1|3414|303|877|852|561|83|6090|
20180208|685 |0|2|17414|1309|1456|1015|3268|1049|25511|
20180208|685 |1|1|3209|298|815|749|510|377|5958|
20180208|685 |1|2|17492|1377|1452|970|3203|1107|25601|
20180209|101 |0|1|16683|449|934|663|139|317|19185|
20180209|101 |0|2|72813|2800|8927|1472|968|3605|90585|
20180209|101 |1|1|15691|527|958|981|195|1497|19849|
20180209|101 |1|2|71250|3225|9170|1996|1336|3678|90655|
20180209|190 |0|1|10067|445|1119|1105|201|123|13060|
20180209|190 |0|2|45886|2906|3094|1868|1403|2358|57515|
20180209|190 |1|1|9680|456|827|1174|252|923|13312|
20180209|190 |1|2|45585|2913|2970|2121|1576|2343|57508|
20180209|253 |0|1|13799|554|1216|958|321|335|17183|
20180209|253 |0|2|70211|2944|1952|2067|2338|4139|83651|
20180209|253 |1|1|13375|517|1070|1088|419|1482|17951|
20180209|253 |1|2|68951|2910|1990|2201|2992|4165|83209|
20180209|254 |0|1|6830|367|851|919|514|182|9663|
20180209|254 |0|2|33965|1863|1444|1141|3250|2346|44009|
20180209|254 |1|1|6582|341|831|863|479|739|9835|
20180209|254 |1|2|32188|1594|1220|1014|2837|2114|40967|
20180209|651 |0|1|5792|137|222|171|56|133|6511|
20180209|651 |0|2|23795|683|1067|314|405|1489|27753|
20180209|651 |1|1|4863|162|313|167|47|569|6121|
20180209|651 |1|2|21241|722|1032|253|353|1448|25049|
20180209|685 |0|1|3946|270|855|904|551|92|6618|
20180209|685 |0|2|19111|1282|1522|1025|3317|1173|27430|
20180209|685 |1|1|3671|285|787|799|483|421|6446|
20180209|685 |1|2|18842|1360|1367|908|3144|1166|26787|
20180210|101 |0|1|18832|299|651|393|112|233|20520|
20180210|101 |0|2|69304|1849|8023|909|695|2857|83637|
20180210|101 |1|1|17187|392|731|579|163|1572|20624|
20180210|101 |1|2|66070|2217|8108|1273|922|2815|81405|
20180210|190 |0|1|11239|267|645|539|139|119|12948|
20180210|190 |0|2|44684|1464|2566|819|810|1851|52194|
20180210|190 |1|1|10830|304|485|624|150|922|13315|
20180210|190 |1|2|44056|1600|2645|1220|1049|1968|52538|
20180210|253 |0|1|14803|308|661|498|171|233|16674|
20180210|253 |0|2|63536|1443|1017|929|1538|3181|71644|
20180210|253 |1|1|14239|302|584|670|225|1448|17468|
20180210|253 |1|2|61437|1533|1085|1145|2034|3137|70371|
20180210|254 |0|1|7462|216|436|477|263|156|9010|
20180210|254 |0|2|32166|778|1035|613|1987|1847|38426|
20180210|254 |1|1|7664|199|424|543|225|873|9928|
20180210|254 |1|2|32037|864|971|649|1834|1791|38146|
20180210|651 |0|1|7653|104|154|78|29|154|8172|
20180210|651 |0|2|28891|415|912|185|341|1422|32166|
20180210|651 |1|1|5897|121|188|73|15|581|6875|
20180210|651 |1|2|23501|437|982|133|300|1232|26585|
20180210|685 |0|1|4438|130|462|474|337|61|5902|
20180210|685 |0|2|17470|581|1277|497|2088|851|22764|
20180210|685 |1|1|4239|148|411|488|322|396|6004|
20180210|685 |1|2|17761|581|1189|564|2202|876|23173|
20180211|101 |0|1|16297|173|324|189|40|170|17193|
20180211|101 |0|2|59575|901|6915|483|279|2530|70683|
20180211|101 |1|1|15537|216|474|353|74|1392|18046|
20180211|101 |1|2|57503|917|6972|884|443|2441|69160|
20180211|190 |0|1|9568|117|287|194|41|80|10287|
20180211|190 |0|2|36634|713|2130|528|260|1514|41779|
20180211|190 |1|1|9478|135|231|264|55|807|10970|
20180211|190 |1|2|37065|587|2097|582|283|1472|42086|
20180211|253 |0|1|13170|148|297|179|57|159|14010|
20180211|253 |0|2|53238|691|705|460|490|2624|58208|
20180211|253 |1|1|11758|126|194|248|62|1121|13509|
20180211|253 |1|2|47182|554|645|433|567|2275|51656|
20180211|254 |0|1|6589|94|178|195|87|104|7247|
20180211|254 |0|2|26662|354|832|244|426|1379|29897|
20180211|254 |1|1|6773|85|169|148|65|706|7946|
20180211|254 |1|2|25716|281|756|252|340|1426|28771|
20180211|651 |0|1|5261|59|54|27|4|103|5508|
20180211|651 |0|2|19180|146|841|56|90|1001|21314|
20180211|651 |1|1|6502|79|115|48|13|597|7354|
20180211|651 |1|2|25583|197|880|56|97|1174|27987|
20180211|685 |0|1|3751|55|164|161|94|42|4267|
20180211|685 |0|2|14415|195|966|213|736|664|17189|
20180211|685 |1|1|3261|53|130|127|82|309|3962|
20180211|685 |1|2|12622|187|962|192|672|552|15187|
20180212|101 |0|1|15875|417|894|627|168|330|18311|
20180212|101 |0|2|71711|2648|8121|1429|919|3522|88350|
20180212|101 |1|1|13457|481|839|805|199|1454|17235|
20180212|101 |1|2|65127|3048|8406|1773|1246|3362|82962|
20180212|190 |0|1|9690|430|1174|992|188|164|12638|
20180212|190 |0|2|44054|2795|2844|1753|1483|2237|55166|
20180212|190 |1|1|8692|445|865|849|236|864|11951|
20180212|190 |1|2|39394|2624|2824|1649|1482|2121|50094|
20180212|253 |0|1|12887|475|1161|955|324|323|16125|
20180212|253 |0|2|67931|2732|1933|2067|2344|4033|81040|
20180212|253 |1|1|11262|474|1012|884|413|1289|15334|
20180212|253 |1|2|60601|2844|1986|2020|2840|3755|74046|
20180212|254 |0|1|6282|363|784|906|496|174|9005|
20180212|254 |0|2|33094|1786|1368|1154|3485|2220|43107|
20180212|254 |1|1|6066|312|785|765|406|693|9027|
20180212|254 |1|2|30217|1441|1183|789|2772|2044|38446|
20180212|651 |0|1|4737|116|206|133|47|128|5367|
20180212|651 |0|2|19584|631|945|296|462|1353|23271|
20180212|651 |1|1|4530|152|273|160|32|573|5720|
20180212|651 |1|2|20488|665|889|272|385|1430|24129|
20180212|685 |0|1|4007|281|868|807|459|77|6499|
20180212|685 |0|2|18015|1237|1378|972|3165|1112|25879|
20180212|685 |1|1|3191|335|713|685|470|336|5730|
20180212|685 |1|2|16787|1251|1309|869|3084|1028|24328|
20180213|101 |0|1|16250|438|918|637|163|298|18704|
20180213|101 |0|2|69658|2761|8361|1404|1019|3460|86663|
20180213|101 |1|1|14318|485|890|935|234|1398|18260|
20180213|101 |1|2|62638|3163|8519|2019|1324|3344|81007|
20180213|190 |0|1|10250|394|1152|966|232|148|13142|
20180213|190 |0|2|45606|2891|2829|1746|1496|2236|56804|
20180213|190 |1|1|9463|481|919|1112|250|884|13109|
20180213|190 |1|2|42070|2897|2874|2017|1641|2186|53685|
20180213|253 |0|1|13503|539|1231|952|337|360|16922|
20180213|253 |0|2|68923|2887|1977|2007|2515|3956|82265|
20180213|253 |1|1|12479|512|1022|1084|430|1359|16886|
20180213|253 |1|2|63592|2991|2114|2318|3128|3801|77944|
20180213|254 |0|1|6604|373|790|958|561|183|9469|
20180213|254 |0|2|33888|1764|1415|1180|3373|2232|43852|
20180213|254 |1|1|6327|308|784|912|486|675|9492|
20180213|254 |1|2|30845|1510|1198|1017|3086|1927|39583|
20180213|651 |0|1|4882|153|208|177|62|135|5617|
20180213|651 |0|2|20024|641|945|317|477|1347|23751|
20180213|651 |1|1|4802|183|294|161|36|495|5971|
20180213|651 |1|2|20378|703|949|259|406|1420|24115|
20180213|685 |0|1|3938|287|852|850|519|69|6515|
20180213|685 |0|2|19324|1327|1551|1101|3549|1089|27941|
20180213|685 |1|1|3625|325|854|762|512|348|6426|
20180213|685 |1|2|17673|1318|1452|941|3269|1071|25724|
20180214|101 |0|1|21088|344|627|364|105|258|22786|
20180214|101 |0|2|79375|2171|10386|910|563|3334|96739|
20180214|101 |1|1|15849|452|803|644|170|1547|19465|
20180214|101 |1|2|67890|2716|9528|1378|882|3645|86039|
20180214|190 |0|1|14811|263|687|484|152|146|16543|
20180214|190 |0|2|63139|2097|2264|864|822|2362|71548|
20180214|190 |1|1|10158|339|578|604|183|945|12807|
20180214|190 |1|2|43541|2095|2590|1187|1044|2191|52648|
20180214|253 |0|1|17400|342|729|496|185|300|19452|
20180214|253 |0|2|77536|1937|1395|1093|1661|3859|87481|
20180214|253 |1|1|14146|342|719|654|274|1482|17617|
20180214|253 |1|2|65515|2133|1497|1372|2117|3908|76542|
20180214|254 |0|1|7777|263|610|579|327|151|9707|
20180214|254 |0|2|36104|1340|1319|729|2408|2186|44086|
20180214|254 |1|1|7083|254|576|633|300|758|9604|
20180214|254 |1|2|30773|1234|1050|747|2242|1997|38043|
20180214|651 |0|1|6796|114|157|140|31|157|7395|
20180214|651 |0|2|27443|538|964|224|306|1568|31043|
20180214|651 |1|1|4804|137|188|121|29|573|5852|
20180214|651 |1|2|19959|531|907|192|246|1386|23221|
20180214|685 |0|1|6252|174|523|564|367|74|7954|
20180214|685 |0|2|27693|801|1184|662|2364|1202|33906|
20180214|685 |1|1|4374|207|604|586|379|429|6579|
20180214|685 |1|2|19450|949|1329|704|2504|1101|26037|
20180215|101 |0|1|28231|106|135|64|13|254|28803|
20180215|101 |0|2|80084|832|7923|288|82|2470|91679|
20180215|101 |1|1|18089|156|308|132|22|1529|20236|
20180215|101 |1|2|58588|1252|6991|455|130|2237|69653|
20180215|190 |0|1|20002|76|97|67|22|147|20411|
20180215|190 |0|2|65002|522|1384|179|132|1947|69166|
20180215|190 |1|1|12015|93|99|106|25|985|13323|
20180215|190 |1|2|41443|678|1856|242|152|1638|46009|
20180215|253 |0|1|22343|85|99|52|39|240|22858|
20180215|253 |0|2|77886|501|395|165|303|2923|82173|
20180215|253 |1|1|15817|74|94|89|43|1239|17356|
20180215|253 |1|2|54770|575|493|205|327|2584|58954|
20180215|254 |0|1|9912|51|119|71|72|144|10369|
20180215|254 |0|2|35472|342|1027|155|405|1516|38917|
20180215|254 |1|1|8380|57|93|108|60|770|9468|
20180215|254 |1|2|28321|353|720|184|366|1352|31296|
20180215|651 |0|1|10476|55|54|24|12|209|10830|
20180215|651 |0|2|35815|241|849|85|74|1498|38562|
20180215|651 |1|1|5334|43|72|22|7|581|6059|
20180215|651 |1|2|18735|228|808|47|60|970|20848|
20180215|685 |0|1|8997|30|71|56|51|93|9298|
20180215|685 |0|2|29012|141|635|112|402|928|31230|
20180215|685 |1|1|4412|28|90|79|53|381|5043|
20180215|685 |1|2|14456|163|977|134|471|580|16781|
20180216|101 |0|1|27388|49|41|15|3|252|27748|
20180216|101 |0|2|75333|271|6317|90|18|2285|84314|
20180216|101 |1|1|24385|64|236|12|5|1751|26453|
20180216|101 |1|2|76434|276|6537|97|23|2451|85818|
20180216|190 |0|1|22550|60|38|12|5|147|22812|
20180216|190 |0|2|61498|153|1047|39|20|1914|64671|
20180216|190 |1|1|16776|27|17|17|9|1203|18049|
20180216|190 |1|2|59153|123|1006|38|21|1831|62172|
20180216|253 |0|1|21802|68|24|12|11|242|22159|
20180216|253 |0|2|79347|157|255|28|74|2888|82749|
20180216|253 |1|1|22482|33|25|21|13|1513|24087|
20180216|253 |1|2|75426|118|309|28|73|2816|78770|
20180216|254 |0|1|11987|19|35|13|11|143|12208|
20180216|254 |0|2|42612|105|736|27|53|1758|45291|
20180216|254 |1|1|11421|24|30|12|14|1012|12513|
20180216|254 |1|2|38149|80|572|26|39|1639|40505|
20180216|651 |0|1|11339|28|22|5|5|242|11641|
20180216|651 |0|2|36646|66|698|10|15|1433|38868|
20180216|651 |1|1|10421|20|50|3|2|954|11450|
20180216|651 |1|2|35646|67|711|11|22|1383|37840|
20180216|685 |0|1|8878|12|53|9|21|76|9049|
20180216|685 |0|2|24263|50|560|18|66|870|25827|
20180216|685 |1|1|6893|13|21|14|9|547|7497|
20180216|685 |1|2|25405|43|541|23|62|861|26935|
20180217|101 |0|1|19855|52|70|34|11|188|20210|
20180217|101 |0|2|61982|480|6566|205|53|2180|71466|
20180217|101 |1|1|24970|70|310|41|10|1655|27056|
20180217|101 |1|2|84239|604|7677|201|53|2548|95322|
20180217|190 |0|1|12541|44|63|33|8|69|12758|
20180217|190 |0|2|44145|331|1664|128|68|1641|47977|
20180217|190 |1|1|17528|43|42|24|6|1210|18853|
20180217|190 |1|2|67492|336|1282|114|44|1927|71195|
20180217|253 |0|1|16017|69|43|44|20|170|16363|
20180217|253 |0|2|59446|340|380|82|237|2558|63043|
20180217|253 |1|1|22684|56|41|32|24|1372|24209|
20180217|253 |1|2|80564|310|360|70|229|2707|84240|
20180217|254 |0|1|8221|23|57|34|26|119|8480|
20180217|254 |0|2|30679|200|647|73|135|1438|33172|
20180217|254 |1|1|9825|29|45|40|19|819|10777|
20180217|254 |1|2|34607|181|685|72|112|1506|37163|
20180217|651 |0|1|8730|29|27|10|5|149|8950|
20180217|651 |0|2|29104|109|875|23|31|1195|31337|
20180217|651 |1|1|10688|33|48|14|2|989|11774|
20180217|651 |1|2|38317|115|848|28|26|1455|40789|
20180217|685 |0|1|5074|18|48|42|31|50|5263|
20180217|685 |0|2|15891|97|955|54|275|639|17911|
20180217|685 |1|1|7348|15|37|25|33|572|8030|
20180217|685 |1|2|28680|122|720|50|272|866|30710|
20180218|101 |0|1|16585|87|213|118|14|172|17189|
20180218|101 |0|2|56492|703|6848|391|167|2384|66985|
20180218|101 |1|1|21399|138|499|179|26|1660|23901|
20180218|101 |1|2|74437|665|7424|535|182|2499|85742|
20180218|190 |0|1|10480|105|196|131|24|91|11027|
20180218|190 |0|2|35955|619|1882|344|130|1568|40498|
20180218|190 |1|1|15098|87|153|147|23|1126|16634|
20180218|190 |1|2|56707|484|1654|331|123|1881|61180|
20180218|253 |0|1|14118|94|140|124|40|181|14697|
20180218|253 |0|2|52623|512|517|287|346|2625|56910|
20180218|253 |1|1|18032|64|101|126|29|1518|19870|
20180218|253 |1|2|67699|418|465|221|312|2596|71711|
20180218|254 |0|1|7405|50|96|104|38|103|7796|
20180218|254 |0|2|26849|290|689|163|276|1389|29656|
20180218|254 |1|1|7949|47|84|82|33|787|8982|
20180218|254 |1|2|27981|213|742|134|216|1386|30672|
20180218|651 |0|1|5594|41|51|18|8|111|5823|
20180218|651 |0|2|19755|118|824|32|42|956|21727|
20180218|651 |1|1|8295|54|130|23|12|733|9247|
20180218|651 |1|2|31950|159|866|36|37|1313|34361|
20180218|685 |0|1|4414|34|80|98|55|66|4747|
20180218|685 |0|2|15166|146|1074|142|446|708|17682|
20180218|685 |1|1|5437|29|83|68|36|473|6126|
20180218|685 |1|2|20263|156|1013|103|398|716|22649|
20180219|101 |0|1|17331|354|762|490|107|304|19348|
20180219|101 |0|2|71381|2311|8251|1165|741|3539|87388|
20180219|101 |1|1|16526|438|786|596|122|1562|20030|
20180219|101 |1|2|69882|2673|8433|1335|892|3512|86727|
20180219|190 |0|1|10250|352|908|710|151|145|12516|
20180219|190 |0|2|43496|2343|2776|1362|990|2124|53091|
20180219|190 |1|1|10429|350|687|650|166|926|13208|
20180219|190 |1|2|43368|2188|2701|1173|1081|2090|52601|
20180219|253 |0|1|14104|371|834|743|223|293|16568|
20180219|253 |0|2|67572|2230|1304|1347|1659|3945|78057|
20180219|253 |1|1|12876|385|723|670|291|1338|16283|
20180219|253 |1|2|62445|2280|1225|1233|2005|3691|72879|
20180219|254 |0|1|6835|293|602|750|417|166|9063|
20180219|254 |0|2|32212|1473|1254|989|2475|2192|40595|
20180219|254 |1|1|6513|253|574|573|338|741|8992|
20180219|254 |1|2|29774|1234|1100|669|2199|1991|36967|
20180219|651 |0|1|5513|107|169|121|41|155|6106|
20180219|651 |0|2|21030|558|1020|216|325|1377|24526|
20180219|651 |1|1|5583|141|303|137|23|620|6807|
20180219|651 |1|2|22612|620|926|186|298|1467|26109|
20180219|685 |0|1|4272|215|696|746|474|83|6486|
20180219|685 |0|2|19311|1110|1497|867|3061|1128|26974|
20180219|685 |1|1|3672|226|595|621|421|373|5908|
20180219|685 |1|2|17509|1143|1473|789|2728|1078|24720|
20180220|101 |0|1|16104|390|917|662|163|314|18550|
20180220|101 |0|2|69076|2721|8346|1450|1087|3305|85985|
20180220|101 |1|1|15013|493|1001|980|212|1476|19175|
20180220|101 |1|2|66880|3092|8539|1901|1394|3399|85205|
20180220|190 |0|1|9945|411|1167|898|206|125|12752|
20180220|190 |0|2|42700|2768|2913|1797|1409|2147|53734|
20180220|190 |1|1|9169|438|854|993|244|822|12520|
20180220|190 |1|2|40479|2717|2821|1973|1594|2020|51604|
20180220|253 |0|1|12714|481|1142|952|337|304|15930|
20180220|253 |0|2|65487|2779|2068|2026|2422|3831|78613|
20180220|253 |1|1|11643|502|1073|1029|461|1283|15991|
20180220|253 |1|2|61929|2813|2073|2222|2808|3683|75528|
20180220|254 |0|1|6437|350|849|988|524|191|9339|
20180220|254 |0|2|32347|1732|1415|1191|3511|2203|42399|
20180220|254 |1|1|6287|293|789|885|524|726|9504|
20180220|254 |1|2|30290|1490|1256|964|2974|2067|39041|
20180220|651 |0|1|5246|149|239|171|51|111|5967|
20180220|651 |0|2|20658|608|1102|303|388|1359|24418|
20180220|651 |1|1|4864|188|354|177|60|545|6188|
20180220|651 |1|2|20787|639|1066|213|312|1425|24442|
20180220|685 |0|1|3479|264|816|859|586|76|6080|
20180220|685 |0|2|17011|1180|1455|967|3419|993|25025|
20180220|685 |1|1|3144|309|857|848|557|326|6041|
20180220|685 |1|2|16781|1238|1435|908|3382|1007|24751|
20180221|101 |0|1|15923|422|900|644|154|279|18322|
20180221|101 |0|2|69242|2814|8350|1386|1027|3413|86232|
20180221|101 |1|1|14941|532|979|902|227|1464|19045|
20180221|101 |1|2|68021|3211|8682|1896|1357|3400|86567|
20180221|190 |0|1|9278|392|1137|915|204|146|12072|
20180221|190 |0|2|41485|2749|2991|1680|1443|2111|52459|
20180221|190 |1|1|8914|475|847|1005|278|875|12394|
20180221|190 |1|2|40301|2676|3044|1885|1593|2060|51559|
20180221|253 |0|1|12812|510|1190|960|298|313|16083|
20180221|253 |0|2|66005|2791|2080|2047|2312|3927|79162|
20180221|253 |1|1|11587|463|1010|994|380|1266|15700|
20180221|253 |1|2|60987|2872|2048|2152|2809|3677|74545|
20180221|254 |0|1|6306|355|787|856|501|169|8974|
20180221|254 |0|2|31674|1692|1363|1146|3350|2201|41426|
20180221|254 |1|1|6315|336|751|814|492|695|9403|
20180221|254 |1|2|30942|1490|1231|942|2918|2041|39564|
20180221|651 |0|1|5379|163|213|185|68|118|6126|
20180221|651 |0|2|20912|642|1232|268|346|1353|24753|
20180221|651 |1|1|5025|180|343|143|34|519|6244|
20180221|651 |1|2|21028|672|1173|218|342|1417|24850|
20180221|685 |0|1|3412|257|846|816|562|63|5956|
20180221|685 |0|2|17391|1255|1484|994|3322|1082|25528|
20180221|685 |1|1|3229|283|799|726|533|355|5925|
20180221|685 |1|2|17273|1347|1496|984|3129|1090|25319|
20180222|101 |0|1|16067|424|901|564|157|300|18413|
20180222|101 |0|2|69105|2714|8513|1359|961|3289|85941|
20180222|101 |1|1|15260|495|998|861|216|1398|19228|
20180222|101 |1|2|68581|3059|8704|1891|1351|3465|87051|
20180222|190 |0|1|9696|402|1127|832|196|143|12396|
20180222|190 |0|2|43361|2786|3051|1615|1399|2190|54402|
20180222|190 |1|1|9480|423|913|944|237|874|12871|
20180222|190 |1|2|41810|2701|2954|1781|1579|2086|52911|
20180222|253 |0|1|12997|492|1167|926|319|311|16212|
20180222|253 |0|2|66437|2796|2059|1984|2284|3895|79455|
20180222|253 |1|1|12252|488|1070|1010|419|1359|16598|
20180222|253 |1|2|64009|2803|2034|2145|2825|3736|77552|
20180222|254 |0|1|6625|342|806|916|512|182|9383|
20180222|254 |0|2|33151|1673|1526|1061|3495|2169|43075|
20180222|254 |1|1|6407|324|804|841|462|715|9553|
20180222|254 |1|2|31854|1458|1298|934|2917|2018|40479|
20180222|651 |0|1|5218|129|255|159|36|138|5935|
20180222|651 |0|2|20803|587|1201|282|397|1382|24652|
20180222|651 |1|1|4989|165|333|164|39|600|6290|
20180222|651 |1|2|20913|665|1178|237|349|1456|24798|
20180222|685 |0|1|3493|291|802|817|542|75|6020|
20180222|685 |0|2|17205|1226|1471|981|3094|1054|25031|
20180222|685 |1|1|3329|305|799|765|505|346|6049|
20180222|685 |1|2|17771|1344|1459|923|3115|1156|25768|
20180223|101 |0|1|16405|409|821|546|146|288|18615|
20180223|101 |0|2|70498|2714|9061|1338|928|3295|87834|
20180223|101 |1|1|16246|501|936|803|180|1460|20126|
20180223|101 |1|2|73667|3102|9277|1796|1246|3571|92659|
20180223|190 |0|1|10544|421|1082|802|194|147|13190|
20180223|190 |0|2|46332|2614|2903|1549|1289|2267|56954|
20180223|190 |1|1|10308|429|861|844|224|983|13649|
20180223|190 |1|2|46316|2614|2864|1721|1496|2345|57356|
20180223|253 |0|1|13393|465|1063|784|293|322|16320|
20180223|253 |0|2|66920|2736|1970|1924|2144|3971|79665|
20180223|253 |1|1|13014|488|1038|931|380|1426|17277|
20180223|253 |1|2|68077|2818|2057|2071|2584|3982|81589|
20180223|254 |0|1|6695|316|773|849|465|174|9272|
20180223|254 |0|2|33781|1715|1475|1061|3134|2312|43478|
20180223|254 |1|1|6677|279|758|776|428|805|9723|
20180223|254 |1|2|32795|1515|1261|903|2695|2127|41296|
20180223|651 |0|1|6028|126|226|186|41|120|6727|
20180223|651 |0|2|24630|636|1103|271|349|1488|28477|
20180223|651 |1|1|5105|164|343|154|26|563|6355|
20180223|651 |1|2|22091|657|1107|232|305|1519|25911|
20180223|685 |0|1|3799|252|790|794|526|73|6234|
20180223|685 |0|2|18576|1247|1519|993|3097|1118|26550|
20180223|685 |1|1|3720|296|781|766|481|397|6441|
20180223|685 |1|2|19564|1324|1459|986|3081|1197|27611|
20180224|101 |0|1|19631|314|532|289|86|225|21077|
20180224|101 |0|2|72150|1719|8398|703|518|2838|86326|
20180224|101 |1|1|18600|383|665|470|116|1575|21809|
20180224|101 |1|2|69496|2107|8587|1067|740|2850|84847|
20180224|190 |0|1|13283|280|529|348|92|142|14674|
20180224|190 |0|2|51064|1335|2521|608|632|1971|58131|
20180224|190 |1|1|11859|275|437|471|107|1020|14169|
20180224|190 |1|2|47222|1397|2458|1019|879|1899|54874|
20180224|253 |0|1|16417|277|518|379|180|250|18021|
20180224|253 |0|2|66767|1316|1027|668|1678|3217|74673|
20180224|253 |1|1|15072|250|550|530|220|1439|18061|
20180224|253 |1|2|64508|1432|1091|959|2121|3312|73423|
20180224|254 |0|1|8224|178|373|410|284|163|9632|
20180224|254 |0|2|34042|778|1073|443|1830|1888|40054|
20180224|254 |1|1|8290|202|370|476|217|907|10462|
20180224|254 |1|2|33715|769|1011|577|1696|1839|39607|
20180224|651 |0|1|8962|96|122|90|19|171|9460|
20180224|651 |0|2|32742|354|1097|188|220|1544|36145|
20180224|651 |1|1|6867|111|187|69|12|703|7949|
20180224|651 |1|2|27076|371|1097|116|158|1363|30181|
20180224|685 |0|1|5195|133|381|444|312|73|6538|
20180224|685 |0|2|19783|550|1395|477|1843|899|24947|
20180224|685 |1|1|4714|166|412|426|268|451|6437|
20180224|685 |1|2|19156|559|1209|502|2041|907|24374|
20180225|101 |0|1|18551|172|272|146|39|201|19381|
20180225|101 |0|2|65359|889|7178|422|249|2524|76621|
20180225|101 |1|1|18090|243|421|272|47|1470|20543|
20180225|101 |1|2|64742|879|7457|647|374|2613|76712|
20180225|190 |0|1|11945|157|246|194|28|96|12666|
20180225|190 |0|2|44145|696|2312|380|214|1743|49490|
20180225|190 |1|1|11492|143|240|197|54|925|13051|
20180225|190 |1|2|43293|560|2163|402|207|1646|48271|
20180225|253 |0|1|15405|163|235|133|47|198|16181|
20180225|253 |0|2|60553|669|778|352|442|2894|65688|
20180225|253 |1|1|13881|147|187|167|45|1297|15724|
20180225|253 |1|2|53653|516|750|319|388|2511|58137|
20180225|254 |0|1|7861|80|140|147|75|110|8413|
20180225|254 |0|2|30602|342|801|188|311|1599|33843|
20180225|254 |1|1|7889|81|155|117|60|776|9078|
20180225|254 |1|2|29360|290|854|192|320|1536|32552|
20180225|651 |0|1|6993|60|65|31|11|138|7298|
20180225|651 |0|2|24069|141|981|53|83|1208|26535|
20180225|651 |1|1|8147|73|119|38|16|714|9107|
20180225|651 |1|2|29915|188|980|61|72|1356|32572|
20180225|685 |0|1|4763|56|150|155|72|51|5247|
20180225|685 |0|2|17191|213|1224|193|480|750|20051|
20180225|685 |1|1|4083|51|124|109|55|361|4783|
20180225|685 |1|2|15359|204|1127|182|467|639|17978|
20180226|101 |0|1|17497|401|905|580|173|313|19869|
20180226|101 |0|2|73988|2562|8616|1329|830|3643|90968|
20180226|101 |1|1|15472|494|943|706|166|1540|19321|
20180226|101 |1|2|69764|2932|8860|1615|1113|3618|87902|
20180226|190 |0|1|10647|426|1159|885|183|155|13455|
20180226|190 |0|2|47549|2758|2846|1614|1282|2415|58464|
20180226|190 |1|1|9982|456|902|767|221|949|13277|
20180226|190 |1|2|42879|2594|3007|1415|1441|2250|53586|
20180226|253 |0|1|13920|493|1112|903|300|313|17041|
20180226|253 |0|2|70010|2706|2011|1856|2389|4172|83144|
20180226|253 |1|1|12174|489|937|842|400|1363|16205|
20180226|253 |1|2|62784|2787|2022|1869|2886|3806|76154|
20180226|254 |0|1|7190|336|790|944|488|196|9944|
20180226|254 |0|2|35492|1738|1482|1153|3208|2385|45458|
20180226|254 |1|1|6670|295|779|742|401|784|9671|
20180226|254 |1|2|31806|1535|1377|782|2718|2103|40321|
20180226|651 |0|1|5861|138|215|138|62|147|6561|
20180226|651 |0|2|22685|647|1112|281|361|1435|26521|
20180226|651 |1|1|5818|185|286|135|42|561|7027|
20180226|651 |1|2|23492|670|1075|242|318|1550|27347|
20180226|685 |0|1|4439|284|870|845|500|83|7021|
20180226|685 |0|2|17669|1194|1503|1006|2994|966|25332|
20180226|685 |1|1|3389|326|784|722|493|333|6047|
20180226|685 |1|2|16944|1254|1492|865|2878|1043|24476|
20180227|101 |0|1|16446|415|991|603|158|306|18919|
20180227|101 |0|2|70718|2921|8466|1454|988|3459|88006|
20180227|101 |1|1|15476|507|982|962|234|1394|19555|
20180227|101 |1|2|69180|3268|8701|2110|1371|3449|88079|
20180227|190 |0|1|9700|437|1167|1013|205|140|12662|
20180227|190 |0|2|43826|2906|2919|1868|1344|2228|55091|
20180227|190 |1|1|9496|459|922|1053|261|905|13096|
20180227|190 |1|2|42186|2871|2935|2091|1679|2172|53934|
20180227|253 |0|1|13291|531|1248|1038|325|338|16771|
20180227|253 |0|2|67464|2921|2085|2145|2916|4031|81562|
20180227|253 |1|1|11883|524|1074|1119|417|1374|16391|
20180227|253 |1|2|62615|2932|2122|2286|3472|3793|77220|
20180227|254 |0|1|6510|389|825|922|542|194|9382|
20180227|254 |0|2|33463|1751|1504|1227|3402|2257|43604|
20180227|254 |1|1|6473|350|785|904|472|764|9748|
20180227|254 |1|2|32002|1560|1337|1029|2846|2093|40867|
20180227|651 |0|1|5511|155|218|165|50|145|6244|
20180227|651 |0|2|21561|653|1045|361|479|1451|25550|
20180227|651 |1|1|5262|172|287|149|28|568|6466|
20180227|651 |1|2|22162|659|997|317|379|1471|25985|
20180227|685 |0|1|3583|278|855|872|538|77|6203|
20180227|685 |0|2|17598|1321|1640|1090|3303|982|25934|
20180227|685 |1|1|3458|309|878|827|587|331|6390|
20180227|685 |1|2|18215|1394|1578|1060|3219|1057|26523|
20180228|101 |0|1|16215|385|878|576|150|278|18482|
20180228|101 |0|2|67999|2584|8343|1274|888|3230|84318|
20180228|101 |1|1|15289|485|966|890|192|1461|19283|
20180228|101 |1|2|67919|3040|8823|1786|1335|3351|86254|
20180228|190 |0|1|9942|416|1124|844|175|139|12640|
20180228|190 |0|2|44763|2719|2860|1582|1296|2299|55519|
20180228|190 |1|1|9777|428|863|1011|245|928|13252|
20180228|190 |1|2|43945|2672|2781|1903|1481|2255|55037|
20180228|253 |0|1|13458|492|1072|845|319|293|16479|
20180228|253 |0|2|67383|2795|1926|1896|2733|3910|80643|
20180228|253 |1|1|12377|497|1001|1034|414|1281|16604|
20180228|253 |1|2|63705|2856|2037|2101|3191|3801|77691|
20180228|254 |0|1|6298|361|781|837|455|165|8897|
20180228|254 |0|2|32642|1634|1328|1056|3021|2239|41920|
20180228|254 |1|1|6502|295|750|854|405|697|9503|
20180228|254 |1|2|32248|1446|1271|1037|2616|2081|40699|
