20150701|101 |0|1|21099|1140|2071|1579|911|504|27304|
20150701|101 |0|2|65333|2379|7097|3|3|3124|77939|
20150701|101 |1|1|19374|1323|2076|2282|1355|1666|28076|
20150701|101 |1|2|60711|2673|7280|2|3|3045|73714|
20150701|190 |0|1|11913|1254|2445|2172|1238|327|19349|
20150701|190 |0|2|38467|2364|1845|1|2|1920|44599|
20150701|190 |1|1|11875|1308|2075|2536|1455|1018|20267|
20150701|190 |1|2|36239|2325|1832|1|3|1886|42286|
20150701|253 |0|1|18661|1730|3061|3070|2215|603|29340|
20150701|253 |0|2|65009|2669|460|2|2|4221|72363|
20150701|253 |1|1|17204|1870|2729|3225|2953|1875|29856|
20150701|253 |1|2|61297|2788|481|1|5|3980|68552|
20150701|254 |0|1|8917|1013|1353|1743|3694|352|17072|
20150701|254 |0|2|29563|1421|610|0|0|2226|33820|
20150701|254 |1|1|9383|959|1455|1687|3012|1062|17558|
20150701|254 |1|2|29111|1288|635|0|0|2241|33275|
20150701|651 |0|1|7167|320|385|433|423|237|8965|
20150701|651 |0|2|18442|494|676|1|1|1144|20758|
20150701|651 |1|1|6486|327|417|369|382|661|8642|
20150701|651 |1|2|17933|535|730|0|0|1154|20352|
20150701|685 |0|1|4291|747|1500|1627|3362|160|11687|
20150701|685 |0|2|15723|979|817|0|0|1042|18561|
20150701|685 |1|1|4045|715|1352|1579|3176|427|11294|
20150701|685 |1|2|14965|1035|753|0|0|1027|17780|
20150702|101 |0|1|21270|1172|2071|1578|871|490|27452|
20150702|101 |0|2|66156|2400|7035|0|1|3267|78859|
20150702|101 |1|1|19831|1356|2013|2299|1400|1688|28587|
20150702|101 |1|2|62003|2712|7248|0|1|3038|75002|
20150702|190 |0|1|12428|1250|2316|1937|1296|291|19518|
20150702|190 |0|2|39261|2395|1735|1|1|1967|45360|
20150702|190 |1|1|12010|1318|2112|2562|1565|1010|20577|
20150702|190 |1|2|37889|2357|1695|1|1|1979|43922|
20150702|253 |0|1|19471|1765|3086|3038|2466|616|30442|
20150702|253 |0|2|67168|2695|469|0|0|4347|74679|
20150702|253 |1|1|17940|1787|2848|3263|3367|1923|31128|
20150702|253 |1|2|62626|2791|486|1|0|4136|70040|
20150702|254 |0|1|9086|1059|1462|1764|3727|335|17433|
20150702|254 |0|2|30127|1470|656|1|0|2313|34567|
20150702|254 |1|1|9396|955|1505|1639|2927|1008|17430|
20150702|254 |1|2|29434|1358|623|0|0|2184|33599|
20150702|651 |0|1|7088|327|420|355|431|264|8885|
20150702|651 |0|2|19367|460|675|0|0|1150|21652|
20150702|651 |1|1|6491|314|461|344|405|612|8627|
20150702|651 |1|2|18577|518|698|1|0|1155|20949|
20150702|685 |0|1|4382|681|1373|1595|3435|148|11614|
20150702|685 |0|2|15898|940|736|0|0|1010|18584|
20150702|685 |1|1|4269|741|1337|1550|3321|450|11668|
20150702|685 |1|2|15336|933|750|0|0|1016|18035|
20150703|101 |0|1|24831|1231|2079|1524|809|548|31022|
20150703|101 |0|2|71823|2397|7654|1|2|3426|85303|
20150703|101 |1|1|22871|1307|2045|2315|1378|1918|31834|
20150703|101 |1|2|68182|2674|7877|1|2|3367|82103|
20150703|190 |0|1|15903|1344|2343|2021|1320|373|23304|
20150703|190 |0|2|47162|2348|1869|0|0|2322|53701|
20150703|190 |1|1|14159|1323|2136|2451|1537|1154|22760|
20150703|190 |1|2|42506|2378|1714|0|0|2165|48763|
20150703|253 |0|1|22486|1713|2977|3011|2334|670|33191|
20150703|253 |0|2|74140|2644|557|0|0|4706|82047|
20150703|253 |1|1|20558|1805|2729|3127|3040|2088|33347|
20150703|253 |1|2|68199|2766|546|0|0|4449|75960|
20150703|254 |0|1|9917|1104|1338|1704|3609|338|18010|
20150703|254 |0|2|31512|1370|609|0|0|2374|35865|
20150703|254 |1|1|10286|973|1469|1670|3011|1105|18514|
20150703|254 |1|2|30723|1217|576|0|0|2246|34762|
20150703|651 |0|1|10775|307|425|428|371|306|12612|
20150703|651 |0|2|28421|536|728|1|0|1431|31117|
20150703|651 |1|1|7670|321|411|397|327|704|9830|
20150703|651 |1|2|20197|573|763|0|0|1253|22786|
20150703|685 |0|1|5309|695|1453|1586|3466|185|12694|
20150703|685 |0|2|18763|956|812|0|0|1151|21682|
20150703|685 |1|1|5212|737|1341|1534|3346|519|12689|
20150703|685 |1|2|17601|970|717|0|0|1206|20494|
20150704|101 |0|1|30276|684|1254|724|512|456|33906|
20150704|101 |0|2|72570|1500|7325|0|0|2799|84194|
20150704|101 |1|1|26861|866|1346|1457|834|2095|33459|
20150704|101 |1|2|65209|1876|7484|0|0|2742|77311|
20150704|190 |0|1|19853|710|1364|926|757|363|23973|
20150704|190 |0|2|49755|1261|1746|0|0|1844|54606|
20150704|190 |1|1|17431|714|1338|1398|1013|1332|23226|
20150704|190 |1|2|43677|1371|1750|0|0|1859|48657|
20150704|253 |0|1|27993|977|1753|1727|1313|649|34412|
20150704|253 |0|2|71139|1372|445|0|0|3616|76572|
20150704|253 |1|1|24353|1006|1692|2096|2054|2203|33404|
20150704|253 |1|2|64595|1456|484|0|0|3421|69956|
20150704|254 |0|1|12385|510|720|834|2100|335|16884|
20150704|254 |0|2|30577|699|563|0|0|1860|33699|
20150704|254 |1|1|12892|520|875|965|1671|1280|18203|
20150704|254 |1|2|30520|723|532|0|0|1803|33578|
20150704|651 |0|1|16630|178|320|211|163|352|17854|
20150704|651 |0|2|29981|211|547|1|0|1259|31999|
20150704|651 |1|1|11955|207|229|145|151|953|13640|
20150704|651 |1|2|26588|292|767|0|0|1156|28803|
20150704|685 |0|1|6953|326|694|795|1795|175|10738|
20150704|685 |0|2|17943|384|856|0|0|863|20046|
20150704|685 |1|1|6163|332|705|823|1893|532|10448|
20150704|685 |1|2|16364|430|792|0|0|858|18444|
20150705|101 |0|1|25455|349|677|369|151|389|27390|
20150705|101 |0|2|60820|799|6387|0|0|2496|70502|
20150705|101 |1|1|27104|399|718|730|202|1979|31132|
20150705|101 |1|2|64333|829|6719|1|0|2504|74386|
20150705|190 |0|1|15636|360|715|457|262|280|17710|
20150705|190 |0|2|35454|627|1778|0|0|1464|39323|
20150705|190 |1|1|19360|342|600|853|229|1425|22809|
20150705|190 |1|2|45179|587|1726|0|0|1632|49124|
20150705|253 |0|1|23983|409|597|484|491|484|26448|
20150705|253 |0|2|58947|622|410|0|0|2963|62942|
20150705|253 |1|1|24906|329|471|514|523|2175|28918|
20150705|253 |1|2|59996|572|429|0|0|2837|63834|
20150705|254 |0|1|11416|191|283|321|416|264|12891|
20150705|254 |0|2|26014|336|617|0|0|1474|28441|
20150705|254 |1|1|12197|181|300|285|389|1163|14515|
20150705|254 |1|2|26759|267|605|0|0|1517|29148|
20150705|651 |0|1|10414|74|119|86|49|217|10959|
20150705|651 |0|2|23409|128|838|1|0|1072|25448|
20150705|651 |1|1|15077|116|98|132|45|1218|16686|
20150705|651 |1|2|33590|146|813|0|0|1377|35926|
20150705|685 |0|1|5518|102|267|266|497|120|6770|
20150705|685 |0|2|12542|124|822|0|0|641|14129|
20150705|685 |1|1|6374|110|246|244|421|536|7931|
20150705|685 |1|2|15525|123|811|1|0|726|17186|
20150706|101 |0|1|22973|1048|1878|1508|769|535|28711|
20150706|101 |0|2|67047|2179|7198|2|3|3339|79768|
20150706|101 |1|1|20895|1195|1772|1802|1248|1827|28739|
20150706|101 |1|2|61434|2476|7443|1|4|3208|74566|
20150706|190 |0|1|14191|1169|2329|2150|1171|278|21288|
20150706|190 |0|2|42310|2286|1776|2|5|2209|48588|
20150706|190 |1|1|12827|1215|1834|1964|1281|1077|20198|
20150706|190 |1|2|37134|2241|1779|1|4|2121|43280|
20150706|253 |0|1|21393|1706|2894|2987|2371|686|32037|
20150706|253 |0|2|70855|2535|471|2|0|4647|78510|
20150706|253 |1|1|18521|1677|2531|2681|3140|1857|30407|
20150706|253 |1|2|62270|2608|514|0|0|4103|69495|
20150706|254 |0|1|9428|1042|1371|1763|3711|341|17656|
20150706|254 |0|2|30417|1386|643|0|0|2345|34791|
20150706|254 |1|1|9373|879|1347|1454|2629|1072|16754|
20150706|254 |1|2|28763|1283|607|0|1|2235|32889|
20150706|651 |0|1|7954|273|391|318|327|241|9504|
20150706|651 |0|2|18970|485|659|0|0|1142|21256|
20150706|651 |1|1|7805|286|398|315|298|755|9857|
20150706|651 |1|2|19950|519|654|0|0|1229|22352|
20150706|685 |0|1|5988|710|1427|1499|3069|178|12871|
20150706|685 |0|2|16215|912|689|0|0|983|18799|
20150706|685 |1|1|4384|720|1250|1338|3010|449|11151|
20150706|685 |1|2|15401|906|777|0|0|1028|18112|
20150707|101 |0|1|20994|1094|1964|1570|893|479|26994|
20150707|101 |0|2|64250|2330|7066|0|3|3096|76745|
20150707|101 |1|1|20048|1366|2021|2263|1566|1740|29004|
20150707|101 |1|2|61755|2694|7280|0|3|3155|74887|
20150707|190 |0|1|12610|1354|2480|2052|1365|322|20183|
20150707|190 |0|2|38714|2420|1793|0|0|1981|44908|
20150707|190 |1|1|12341|1293|2179|2567|1577|1083|21040|
20150707|190 |1|2|37996|2345|1794|0|0|1972|44107|
20150707|253 |0|1|18964|1841|3110|3057|2493|626|30091|
20150707|253 |0|2|66427|2759|464|0|0|4318|73968|
20150707|253 |1|1|17679|1831|2873|3367|3338|1855|30943|
20150707|253 |1|2|61643|2762|535|0|0|3971|68911|
20150707|254 |0|1|8832|1111|1424|1774|3694|337|17172|
20150707|254 |0|2|29341|1372|604|0|0|2303|33620|
20150707|254 |1|1|9271|949|1460|1646|2991|1003|17320|
20150707|254 |1|2|28686|1279|567|0|0|2151|32683|
20150707|651 |0|1|7009|284|409|398|399|175|8674|
20150707|651 |0|2|18613|482|682|0|0|1063|20840|
20150707|651 |1|1|7099|281|407|351|371|627|9136|
20150707|651 |1|2|18420|512|672|0|0|1073|20677|
20150707|685 |0|1|4269|731|1457|1608|3569|156|11790|
20150707|685 |0|2|16178|985|817|0|0|1055|19035|
20150707|685 |1|1|4122|784|1356|1581|3262|422|11527|
20150707|685 |1|2|15523|967|740|0|0|1051|18281|
20150708|101 |0|1|20413|1029|1929|1538|766|459|26134|
20150708|101 |0|2|64017|2199|7097|0|1|3196|76510|
20150708|101 |1|1|19476|1235|1892|2130|1212|1680|27625|
20150708|101 |1|2|61220|2527|7305|0|1|3010|74063|
20150708|190 |0|1|11788|1084|2084|1514|996|277|17743|
20150708|190 |0|2|37424|2339|1787|1|5|1936|43492|
20150708|190 |1|1|11913|1162|1870|2186|1399|1001|19531|
20150708|190 |1|2|36697|2254|1777|1|5|1942|42676|
20150708|253 |0|1|18443|1644|2824|2944|2399|574|28828|
20150708|253 |0|2|66551|2578|532|0|0|4406|74067|
20150708|253 |1|1|17145|1614|2680|2993|3072|1821|29325|
20150708|253 |1|2|62113|2637|512|0|0|4065|69327|
20150708|254 |0|1|8617|945|1427|1687|3487|324|16487|
20150708|254 |0|2|29012|1375|612|0|0|2213|33212|
20150708|254 |1|1|9081|874|1445|1612|2805|1021|16838|
20150708|254 |1|2|29019|1210|631|0|0|2129|32989|
20150708|651 |0|1|6774|263|383|341|462|202|8425|
20150708|651 |0|2|18058|462|670|0|0|1075|20265|
20150708|651 |1|1|6397|294|363|337|394|648|8433|
20150708|651 |1|2|18101|491|665|0|0|1083|20340|
20150708|685 |0|1|4053|649|1431|1565|3289|155|11142|
20150708|685 |0|2|15343|856|783|0|0|1003|17985|
20150708|685 |1|1|4011|655|1287|1503|3044|403|10903|
20150708|685 |1|2|15004|948|754|0|0|1037|17743|
20150709|101 |0|1|20618|1015|1927|1485|837|509|26391|
20150709|101 |0|2|64916|2223|7075|0|1|3008|77223|
20150709|101 |1|1|19868|1240|1926|2190|1287|1672|28183|
20150709|101 |1|2|62638|2596|7353|0|1|3125|75713|
20150709|190 |0|1|12808|1225|2476|2002|1315|327|20153|
20150709|190 |0|2|40103|2372|1809|0|6|2012|46302|
20150709|190 |1|1|12118|1180|2020|2274|1456|993|20041|
20150709|190 |1|2|38181|2320|1778|0|6|1956|44241|
20150709|253 |0|1|19441|1737|2948|2977|2433|629|30165|
20150709|253 |0|2|67379|2553|522|0|0|4405|74859|
20150709|253 |1|1|17416|1673|2691|2997|3116|1870|29763|
20150709|253 |1|2|62285|2553|541|0|0|4179|69558|
20150709|254 |0|1|8934|902|1409|1680|3552|351|16828|
20150709|254 |0|2|30015|1370|610|0|1|2254|34250|
20150709|254 |1|1|9080|894|1462|1668|2832|1027|16963|
20150709|254 |1|2|28802|1247|577|0|0|2193|32819|
20150709|651 |0|1|7469|277|396|398|429|194|9163|
20150709|651 |0|2|19299|448|704|0|0|1075|21526|
20150709|651 |1|1|6748|310|377|362|400|682|8879|
20150709|651 |1|2|18443|481|709|0|0|1087|20720|
20150709|685 |0|1|4320|691|1424|1548|3363|150|11496|
20150709|685 |0|2|16017|929|766|0|0|1047|18759|
20150709|685 |1|1|3936|682|1324|1465|3013|413|10833|
20150709|685 |1|2|15762|911|759|0|0|1048|18480|
20150710|101 |0|1|25118|1137|1942|1533|866|510|31106|
20150710|101 |0|2|72815|2379|7789|0|1|3377|86361|
20150710|101 |1|1|22726|1394|1991|2276|1412|1994|31793|
20150710|101 |1|2|67564|2670|8140|0|1|3299|81674|
20150710|190 |0|1|16541|1375|2482|2074|1385|352|24209|
20150710|190 |0|2|48800|2356|2008|0|2|2348|55514|
20150710|190 |1|1|14294|1354|2078|2542|1529|1112|22909|
20150710|190 |1|2|43197|2399|1773|0|2|2252|49623|
20150710|253 |0|1|22277|1795|2941|2862|2519|695|33089|
20150710|253 |0|2|74415|2679|552|0|4|4652|82302|
20150710|253 |1|1|20007|1777|2766|3098|3326|2075|33049|
20150710|253 |1|2|68992|2771|621|0|3|4450|76837|
20150710|254 |0|1|9985|951|1451|1687|3512|375|17961|
20150710|254 |0|2|31773|1450|598|0|0|2387|36208|
20150710|254 |1|1|10243|976|1500|1733|3042|1139|18633|
20150710|254 |1|2|30847|1289|554|0|0|2256|34946|
20150710|651 |0|1|11279|282|445|460|436|283|13185|
20150710|651 |0|2|29492|489|769|0|0|1427|32177|
20150710|651 |1|1|7732|322|428|440|335|674|9931|
20150710|651 |1|2|20986|518|828|0|0|1193|23525|
20150710|685 |0|1|2715|290|639|842|1550|93|6129|
20150710|685 |0|2|18871|973|863|0|0|1150|21857|
20150710|685 |1|1|5048|694|1390|1580|3143|503|12358|
20150710|685 |1|2|17463|1011|732|2|3|1205|20416|
20150711|101 |0|1|30723|677|1226|705|558|494|34383|
20150711|101 |0|2|72600|1410|7461|0|1|2729|84201|
20150711|101 |1|1|27542|889|1338|1455|975|2093|34292|
20150711|101 |1|2|66439|1876|7533|0|1|2767|78616|
20150711|190 |0|1|20615|692|1348|878|765|337|24635|
20150711|190 |0|2|49850|1274|1757|0|0|1893|54774|
20150711|190 |1|1|18455|755|1313|1405|978|1340|24246|
20150711|190 |1|2|45551|1358|1900|0|0|1851|50660|
20150711|253 |0|1|27897|963|1825|1734|1533|598|34550|
20150711|253 |0|2|70507|1346|488|1|0|3557|75899|
20150711|253 |1|1|24374|995|1812|2070|2355|2178|33784|
20150711|253 |1|2|65090|1501|477|0|0|3460|70528|
20150711|254 |0|1|12861|500|772|812|2204|340|17489|
20150711|254 |0|2|31584|770|609|1|0|1953|34917|
20150711|254 |1|1|13284|550|892|1016|1840|1373|18955|
20150711|254 |1|2|32723|763|617|1|0|1952|36056|
20150711|651 |0|1|17357|162|408|217|195|322|18661|
20150711|651 |0|2|27943|213|548|0|0|1229|29933|
20150711|651 |1|1|12924|199|246|228|170|1065|14832|
20150711|651 |1|2|27276|272|868|0|0|1126|29542|
20150711|685 |0|1|7203|341|734|755|1941|159|11133|
20150711|685 |0|2|18548|377|870|0|0|906|20701|
20150711|685 |1|1|6471|358|792|900|1971|614|11106|
20150711|685 |1|2|17054|395|811|0|0|927|19187|
20150712|101 |0|1|21971|289|519|362|138|345|23624|
20150712|101 |0|2|51954|714|6449|0|0|2219|61336|
20150712|101 |1|1|24146|352|585|556|157|1836|27632|
20150712|101 |1|2|54435|694|6829|0|0|2164|64122|
20150712|190 |0|1|13425|256|555|428|138|241|15043|
20150712|190 |0|2|31050|602|1850|0|0|1409|34911|
20150712|190 |1|1|17338|283|461|769|138|1205|20194|
20150712|190 |1|2|39663|556|1705|0|0|1483|43407|
20150712|253 |0|1|20447|327|449|397|364|416|22400|
20150712|253 |0|2|52313|589|440|0|0|2749|56091|
20150712|253 |1|1|22126|264|393|466|410|1856|25515|
20150712|253 |1|2|52982|466|424|0|0|2473|56345|
20150712|254 |0|1|9928|155|219|241|291|271|11105|
20150712|254 |0|2|23435|276|562|0|0|1342|25615|
20150712|254 |1|1|10828|145|221|258|215|1015|12682|
20150712|254 |1|2|23800|234|571|0|0|1403|26008|
20150712|651 |0|1|7845|60|94|90|38|177|8304|
20150712|651 |0|2|17038|110|967|0|0|836|18951|
20150712|651 |1|1|13527|73|113|147|45|1041|14946|
20150712|651 |1|2|29103|135|939|0|0|1266|31443|
20150712|685 |0|1|4561|77|225|268|328|94|5553|
20150712|685 |0|2|11014|112|872|0|1|589|12588|
20150712|685 |1|1|5703|77|191|226|308|494|6999|
20150712|685 |1|2|14729|137|833|0|0|644|16343|
20150713|101 |0|1|21033|844|1703|1430|567|473|26050|
20150713|101 |0|2|62331|1942|7107|0|2|3192|74574|
20150713|101 |1|1|18360|930|1568|1465|800|1638|24761|
20150713|101 |1|2|55154|2242|7370|2|4|2962|67734|
20150713|190 |0|1|12977|1030|2076|1676|879|346|18984|
20150713|190 |0|2|39190|2091|1763|0|0|2051|45095|
20150713|190 |1|1|11438|986|1644|1655|874|1012|17609|
20150713|190 |1|2|34164|2051|1803|0|0|1931|39949|
20150713|253 |0|1|19452|1337|2640|2526|1665|576|28196|
20150713|253 |0|2|65615|2183|511|0|1|4303|72613|
20150713|253 |1|1|16049|1321|2242|2290|1985|1704|25591|
20150713|253 |1|2|56541|2214|490|0|0|3926|63171|
20150713|254 |0|1|9047|880|1276|1601|3018|324|16146|
20150713|254 |0|2|29509|1297|617|0|1|2218|33642|
20150713|254 |1|1|8672|727|1182|1364|2287|965|15197|
20150713|254 |1|2|26890|1092|609|0|1|2073|30665|
20150713|651 |0|1|6534|242|359|288|235|207|7865|
20150713|651 |0|2|16352|386|669|0|0|1080|18487|
20150713|651 |1|1|6648|261|319|330|226|663|8447|
20150713|651 |1|2|17283|449|659|0|0|1174|19565|
20150713|685 |0|1|5913|555|1302|1276|2502|178|11726|
20150713|685 |0|2|14769|733|658|0|0|948|17108|
20150713|685 |1|1|3966|575|1213|1199|2251|387|9591|
20150713|685 |1|2|14485|853|791|1|0|986|17116|
20150714|101 |0|1|21706|1053|1964|1632|799|481|27635|
20150714|101 |0|2|66503|2347|7191|0|1|3188|79230|
20150714|101 |1|1|20090|1252|2032|2247|1305|1717|28643|
20150714|101 |1|2|61058|2681|7353|1|2|3060|74155|
20150714|190 |0|1|13162|1327|2463|2030|1171|318|20471|
20150714|190 |0|2|40491|2401|1827|2|4|2095|46820|
20150714|190 |1|1|12390|1292|2054|2504|1278|1068|20586|
20150714|190 |1|2|37454|2338|1791|2|4|2046|43635|
20150714|253 |0|1|20242|1795|2966|3078|2214|620|30915|
20150714|253 |0|2|68909|2654|552|1|0|4390|76506|
20150714|253 |1|1|17617|1663|2811|3192|2968|1819|30070|
20150714|253 |1|2|62079|2587|542|0|0|4124|69332|
20150714|254 |0|1|9311|940|1437|1751|3449|365|17253|
20150714|254 |0|2|30466|1387|631|1|0|2311|34796|
20150714|254 |1|1|9405|901|1386|1755|2787|1101|17335|
20150714|254 |1|2|29582|1273|620|0|0|2250|33725|
20150714|651 |0|1|7773|293|374|401|358|231|9430|
20150714|651 |0|2|19376|480|730|1|0|1059|21646|
20150714|651 |1|1|6973|304|386|373|309|661|9006|
20150714|651 |1|2|18584|501|722|1|4|1109|20921|
20150714|685 |0|1|4541|717|1403|1573|3501|165|11900|
20150714|685 |0|2|16371|955|781|0|0|1037|19144|
20150714|685 |1|1|4263|730|1380|1487|3082|427|11369|
20150714|685 |1|2|15235|954|775|1|0|1047|18012|
20150715|101 |0|1|22118|1119|2051|1632|835|497|28252|
20150715|101 |0|2|66165|2283|7241|0|2|3174|78865|
20150715|101 |1|1|20622|1304|2071|2393|1297|1781|29468|
20150715|101 |1|2|62000|2696|7463|1|2|3098|75260|
20150715|190 |0|1|13260|1333|2402|2199|1274|316|20784|
20150715|190 |0|2|40491|2422|1827|0|4|2008|46752|
20150715|190 |1|1|12864|1297|2102|2648|1507|1064|21482|
20150715|190 |1|2|39238|2367|1795|0|4|2032|45436|
20150715|253 |0|1|20323|1783|3071|3034|2631|618|31460|
20150715|253 |0|2|68338|2645|577|0|1|4343|75904|
20150715|253 |1|1|18698|1721|2793|3111|3454|1856|31633|
20150715|253 |1|2|62550|2660|605|0|0|4098|69913|
20150715|254 |0|1|9279|1008|1418|1781|3599|368|17453|
20150715|254 |0|2|30499|1459|625|0|0|2329|34912|
20150715|254 |1|1|9453|936|1400|1733|2916|1062|17500|
20150715|254 |1|2|29422|1299|559|0|0|2158|33438|
20150715|651 |0|1|7749|287|417|384|377|221|9435|
20150715|651 |0|2|19821|470|726|0|0|1158|22175|
20150715|651 |1|1|7170|329|415|379|337|671|9301|
20150715|651 |1|2|19240|507|711|0|0|1114|21572|
20150715|685 |0|1|4500|699|1446|1618|3308|165|11736|
20150715|685 |0|2|16197|941|811|0|0|1018|18967|
20150715|685 |1|1|4370|739|1396|1521|3042|430|11498|
20150715|685 |1|2|15878|991|814|0|0|1035|18718|
20150716|101 |0|1|22786|1077|2017|1616|806|543|28845|
20150716|101 |0|2|67863|2326|7167|0|1|3326|80683|
20150716|101 |1|1|21324|1329|2041|2351|1387|1811|30243|
20150716|101 |1|2|64300|2626|7447|0|0|3155|77528|
20150716|190 |0|1|13373|1333|2432|2113|1411|321|20983|
20150716|190 |0|2|41371|2424|1890|0|0|2092|47777|
20150716|190 |1|1|13296|1324|2133|2561|1503|1121|21938|
20150716|190 |1|2|40243|2396|1825|1|0|1989|46454|
20150716|253 |0|1|20278|1735|3042|2919|2644|655|31273|
20150716|253 |0|2|69512|2664|559|1|0|4450|77186|
20150716|253 |1|1|19070|1740|2756|3136|3464|1867|32033|
20150716|253 |1|2|62241|2638|573|1|0|4013|69466|
20150716|254 |0|1|9537|1024|1375|1859|3793|348|17936|
20150716|254 |0|2|30738|1395|641|1|1|2284|35060|
20150716|254 |1|1|9728|1013|1466|1693|3016|1019|17935|
20150716|254 |1|2|30105|1319|614|1|1|2263|34303|
20150716|651 |0|1|8250|279|427|440|344|245|9985|
20150716|651 |0|2|20899|492|732|0|0|1125|23248|
20150716|651 |1|1|7436|302|422|389|313|738|9600|
20150716|651 |1|2|20257|513|766|0|0|1133|22669|
20150716|685 |0|1|4381|702|1349|1565|3215|145|11357|
20150716|685 |0|2|15821|931|768|0|0|1022|18542|
20150716|685 |1|1|4565|685|1258|1471|2973|478|11430|
20150716|685 |1|2|15189|894|719|0|0|979|17781|
20150717|101 |0|1|24808|1077|1926|1610|813|494|30728|
20150717|101 |0|2|71309|2232|7999|3|1|3265|84809|
20150717|101 |1|1|23493|1333|2030|2450|1388|1899|32593|
20150717|101 |1|2|68290|2656|8128|2|1|3343|82420|
20150717|190 |0|1|16828|1342|2338|2047|1377|395|24327|
20150717|190 |0|2|48334|2447|2043|0|2|2332|55158|
20150717|190 |1|1|15592|1356|2119|2476|1464|1319|24326|
20150717|190 |1|2|44332|2412|1811|0|0|2165|50720|
20150717|253 |0|1|23202|1579|2459|2388|2438|655|32721|
20150717|253 |0|2|74827|2585|564|1|0|4734|82711|
20150717|253 |1|1|21048|1596|2317|2591|3344|2035|32931|
20150717|253 |1|2|67208|2623|561|0|0|4354|74746|
20150717|254 |0|1|10012|1007|1364|1707|3609|369|18068|
20150717|254 |0|2|32365|1353|598|0|0|2353|36669|
20150717|254 |1|1|10549|951|1452|1694|2928|1134|18708|
20150717|254 |1|2|31454|1294|616|0|1|2309|35674|
20150717|651 |0|1|11593|300|436|452|398|276|13455|
20150717|651 |0|2|28643|492|813|0|0|1367|31315|
20150717|651 |1|1|8468|328|456|447|300|744|10743|
20150717|651 |1|2|21545|552|829|0|0|1226|24152|
20150717|685 |0|1|5562|709|1389|1550|3275|176|12661|
20150717|685 |0|2|18811|963|837|0|0|1154|21765|
20150717|685 |1|1|5405|716|1400|1479|3044|517|12561|
20150717|685 |1|2|18012|968|763|0|0|1176|20919|
20150718|101 |0|1|30062|659|1290|799|616|435|33861|
20150718|101 |0|2|71428|1403|7393|1|1|2733|82959|
20150718|101 |1|1|26761|840|1321|1540|952|1946|33360|
20150718|101 |1|2|64724|1850|7571|1|1|2683|76830|
20150718|190 |0|1|13002|691|1326|850|725|228|16822|
20150718|190 |0|2|49621|1257|1797|0|0|1927|54602|
20150718|190 |1|1|17598|691|1338|1310|984|1332|23253|
20150718|190 |1|2|44099|1330|1860|1|0|1803|49093|
20150718|253 |0|1|28181|842|1228|1122|1476|598|33447|
20150718|253 |0|2|71281|1371|487|0|0|3572|76711|
20150718|253 |1|1|24307|862|1282|1530|2145|2223|32349|
20150718|253 |1|2|63507|1447|524|0|0|3399|68877|
20150718|254 |0|1|12430|497|793|819|2149|358|17046|
20150718|254 |0|2|31326|732|634|0|0|1905|34597|
20150718|254 |1|1|12721|530|855|1072|1824|1313|18315|
20150718|254 |1|2|31463|711|623|0|0|1854|34651|
20150718|651 |0|1|15493|164|280|277|189|319|16722|
20150718|651 |0|2|31237|227|714|0|0|1312|33490|
20150718|651 |1|1|11444|186|256|214|181|932|13213|
20150718|651 |1|2|27292|292|964|0|0|1171|29719|
20150718|685 |0|1|7087|279|620|728|1794|143|10651|
20150718|685 |0|2|18101|339|887|0|0|874|20201|
20150718|685 |1|1|6299|321|696|753|1766|527|10362|
20150718|685 |1|2|16273|386|796|0|1|932|18388|
20150719|101 |0|1|25874|310|656|395|181|376|27792|
20150719|101 |0|2|62230|784|6570|0|0|2486|72070|
20150719|101 |1|1|27590|376|712|673|254|2018|31623|
20150719|101 |1|2|64522|794|7058|0|0|2427|74801|
20150719|190 |0|1|16034|292|681|479|199|278|17963|
20150719|190 |0|2|37108|643|1907|0|0|1494|41152|
20150719|190 |1|1|19482|329|626|815|199|1340|22791|
20150719|190 |1|2|45633|634|1824|1|0|1621|49713|
20150719|253 |0|1|24247|381|506|427|349|420|26330|
20150719|253 |0|2|59857|661|464|0|0|3022|64004|
20150719|253 |1|1|25225|318|435|498|363|2150|28989|
20150719|253 |1|2|60532|535|503|1|0|2760|64331|
20150719|254 |0|1|11506|185|262|278|357|290|12878|
20150719|254 |0|2|26583|351|640|0|0|1532|29106|
20150719|254 |1|1|11947|156|245|284|251|1204|14087|
20150719|254 |1|2|27079|289|601|0|0|1496|29465|
20150719|651 |0|1|10717|74|145|98|55|220|11309|
20150719|651 |0|2|23351|138|996|0|0|1016|25501|
20150719|651 |1|1|15157|93|113|164|35|1169|16731|
20150719|651 |1|2|32796|156|968|0|0|1384|35304|
20150719|685 |0|1|5455|93|242|223|373|129|6515|
20150719|685 |0|2|12659|127|830|0|0|696|14312|
20150719|685 |1|1|6453|101|192|208|378|548|7880|
20150719|685 |1|2|15999|131|835|0|0|748|17713|
20150720|101 |0|1|23374|977|1869|1524|835|585|29164|
20150720|101 |0|2|68733|2169|7316|0|2|3304|81524|
20150720|101 |1|1|21380|1131|1766|1737|1294|1917|29225|
20150720|101 |1|2|62835|2490|7591|0|2|3205|76123|
20150720|190 |0|1|14471|1248|2298|1961|1114|355|21447|
20150720|190 |0|2|43313|2284|1842|0|0|2281|49720|
20150720|190 |1|1|13247|1210|1826|1956|1168|1138|20545|
20150720|190 |1|2|38487|2171|1833|1|0|2083|44575|
20150720|253 |0|1|21634|1632|2780|2846|2357|644|31893|
20150720|253 |0|2|71399|2496|485|1|2|4508|78891|
20150720|253 |1|1|18394|1517|2498|2604|3116|1978|30107|
20150720|253 |1|2|61959|2498|573|1|2|4161|69194|
20150720|254 |0|1|9985|936|1355|1630|3465|394|17765|
20150720|254 |0|2|31822|1425|646|0|0|2416|36309|
20150720|254 |1|1|9654|901|1349|1407|2754|1094|17159|
20150720|254 |1|2|29334|1223|632|0|0|2176|33365|
20150720|651 |0|1|8309|268|401|341|329|232|9880|
20150720|651 |0|2|19783|474|759|0|0|1169|22185|
20150720|651 |1|1|8336|287|375|360|298|831|10487|
20150720|651 |1|2|20892|502|721|0|0|1244|23359|
20150720|685 |0|1|6417|707|1392|1525|2983|177|13201|
20150720|685 |0|2|16274|853|729|0|0|1028|18884|
20150720|685 |1|1|4585|644|1250|1364|2578|427|10848|
20150720|685 |1|2|15326|932|760|0|0|1043|18061|
20150721|101 |0|1|21644|1051|1976|1553|839|497|27560|
20150721|101 |0|2|64693|2306|7095|0|1|3189|77284|
20150721|101 |1|1|20201|1310|1940|2211|1267|1777|28706|
20150721|101 |1|2|61426|2658|7352|0|2|3186|74624|
20150721|190 |0|1|12849|1272|2468|2057|1179|344|20169|
20150721|190 |0|2|40241|2414|1861|1|3|2033|46553|
20150721|190 |1|1|12636|1235|2030|2523|1294|1067|20785|
20150721|190 |1|2|37920|2333|1837|1|3|1994|44088|
20150721|253 |0|1|19790|1695|3067|3055|2362|686|30655|
20150721|253 |0|2|68389|2569|584|0|0|4432|75974|
20150721|253 |1|1|18083|1680|2765|3217|3100|1955|30800|
20150721|253 |1|2|63243|2626|603|0|0|4212|70684|
20150721|254 |0|1|9170|1048|1369|1626|3789|347|17349|
20150721|254 |0|2|30371|1421|657|0|0|2310|34759|
20150721|254 |1|1|9392|943|1430|1698|2928|1032|17423|
20150721|254 |1|2|29404|1267|610|0|0|2143|33424|
20150721|651 |0|1|7554|279|409|349|315|196|9102|
20150721|651 |0|2|19274|475|781|0|0|1063|21593|
20150721|651 |1|1|7344|313|406|350|293|727|9433|
20150721|651 |1|2|19231|487|779|0|0|1133|21630|
20150721|685 |0|1|4523|701|1337|1439|3190|175|11365|
20150721|685 |0|2|15862|892|755|0|0|1022|18531|
20150721|685 |1|1|4382|700|1335|1452|3006|430|11305|
20150721|685 |1|2|15507|963|749|0|0|1052|18271|
20150722|101 |0|1|21726|1059|1932|1537|849|492|27595|
20150722|101 |0|2|64306|2271|7208|0|1|3179|76965|
20150722|101 |1|1|20293|1217|1945|2211|1321|1726|28713|
20150722|101 |1|2|60423|2596|7446|0|0|3144|73609|
20150722|190 |0|1|13747|1292|2321|2129|1220|309|21018|
20150722|190 |0|2|39913|2288|1854|0|0|1932|45987|
20150722|190 |1|1|12943|1255|2095|2429|1487|1077|21286|
20150722|190 |1|2|38512|2344|1833|0|0|1996|44685|
20150722|253 |0|1|21076|1773|3037|2918|2493|689|31986|
20150722|253 |0|2|67023|2553|540|2|1|4351|74470|
20150722|253 |1|1|18251|1669|2765|3059|3338|1894|30976|
20150722|253 |1|2|63743|2717|630|0|0|4153|71243|
20150722|254 |0|1|9381|1000|1421|1641|3806|347|17596|
20150722|254 |0|2|30637|1390|652|0|0|2320|34999|
20150722|254 |1|1|9674|925|1402|1759|3022|1069|17851|
20150722|254 |1|2|29845|1250|606|0|0|2230|33931|
20150722|651 |0|1|7947|284|425|405|386|236|9683|
20150722|651 |0|2|20006|478|725|0|0|1094|22303|
20150722|651 |1|1|7347|308|423|401|349|676|9504|
20150722|651 |1|2|19272|514|748|0|0|1095|21629|
20150722|685 |0|1|4512|699|1332|1550|3316|178|11587|
20150722|685 |0|2|16474|946|814|0|0|1080|19314|
20150722|685 |1|1|4498|722|1253|1474|2992|457|11396|
20150722|685 |1|2|15509|940|704|0|0|1120|18273|
20150723|101 |0|1|21940|1001|1908|1527|816|450|27642|
20150723|101 |0|2|65695|2227|7244|0|0|3180|78346|
20150723|101 |1|1|20975|1238|1933|2213|1307|1684|29350|
20150723|101 |1|2|61628|2526|7474|0|0|3066|74694|
20150723|190 |0|1|13582|1248|2319|2079|1241|337|20806|
20150723|190 |0|2|40512|2373|1914|1|2|2116|46918|
20150723|190 |1|1|13664|1306|2152|2387|1332|1065|21906|
20150723|190 |1|2|36743|2281|1661|1|2|1941|42629|
20150723|253 |0|1|19378|1640|2945|2892|2355|608|29818|
20150723|253 |0|2|68535|2534|619|1|1|4363|76053|
20150723|253 |1|1|18385|1625|2701|3087|3126|1898|30822|
20150723|253 |1|2|63347|2565|625|0|1|4049|70587|
20150723|254 |0|1|9193|1014|1315|1696|3366|325|16909|
20150723|254 |0|2|30131|1333|634|0|0|2229|34327|
20150723|254 |1|1|9409|909|1379|1631|2810|1060|17198|
20150723|254 |1|2|29202|1206|631|0|0|2152|33191|
20150723|651 |0|1|8200|289|433|362|338|210|9832|
20150723|651 |0|2|20334|460|809|0|0|1118|22721|
20150723|651 |1|1|7382|301|389|401|289|672|9434|
20150723|651 |1|2|19218|514|796|0|0|1123|21651|
20150723|685 |0|1|4521|646|1333|1564|3087|157|11308|
20150723|685 |0|2|16555|914|834|0|0|1071|19374|
20150723|685 |1|1|4620|668|1315|1472|2720|477|11272|
20150723|685 |1|2|16345|961|775|0|0|1091|19172|
20150724|101 |0|1|22241|886|1691|1294|569|453|27134|
20150724|101 |0|2|62439|2030|7956|0|1|2930|75356|
20150724|101 |1|1|20849|1123|1798|1834|905|1749|28258|
20150724|101 |1|2|59662|2431|8096|6|2|3072|73269|
20150724|190 |0|1|15435|1109|2039|1747|987|367|21684|
20150724|190 |0|2|44569|2198|1961|0|2|2147|50877|
20150724|190 |1|1|13853|1068|1901|2061|997|1162|21042|
20150724|190 |1|2|40676|2177|1847|0|2|2074|46776|
20150724|253 |0|1|20322|1374|2573|2627|1699|556|29151|
20150724|253 |0|2|70180|2206|568|2|0|4282|77238|
20150724|253 |1|1|18418|1321|2517|2732|2153|1896|29037|
20150724|253 |1|2|63277|2308|599|0|0|4170|70354|
20150724|254 |0|1|9222|873|1218|1438|2747|345|15843|
20150724|254 |0|2|29719|1291|626|0|1|2262|33899|
20150724|254 |1|1|9475|819|1276|1527|2334|1023|16454|
20150724|254 |1|2|29238|1127|597|0|0|2145|33107|
20150724|651 |0|1|9549|231|369|354|286|269|11058|
20150724|651 |0|2|24250|442|897|0|0|1184|26773|
20150724|651 |1|1|7397|249|338|380|231|686|9281|
20150724|651 |1|2|18293|492|882|0|1|1123|20791|
20150724|685 |0|1|5352|564|1211|1433|2766|178|11504|
20150724|685 |0|2|17798|819|851|0|0|1107|20575|
20150724|685 |1|1|4991|643|1192|1435|2518|498|11277|
20150724|685 |1|2|16586|825|760|0|0|1126|19297|
20150725|101 |0|1|29247|617|1131|645|355|419|32414|
20150725|101 |0|2|68042|1369|7431|1|1|2671|79515|
20150725|101 |1|1|24950|774|1182|1331|611|1876|30724|
20150725|101 |1|2|60607|1811|7428|1|1|2549|72397|
20150725|190 |0|1|19761|611|1119|691|487|298|22967|
20150725|190 |0|2|46150|1192|1742|0|2|1783|50869|
20150725|190 |1|1|16392|598|1140|1209|580|1191|21110|
20150725|190 |1|2|40203|1256|1905|0|2|1695|45061|
20150725|253 |0|1|25729|814|1506|1428|1035|525|31037|
20150725|253 |0|2|68180|1239|463|0|0|3348|73230|
20150725|253 |1|1|21993|830|1580|1917|1391|2073|29784|
20150725|253 |1|2|59651|1378|539|0|1|3255|64824|
20150725|254 |0|1|11514|472|654|689|1657|338|15324|
20150725|254 |0|2|29324|684|651|0|1|1731|32391|
20150725|254 |1|1|11330|470|822|928|1538|1129|16217|
20150725|254 |1|2|28563|665|651|0|0|1651|31530|
20150725|651 |0|1|13697|139|202|212|131|299|14680|
20150725|651 |0|2|28846|235|869|1|0|1279|31230|
20150725|651 |1|1|9620|165|254|176|95|825|11135|
20150725|651 |1|2|21682|283|952|0|0|1000|23917|
20150725|685 |0|1|6747|311|630|669|1487|152|9996|
20150725|685 |0|2|17410|386|921|0|1|800|19518|
20150725|685 |1|1|5678|316|673|765|1498|516|9446|
20150725|685 |1|2|15366|362|837|0|0|826|17391|
20150726|101 |0|1|27245|347|564|370|206|377|29109|
20150726|101 |0|2|64775|758|6648|0|1|2461|74643|
20150726|101 |1|1|27458|392|674|592|264|1908|31288|
20150726|101 |1|2|62785|723|6998|0|1|2386|72893|
20150726|190 |0|1|17380|319|562|443|148|297|19149|
20150726|190 |0|2|39410|586|1905|0|0|1615|43516|
20150726|190 |1|1|19096|340|481|931|175|1376|22399|
20150726|190 |1|2|43567|549|1836|0|0|1579|47531|
20150726|253 |0|1|24446|372|485|435|459|431|26628|
20150726|253 |0|2|61085|635|462|0|1|2977|65160|
20150726|253 |1|1|24573|302|405|498|464|1985|28227|
20150726|253 |1|2|58641|477|437|0|0|2736|62291|
20150726|254 |0|1|11561|203|240|302|454|292|13052|
20150726|254 |0|2|26396|312|625|1|0|1447|28781|
20150726|254 |1|1|11893|195|240|305|341|1207|14181|
20150726|254 |1|2|26096|252|637|0|0|1452|28437|
20150726|651 |0|1|12430|112|193|90|46|268|13139|
20150726|651 |0|2|26277|136|1006|0|0|1075|28494|
20150726|651 |1|1|14024|110|106|158|34|1140|15572|
20150726|651 |1|2|31633|145|1023|0|0|1298|34099|
20150726|685 |0|1|5684|97|231|228|415|109|6764|
20150726|685 |0|2|13208|135|856|0|0|672|14871|
20150726|685 |1|1|6280|120|222|178|391|500|7691|
20150726|685 |1|2|14954|144|837|0|0|652|16587|
20150727|101 |0|1|25707|999|1864|1536|750|596|31452|
20150727|101 |0|2|67570|2029|7393|0|2|3244|80238|
20150727|101 |1|1|22989|1095|1752|1584|1094|2030|30544|
20150727|101 |1|2|64078|2502|7611|0|2|3184|77377|
20150727|190 |0|1|16227|1155|2132|1952|919|364|22749|
20150727|190 |0|2|45021|2235|1849|0|0|2209|51314|
20150727|190 |1|1|15055|1211|1779|1939|1051|1262|22297|
20150727|190 |1|2|40474|2089|1876|0|0|2076|46515|
20150727|253 |0|1|23125|1604|2751|2749|1877|632|32738|
20150727|253 |0|2|69058|2334|557|1|1|4224|76175|
20150727|253 |1|1|20097|1502|2537|2626|2448|2023|31233|
20150727|253 |1|2|64612|2503|599|0|4|4234|71952|
20150727|254 |0|1|10664|1028|1414|1771|3598|377|18852|
20150727|254 |0|2|32742|1473|664|0|0|2369|37248|
20150727|254 |1|1|10213|814|1310|1404|2743|1164|17648|
20150727|254 |1|2|29923|1240|625|1|0|2171|33960|
20150727|651 |0|1|10316|280|403|355|293|281|11928|
20150727|651 |0|2|22861|467|809|0|0|1218|25355|
20150727|651 |1|1|9646|313|361|422|252|856|11850|
20150727|651 |1|2|23396|514|756|0|0|1338|26004|
20150727|685 |0|1|7956|762|1544|1437|2859|206|14764|
20150727|685 |0|2|14916|803|596|0|0|923|17238|
20150727|685 |1|1|5011|725|1261|1353|2560|500|11410|
20150727|685 |1|2|15601|883|825|0|0|1066|18375|
20150728|101 |0|1|24477|1102|1948|1628|906|539|30600|
20150728|101 |0|2|68286|2361|7291|1|2|3221|81162|
20150728|101 |1|1|22915|1296|2062|2287|1449|1870|31879|
20150728|101 |1|2|63978|2696|7432|2|3|3135|77246|
20150728|190 |0|1|14418|1277|2505|2105|1237|315|21857|
20150728|190 |0|2|43849|2359|1885|0|2|2193|50288|
20150728|190 |1|1|15879|1337|2147|2599|1423|1304|24689|
20150728|190 |1|2|41543|2290|1832|0|2|2052|47719|
20150728|253 |0|1|21729|1723|3009|3122|2257|660|32500|
20150728|253 |0|2|70484|2528|591|2|1|4299|77905|
20150728|253 |1|1|19935|1728|2857|3280|3061|2048|32909|
20150728|253 |1|2|64856|2639|624|0|0|4204|72323|
20150728|254 |0|1|9978|1028|1395|1848|3923|382|18554|
20150728|254 |0|2|31092|1502|641|0|0|2303|35538|
20150728|254 |1|1|10113|892|1497|1768|3138|1143|18551|
20150728|254 |1|2|30049|1265|593|0|0|2196|34103|
20150728|651 |0|1|10073|268|499|440|398|264|11942|
20150728|651 |0|2|23061|491|807|0|0|1327|25686|
20150728|651 |1|1|9889|303|463|453|322|912|12342|
20150728|651 |1|2|23154|560|842|0|0|1326|25882|
20150728|685 |0|1|4915|725|1372|1577|3382|154|12125|
20150728|685 |0|2|16703|912|782|0|0|1121|19518|
20150728|685 |1|1|4805|759|1340|1496|3085|486|11971|
20150728|685 |1|2|15617|913|726|0|0|1073|18329|
20150729|101 |0|1|25293|1034|1767|1480|770|497|30841|
20150729|101 |0|2|62611|2070|7257|0|0|2926|74864|
20150729|101 |1|1|22291|1171|1920|2118|1090|1862|30452|
20150729|101 |1|2|59558|2463|7488|0|1|2900|72410|
20150729|190 |0|1|15280|1181|2213|1894|1006|351|21925|
20150729|190 |0|2|42659|2230|1760|0|0|2029|48678|
20150729|190 |1|1|14889|1212|2030|2359|1173|1190|22853|
20150729|190 |1|2|40739|2201|1858|1|0|2030|46829|
20150729|253 |0|1|21039|1571|2696|2731|1937|571|30545|
20150729|253 |0|2|65123|2240|572|2|1|3998|71936|
20150729|253 |1|1|19845|1493|2515|2988|2552|2016|31409|
20150729|253 |1|2|63338|2388|582|0|1|4071|70380|
20150729|254 |0|1|9969|907|1238|1625|3210|333|17282|
20150729|254 |0|2|29766|1247|637|0|1|2235|33886|
20150729|254 |1|1|9895|817|1245|1588|2596|1128|17269|
20150729|254 |1|2|29441|1192|624|0|0|2096|33353|
20150729|651 |0|1|10559|256|417|408|341|254|12235|
20150729|651 |0|2|23804|469|786|1|0|1238|26298|
20150729|651 |1|1|9223|302|380|461|285|842|11493|
20150729|651 |1|2|21821|515|795|0|0|1221|24352|
20150729|685 |0|1|6284|691|1366|1415|2877|209|12842|
20150729|685 |0|2|14803|664|632|0|1|906|17006|
20150729|685 |1|1|4870|649|1229|1439|2727|512|11426|
20150729|685 |1|2|15876|832|830|0|0|1074|18612|
20150730|101 |0|1|27246|1075|1856|1566|783|541|33067|
20150730|101 |0|2|69240|2226|7459|0|1|3245|82171|
20150730|101 |1|1|24508|1270|2016|2329|1181|2023|33327|
20150730|101 |1|2|65319|2552|7488|0|1|3164|78524|
20150730|190 |0|1|16514|1283|2253|2055|1200|376|23681|
20150730|190 |0|2|46356|2313|1830|1|0|2182|52682|
20150730|190 |1|1|15992|1251|1983|2567|1379|1288|24460|
20150730|190 |1|2|41486|2334|1791|1|0|2065|47677|
20150730|253 |0|1|24396|1562|2723|2719|1938|625|33963|
20150730|253 |0|2|70806|2339|562|2|0|4251|77960|
20150730|253 |1|1|20591|1607|2673|3061|2619|2110|32661|
20150730|253 |1|2|64461|2526|590|0|0|4165|71742|
20150730|254 |0|1|11405|1031|1315|1683|3474|375|19283|
20150730|254 |0|2|32620|1345|657|1|0|2252|36875|
20150730|254 |1|1|11164|942|1378|1743|2942|1234|19403|
20150730|254 |1|2|31210|1264|662|0|0|2163|35299|
20150730|651 |0|1|13241|295|420|457|343|332|15088|
20150730|651 |0|2|27642|477|857|0|0|1384|30360|
20150730|651 |1|1|10161|295|457|467|308|915|12603|
20150730|651 |1|2|23237|527|797|0|0|1236|25797|
20150730|685 |0|1|7766|763|1444|1488|2915|212|14588|
20150730|685 |0|2|15671|657|590|3|0|903|17824|
20150730|685 |1|1|5136|706|1240|1425|2675|485|11667|
20150730|685 |1|2|15629|781|763|0|0|967|18140|
20150731|101 |0|1|31601|1000|1707|1375|748|593|37024|
20150731|101 |0|2|75743|2116|8183|0|0|3348|89390|
20150731|101 |1|1|26916|1214|1832|2149|1180|2246|35537|
20150731|101 |1|2|68652|2531|8165|0|0|3322|82670|
20150731|190 |0|1|22187|1133|1972|1958|1120|460|28830|
20150731|190 |0|2|53917|2083|1968|0|0|2324|60292|
20150731|190 |1|1|17730|1093|1866|2093|1272|1464|25518|
20150731|190 |1|2|45207|2025|1849|0|0|2246|51327|
20150731|253 |0|1|28991|1399|2534|2585|1817|660|37986|
20150731|253 |0|2|77611|2155|525|0|0|4449|84740|
20150731|253 |1|1|23084|1485|2534|2998|2759|2245|35105|
20150731|253 |1|2|67186|2318|592|0|0|4342|74438|
