20170401|101 |0|1|24099|356|552|321|128|300|25756|
20170401|101 |0|2|76427|1706|9344|586|488|2994|91545|
20170401|101 |1|1|21373|431|697|576|177|1719|24973|
20170401|101 |1|2|70930|2081|9268|1006|788|2981|87054|
20170401|190 |0|1|15748|288|499|371|150|199|17255|
20170401|190 |0|2|54521|1394|2355|504|700|2104|61578|
20170401|190 |1|1|13700|287|428|532|174|1061|16182|
20170401|190 |1|2|48403|1519|2510|855|884|1985|56156|
20170401|253 |0|1|21463|437|586|462|236|257|23441|
20170401|253 |0|2|73861|1361|1060|680|1333|3646|81941|
20170401|253 |1|1|18358|362|541|647|341|1649|21898|
20170401|253 |1|2|66183|1525|1049|967|1999|3474|75197|
20170401|254 |0|1|9558|227|428|438|379|177|11207|
20170401|254 |0|2|34355|871|1040|466|1984|2005|40721|
20170401|254 |1|1|9507|238|476|445|317|977|11960|
20170401|254 |1|2|33029|795|969|489|1659|1962|38903|
20170401|651 |0|1|9712|114|117|92|39|200|10274|
20170401|651 |0|2|33575|366|1063|135|285|1475|36899|
20170401|651 |1|1|7244|116|236|71|22|699|8388|
20170401|651 |1|2|26542|391|1062|78|256|1348|29677|
20170401|685 |0|1|6944|168|429|426|418|103|8488|
20170401|685 |0|2|19957|457|1092|318|1472|874|24170|
20170401|685 |1|1|5501|162|411|490|373|525|7462|
20170401|685 |1|2|18999|569|1153|422|1872|1074|24089|
20170402|101 |0|1|22613|174|299|163|38|283|23570|
20170402|101 |0|2|73479|893|7676|319|186|3084|85637|
20170402|101 |1|1|22999|232|508|326|44|1794|25903|
20170402|101 |1|2|73702|954|8250|619|286|2852|86663|
20170402|190 |0|1|12119|147|248|164|41|135|12854|
20170402|190 |0|2|46706|731|2322|336|251|1899|52245|
20170402|190 |1|1|15239|140|163|269|46|1154|17011|
20170402|190 |1|2|50995|584|2032|385|210|1919|56125|
20170402|253 |0|1|20195|244|222|176|53|218|21108|
20170402|253 |0|2|68007|678|771|297|453|3304|73510|
20170402|253 |1|1|20134|131|183|213|82|1720|22463|
20170402|253 |1|2|65616|572|736|277|449|2964|70614|
20170402|254 |0|1|8905|70|119|146|73|157|9470|
20170402|254 |0|2|30229|342|744|162|309|1600|33386|
20170402|254 |1|1|9356|76|133|124|49|957|10695|
20170402|254 |1|2|30220|290|753|146|247|1569|33225|
20170402|651 |0|1|7490|45|56|29|41|168|7829|
20170402|651 |0|2|24857|139|863|24|125|1169|27177|
20170402|651 |1|1|9087|56|108|66|20|797|10134|
20170402|651 |1|2|32303|170|934|22|111|1396|34936|
20170402|685 |0|1|5808|94|143|155|105|105|6410|
20170402|685 |0|2|18041|193|1119|169|501|837|20860|
20170402|685 |1|1|6220|58|98|123|80|525|7104|
20170402|685 |1|2|20526|194|909|153|481|809|23072|
20170403|101 |0|1|19196|500|919|679|218|374|21886|
20170403|101 |0|2|71560|2622|8898|1187|782|3564|88613|
20170403|101 |1|1|16645|554|995|856|232|1643|20925|
20170403|101 |1|2|67301|3072|9119|1501|1148|3557|85698|
20170403|190 |0|1|10808|518|1055|964|247|224|13816|
20170403|190 |0|2|44445|2684|2967|1446|1287|2170|54999|
20170403|190 |1|1|9704|488|773|818|319|917|13019|
20170403|190 |1|2|39335|2587|3034|1332|1392|1977|49657|
20170403|253 |0|1|15987|708|1273|1045|343|289|19645|
20170403|253 |0|2|70734|2847|2130|1983|2145|4246|84085|
20170403|253 |1|1|14121|708|959|996|454|1479|18717|
20170403|253 |1|2|62103|2879|2047|1830|2711|4010|75580|
20170403|254 |0|1|7155|421|763|930|701|230|10200|
20170403|254 |0|2|32055|1723|1352|1026|3396|2342|41894|
20170403|254 |1|1|7259|425|723|760|580|809|10556|
20170403|254 |1|2|30151|1473|1197|679|2558|2084|38142|
20170403|651 |0|1|5569|137|203|171|50|173|6303|
20170403|651 |0|2|21047|638|1007|259|523|1373|24847|
20170403|651 |1|1|5396|163|306|161|50|527|6603|
20170403|651 |1|2|21166|651|944|229|472|1436|24898|
20170403|685 |0|1|5098|377|1045|1039|1037|136|8732|
20170403|685 |0|2|17610|1197|1254|737|2732|1109|24639|
20170403|685 |1|1|3959|387|753|784|624|417|6924|
20170403|685 |1|2|17281|1333|1345|720|3028|1215|24922|
20170404|101 |0|1|17999|560|1021|737|252|353|20922|
20170404|101 |0|2|70670|2817|9180|1339|991|3501|88498|
20170404|101 |1|1|16518|630|1045|1082|330|1468|21073|
20170404|101 |1|2|67157|3227|9250|1905|1467|3374|86380|
20170404|190 |0|1|11163|517|1176|980|277|218|14331|
20170404|190 |0|2|39078|2752|2957|1563|1370|1987|49707|
20170404|190 |1|1|9536|516|916|1129|373|840|13310|
20170404|190 |1|2|38570|2839|3140|1814|1703|1942|50008|
20170404|253 |0|1|14924|781|1429|1214|426|272|19046|
20170404|253 |0|2|68046|3075|2258|2073|2391|4220|82063|
20170404|253 |1|1|13562|726|1177|1326|608|1443|18842|
20170404|253 |1|2|62836|3119|2243|2304|3179|3970|77651|
20170404|254 |0|1|6802|455|864|1129|1012|222|10484|
20170404|254 |0|2|31945|1730|1376|958|3514|2251|41774|
20170404|254 |1|1|6811|479|777|961|600|839|10467|
20170404|254 |1|2|30490|1500|1288|841|2853|2126|39098|
20170404|651 |0|1|5242|148|233|193|73|148|6037|
20170404|651 |0|2|20808|675|1004|314|491|1388|24680|
20170404|651 |1|1|4995|182|335|162|51|506|6231|
20170404|651 |1|2|20546|694|960|248|464|1400|24312|
20170404|685 |0|1|3972|389|1010|1042|1150|108|7671|
20170404|685 |0|2|16722|1196|1314|758|2815|1120|23925|
20170404|685 |1|1|3725|389|781|857|692|387|6831|
20170404|685 |1|2|16661|1309|1347|858|3256|1126|24557|
20170405|101 |0|1|16375|498|908|637|233|310|18961|
20170405|101 |0|2|67627|2690|9204|1219|950|3376|85066|
20170405|101 |1|1|15476|572|985|994|273|1372|19672|
20170405|101 |1|2|63998|3183|9529|1806|1339|3276|83131|
20170405|190 |0|1|10007|497|1091|937|233|198|12963|
20170405|190 |0|2|42333|2792|3172|1450|1359|2106|53212|
20170405|190 |1|1|9881|489|856|991|313|833|13363|
20170405|190 |1|2|40183|2746|3006|1634|1494|1989|51052|
20170405|253 |0|1|13476|694|1252|1073|369|229|17093|
20170405|253 |0|2|64903|2853|2233|1987|2289|3876|78141|
20170405|253 |1|1|13488|655|1112|1232|520|1311|18318|
20170405|253 |1|2|60949|2855|2144|2164|2974|3701|74787|
20170405|254 |0|1|6403|409|755|842|645|192|9246|
20170405|254 |0|2|30213|1692|1395|954|3366|2142|39762|
20170405|254 |1|1|6684|427|736|864|566|792|10069|
20170405|254 |1|2|29713|1445|1191|769|2547|2012|37677|
20170405|651 |0|1|4708|155|200|168|76|131|5438|
20170405|651 |0|2|18964|592|987|274|485|1227|22529|
20170405|651 |1|1|4866|163|291|142|75|511|6048|
20170405|651 |1|2|19615|628|1027|209|458|1304|23241|
20170405|685 |0|1|3722|316|825|876|783|109|6631|
20170405|685 |0|2|16153|1122|1342|733|2632|1025|23007|
20170405|685 |1|1|3731|340|752|758|565|396|6542|
20170405|685 |1|2|16471|1201|1336|823|2863|1033|23727|
20170406|101 |0|1|17490|531|922|697|189|336|20165|
20170406|101 |0|2|70427|2644|9095|1145|758|3497|87566|
20170406|101 |1|1|16293|579|934|899|213|1478|20396|
20170406|101 |1|2|69806|3091|9369|1665|1096|3411|88438|
20170406|190 |0|1|9847|456|1041|865|228|203|12640|
20170406|190 |0|2|42215|2785|3184|1447|1179|2102|52912|
20170406|190 |1|1|9409|486|805|918|315|865|12798|
20170406|190 |1|2|40279|2722|3114|1546|1280|2044|50985|
20170406|253 |0|1|14346|717|1189|981|359|248|17840|
20170406|253 |0|2|65961|2787|2206|1941|2009|4100|79004|
20170406|253 |1|1|13512|598|1043|1082|489|1486|18210|
20170406|253 |1|2|61560|2782|2093|1987|2523|3835|74780|
20170406|254 |0|1|6814|400|750|807|614|210|9595|
20170406|254 |0|2|31505|1678|1364|916|3119|2296|40878|
20170406|254 |1|1|6838|416|714|844|539|824|10175|
20170406|254 |1|2|30615|1432|1229|783|2418|2195|38672|
20170406|651 |0|1|4896|149|182|179|64|149|5619|
20170406|651 |0|2|19652|619|993|255|373|1352|23244|
20170406|651 |1|1|4539|180|293|155|60|486|5713|
20170406|651 |1|2|19449|605|955|206|371|1359|22945|
20170406|685 |0|1|3935|335|944|924|779|113|7030|
20170406|685 |0|2|17535|1181|1427|797|2744|1177|24861|
20170406|685 |1|1|3492|366|772|814|551|383|6378|
20170406|685 |1|2|17517|1313|1453|811|2955|1173|25222|
20170407|101 |0|1|20080|521|945|631|189|384|22750|
20170407|101 |0|2|77792|2778|10088|1176|849|3562|96245|
20170407|101 |1|1|18151|605|1044|949|245|1741|22735|
20170407|101 |1|2|75022|3246|10210|1676|1257|3693|95104|
20170407|190 |0|1|12029|515|1015|923|235|232|14949|
20170407|190 |0|2|49628|2693|3225|1390|1304|2295|60535|
20170407|190 |1|1|11162|531|847|973|305|987|14805|
20170407|190 |1|2|45433|2748|3194|1597|1578|2233|56783|
20170407|253 |0|1|17278|774|1255|1009|365|317|20998|
20170407|253 |0|2|74819|2959|2286|1962|2481|4510|89017|
20170407|253 |1|1|15264|691|1115|1173|477|1574|20294|
20170407|253 |1|2|67918|2987|2218|2046|3018|4309|82496|
20170407|254 |0|1|7481|428|747|896|625|224|10401|
20170407|254 |0|2|33333|1697|1336|950|3256|2369|42941|
20170407|254 |1|1|7746|472|806|866|577|912|11379|
20170407|254 |1|2|33369|1491|1225|862|2701|2361|42009|
20170407|651 |0|1|7438|140|240|180|64|161|8223|
20170407|651 |0|2|28030|629|1218|268|462|1607|32214|
20170407|651 |1|1|5727|169|350|169|62|611|7088|
20170407|651 |1|2|23301|637|1197|202|428|1539|27304|
20170407|685 |0|1|5000|392|991|961|930|138|8412|
20170407|685 |0|2|21122|1304|1489|785|2742|1297|28739|
20170407|685 |1|1|4270|396|817|776|602|436|7297|
20170407|685 |1|2|19240|1387|1385|821|3090|1321|27244|
20170408|101 |0|1|25569|371|629|283|126|329|27307|
20170408|101 |0|2|75990|1665|9992|561|490|3034|91732|
20170408|101 |1|1|22471|423|770|548|143|1813|26168|
20170408|101 |1|2|73588|2159|9814|1002|769|3043|90375|
20170408|190 |0|1|12158|281|495|379|133|149|13595|
20170408|190 |0|2|54278|1271|2396|492|700|2067|61204|
20170408|190 |1|1|14149|300|484|571|176|1163|16843|
20170408|190 |1|2|49318|1467|2614|974|1079|2038|57490|
20170408|253 |0|1|21892|468|583|504|244|212|23903|
20170408|253 |0|2|74871|1369|1128|689|1270|3753|83080|
20170408|253 |1|1|19662|369|571|689|300|1771|23362|
20170408|253 |1|2|69581|1524|1242|941|1980|3722|78990|
20170408|254 |0|1|9674|222|420|431|322|196|11265|
20170408|254 |0|2|35412|833|1106|494|1963|2023|41831|
20170408|254 |1|1|9618|250|429|494|250|979|12020|
20170408|254 |1|2|33307|820|1038|550|1544|1943|39202|
20170408|651 |0|1|11298|128|120|92|60|215|11913|
20170408|651 |0|2|37728|396|1138|158|298|1754|41472|
20170408|651 |1|1|8262|125|199|81|30|771|9468|
20170408|651 |1|2|29910|402|1123|99|271|1415|33220|
20170408|685 |0|1|7649|184|484|455|422|116|9310|
20170408|685 |0|2|20856|491|1194|354|1465|1020|25380|
20170408|685 |1|1|5565|195|410|473|382|544|7569|
20170408|685 |1|2|19652|576|1204|470|1880|1053|24835|
20170409|101 |0|1|22328|205|278|163|61|272|23307|
20170409|101 |0|2|71675|936|7983|310|245|2924|84073|
20170409|101 |1|1|22881|285|520|336|47|1812|25881|
20170409|101 |1|2|71708|963|8747|602|325|2752|85097|
20170409|190 |0|1|13922|165|271|186|41|185|14770|
20170409|190 |0|2|46352|783|2361|395|238|1892|52021|
20170409|190 |1|1|15892|154|221|254|53|1228|17802|
20170409|190 |1|2|52571|624|2102|418|199|1903|57817|
20170409|253 |0|1|19685|292|268|217|63|152|20677|
20170409|253 |0|2|66451|680|959|316|478|3283|72167|
20170409|253 |1|1|20046|159|188|228|103|1753|22477|
20170409|253 |1|2|65492|557|821|291|477|2989|70627|
20170409|254 |0|1|8815|68|128|126|87|142|9366|
20170409|254 |0|2|30402|356|802|165|342|1644|33711|
20170409|254 |1|1|9576|77|114|103|59|984|10913|
20170409|254 |1|2|31062|269|752|148|276|1629|34136|
20170409|651 |0|1|7506|64|79|43|12|174|7878|
20170409|651 |0|2|24703|145|897|43|82|1211|27081|
20170409|651 |1|1|9972|81|133|70|17|963|11236|
20170409|651 |1|2|34631|174|918|41|61|1553|37378|
20170409|685 |0|1|5532|62|132|140|85|124|6075|
20170409|685 |0|2|17966|230|1165|157|476|822|20816|
20170409|685 |1|1|6165|55|123|136|96|540|7115|
20170409|685 |1|2|20623|226|1062|148|486|896|23441|
20170410|101 |0|1|18949|488|940|644|243|414|21678|
20170410|101 |0|2|74089|2587|9063|1154|957|3656|91506|
20170410|101 |1|1|17122|558|884|909|254|1679|21406|
20170410|101 |1|2|70031|3009|9404|1614|1305|3650|89013|
20170410|190 |0|1|11314|543|1081|1072|253|265|14528|
20170410|190 |0|2|46744|2793|3093|1589|1339|2344|57902|
20170410|190 |1|1|10381|474|800|940|267|920|13782|
20170410|190 |1|2|40813|2679|3023|1379|1499|2187|51580|
20170410|253 |0|1|15601|694|1283|1026|318|294|19216|
20170410|253 |0|2|69355|2736|2069|1988|2236|4264|82648|
20170410|253 |1|1|13947|722|995|1051|492|1496|18703|
20170410|253 |1|2|62813|2808|2071|1840|2816|3969|76317|
20170410|254 |0|1|7350|426|739|922|628|199|10264|
20170410|254 |0|2|32738|1744|1300|991|3296|2383|42452|
20170410|254 |1|1|7333|419|705|789|546|948|10740|
20170410|254 |1|2|31261|1475|1215|728|2443|2204|39326|
20170410|651 |0|1|5932|160|218|161|63|148|6682|
20170410|651 |0|2|21831|616|1031|257|514|1390|25639|
20170410|651 |1|1|5804|180|333|157|50|628|7152|
20170410|651 |1|2|22762|647|999|203|459|1507|26577|
20170410|685 |0|1|5164|362|1047|975|947|116|8611|
20170410|685 |0|2|17720|1173|1266|782|2671|1120|24732|
20170410|685 |1|1|3856|330|820|733|600|423|6762|
20170410|685 |1|2|17372|1309|1379|763|2889|1194|24906|
20170411|101 |0|1|17424|523|1026|716|246|358|20293|
20170411|101 |0|2|70916|2801|9209|1287|970|3505|88688|
20170411|101 |1|1|16084|563|1009|1087|271|1463|20477|
20170411|101 |1|2|67945|3295|9478|1895|1437|3555|87605|
20170411|190 |0|1|10414|521|1185|989|277|230|13616|
20170411|190 |0|2|44185|3010|3333|1638|1536|2226|55928|
20170411|190 |1|1|9722|523|967|1081|368|853|13514|
20170411|190 |1|2|40348|2875|3237|1795|1730|2056|52041|
20170411|253 |0|1|14657|722|1369|1104|366|277|18495|
20170411|253 |0|2|66470|2928|2295|2079|2421|4137|80330|
20170411|253 |1|1|13704|686|1099|1312|533|1414|18748|
20170411|253 |1|2|63056|2924|2256|2267|3176|3907|77586|
20170411|254 |0|1|6968|408|801|926|680|229|10012|
20170411|254 |0|2|32323|1658|1400|1010|3461|2291|42143|
20170411|254 |1|1|7101|482|775|927|623|846|10754|
20170411|254 |1|2|30981|1527|1256|849|2850|2163|39626|
20170411|651 |0|1|5344|178|256|199|71|141|6189|
20170411|651 |0|2|21490|716|1018|322|562|1329|25437|
20170411|651 |1|1|5336|186|348|171|76|551|6668|
20170411|651 |1|2|21405|719|1011|242|473|1348|25198|
20170411|685 |0|1|4046|391|1028|1071|1139|102|7777|
20170411|685 |0|2|17365|1249|1457|763|2866|1148|24848|
20170411|685 |1|1|3681|383|824|845|637|387|6757|
20170411|685 |1|2|16900|1371|1483|854|3092|1123|24823|
20170412|101 |0|1|17983|557|961|725|238|370|20834|
20170412|101 |0|2|70846|2761|9251|1186|950|3475|88469|
20170412|101 |1|1|16323|629|1028|960|278|1538|20756|
20170412|101 |1|2|69347|3261|9532|1791|1432|3503|88866|
20170412|190 |0|1|9634|516|1091|913|255|229|12638|
20170412|190 |0|2|41865|2799|3170|1569|1458|2029|52890|
20170412|190 |1|1|9111|530|868|971|323|772|12575|
20170412|190 |1|2|39016|2771|3070|1710|1639|1954|50160|
20170412|253 |0|1|14902|707|1311|1045|396|261|18622|
20170412|253 |0|2|68318|2995|2296|2036|2495|4305|82445|
20170412|253 |1|1|13340|701|1119|1179|532|1375|18246|
20170412|253 |1|2|61369|2918|2229|2151|3098|3935|75700|
20170412|254 |0|1|6874|448|785|914|659|214|9894|
20170412|254 |0|2|31494|1718|1405|979|3409|2280|41285|
20170412|254 |1|1|6900|466|774|880|588|874|10482|
20170412|254 |1|2|30872|1531|1307|837|2857|2202|39606|
20170412|651 |0|1|5522|153|259|164|69|143|6310|
20170412|651 |0|2|22135|653|1090|295|488|1393|26054|
20170412|651 |1|1|5348|192|348|149|53|555|6645|
20170412|651 |1|2|22240|657|1084|244|439|1388|26052|
20170412|685 |0|1|3878|338|953|1001|972|108|7250|
20170412|685 |0|2|16960|1202|1429|766|2779|1150|24286|
20170412|685 |1|1|3662|347|808|742|593|379|6531|
20170412|685 |1|2|16608|1297|1300|797|2928|1175|24105|
20170413|101 |0|1|17459|532|1033|688|213|380|20305|
20170413|101 |0|2|71448|2704|9461|1198|859|3454|89124|
20170413|101 |1|1|16886|613|1109|1033|233|1604|21478|
20170413|101 |1|2|71264|3232|9782|1882|1348|3527|91035|
20170413|190 |0|1|10353|532|1165|966|280|215|13511|
20170413|190 |0|2|44716|2995|3298|1590|1395|2193|56187|
20170413|190 |1|1|9583|513|918|1060|354|895|13323|
20170413|190 |1|2|41407|2982|3234|1776|1557|2066|53022|
20170413|253 |0|1|14568|730|1342|1075|396|275|18386|
20170413|253 |0|2|67582|2974|2352|1993|2399|4145|81445|
20170413|253 |1|1|14021|746|1126|1211|558|1445|19107|
20170413|253 |1|2|63393|2926|2300|2143|3091|3921|77774|
20170413|254 |0|1|6919|438|828|963|639|215|10002|
20170413|254 |0|2|32587|1735|1479|1007|3465|2339|42612|
20170413|254 |1|1|7247|486|828|888|580|851|10880|
20170413|254 |1|2|32407|1557|1409|840|2995|2251|41459|
20170413|651 |0|1|5629|170|270|176|66|157|6468|
20170413|651 |0|2|22751|635|1087|297|455|1391|26616|
20170413|651 |1|1|5319|198|372|164|62|580|6695|
20170413|651 |1|2|22489|678|1060|244|439|1433|26343|
20170413|685 |0|1|3918|391|1005|961|989|100|7364|
20170413|685 |0|2|17055|1254|1411|794|2754|1112|24380|
20170413|685 |1|1|3602|380|717|767|555|388|6409|
20170413|685 |1|2|16150|1295|1234|814|2805|1123|23421|
20170414|101 |0|1|18628|524|867|643|211|376|21249|
20170414|101 |0|2|72404|2696|9817|1156|847|3369|90289|
20170414|101 |1|1|17906|625|1043|957|273|1614|22418|
20170414|101 |1|2|72004|3226|10157|1748|1355|3605|92095|
20170414|190 |0|1|11807|527|1043|881|247|247|14752|
20170414|190 |0|2|49921|2851|3315|1374|1292|2399|61152|
20170414|190 |1|1|10719|518|866|960|296|945|14304|
20170414|190 |1|2|44553|2780|3105|1581|1496|2255|55770|
20170414|253 |0|1|16155|696|1207|951|361|281|19651|
20170414|253 |0|2|72990|2809|2260|1935|2427|4364|86785|
20170414|253 |1|1|15367|639|1061|1156|500|1501|20224|
20170414|253 |1|2|67933|2900|2228|2027|3034|4202|82324|
20170414|254 |0|1|7284|436|772|818|594|198|10102|
20170414|254 |0|2|33590|1694|1425|929|3198|2323|43159|
20170414|254 |1|1|7393|439|774|822|524|847|10799|
20170414|254 |1|2|32385|1440|1235|801|2671|2200|40732|
20170414|651 |0|1|7202|169|259|160|58|157|8005|
20170414|651 |0|2|28112|642|1198|282|429|1619|32282|
20170414|651 |1|1|5903|181|376|158|64|590|7272|
20170414|651 |1|2|23611|671|1171|223|405|1513|27594|
20170414|685 |0|1|4383|315|951|930|839|127|7545|
20170414|685 |0|2|19469|1215|1504|799|2793|1251|27031|
20170414|685 |1|1|4096|343|800|800|556|415|7010|
20170414|685 |1|2|18749|1324|1380|804|2991|1268|26516|
20170415|101 |0|1|23792|339|550|317|135|325|25458|
20170415|101 |0|2|76146|1713|9755|569|559|3048|91790|
20170415|101 |1|1|21694|437|832|591|149|1846|25549|
20170415|101 |1|2|70933|2173|9644|994|813|2980|87537|
20170415|190 |0|1|15854|298|527|371|124|227|17401|
20170415|190 |0|2|54027|1403|2442|514|700|2085|61171|
20170415|190 |1|1|13663|291|481|509|157|1141|16242|
20170415|190 |1|2|49087|1532|2526|918|887|2028|56978|
20170415|253 |0|1|21030|478|503|489|215|266|22981|
20170415|253 |0|2|73096|1388|1206|724|1341|3586|81341|
20170415|253 |1|1|19145|380|572|607|332|1821|22857|
20170415|253 |1|2|69285|1486|1240|963|2095|3611|78680|
20170415|254 |0|1|9614|205|397|434|310|171|11131|
20170415|254 |0|2|34934|792|1036|479|1931|2017|41189|
20170415|254 |1|1|9305|231|374|400|257|914|11481|
20170415|254 |1|2|33064|775|978|502|1549|1860|38728|
20170415|651 |0|1|10991|106|136|117|38|230|11618|
20170415|651 |0|2|37366|404|1112|140|328|1646|40996|
20170415|651 |1|1|8185|103|205|78|34|765|9370|
20170415|651 |1|2|30618|393|1106|87|272|1481|33957|
20170415|685 |0|1|6568|148|377|380|325|105|7903|
20170415|685 |0|2|21324|474|1253|370|1453|1030|25904|
20170415|685 |1|1|5539|186|411|454|331|494|7415|
20170415|685 |1|2|19117|588|1213|471|1824|1056|24269|
20170416|101 |0|1|21965|217|333|155|43|264|22977|
20170416|101 |0|2|71072|1018|7937|326|272|2945|83570|
20170416|101 |1|1|22286|266|536|334|52|1757|25231|
20170416|101 |1|2|72109|1082|8677|644|350|2878|85740|
20170416|190 |0|1|13280|151|266|192|65|172|14126|
20170416|190 |0|2|44361|766|2439|346|238|1802|49952|
20170416|190 |1|1|14943|170|226|230|54|1146|16769|
20170416|190 |1|2|50075|642|2185|397|222|1891|55412|
20170416|253 |0|1|19731|283|272|181|61|247|20775|
20170416|253 |0|2|65499|733|990|319|483|3330|71354|
20170416|253 |1|1|20010|215|223|226|90|1772|22536|
20170416|253 |1|2|66329|620|935|333|459|3060|71736|
20170416|254 |0|1|8917|77|123|136|67|135|9455|
20170416|254 |0|2|30749|378|789|171|273|1632|33992|
20170416|254 |1|1|9410|86|112|131|51|980|10770|
20170416|254 |1|2|30312|286|733|138|215|1561|33245|
20170416|651 |0|1|7670|55|49|22|11|160|7967|
20170416|651 |0|2|25926|162|894|40|95|1192|28309|
20170416|651 |1|1|9857|80|118|58|10|822|10945|
20170416|651 |1|2|34712|189|875|30|77|1453|37336|
20170416|685 |0|1|5671|57|144|121|97|100|6190|
20170416|685 |0|2|17477|221|1120|156|363|875|20212|
20170416|685 |1|1|5930|60|111|143|69|548|6861|
20170416|685 |1|2|19425|248|1011|150|369|884|22087|
20170417|101 |0|1|17558|423|851|599|161|343|19935|
20170417|101 |0|2|70521|2404|9118|1121|713|3561|87438|
20170417|101 |1|1|15911|511|831|738|170|1530|19691|
20170417|101 |1|2|65923|2845|9399|1429|1000|3580|84176|
20170417|190 |0|1|10703|505|1021|882|216|249|13576|
20170417|190 |0|2|44014|2608|3054|1449|1088|2294|54507|
20170417|190 |1|1|9866|447|816|762|227|927|13045|
20170417|190 |1|2|39597|2547|3083|1216|1152|2141|49736|
20170417|253 |0|1|15306|627|1218|879|333|251|18614|
20170417|253 |0|2|68506|2627|2107|1889|2110|4230|81469|
20170417|253 |1|1|13526|559|933|927|424|1406|17775|
20170417|253 |1|2|60318|2610|2143|1728|2359|3805|72963|
20170417|254 |0|1|6899|370|688|813|547|207|9524|
20170417|254 |0|2|32026|1553|1362|996|2979|2243|41159|
20170417|254 |1|1|6768|393|645|714|497|801|9818|
20170417|254 |1|2|28878|1291|1152|654|2330|2049|36354|
20170417|651 |0|1|5312|120|183|147|38|158|5958|
20170417|651 |0|2|20682|576|1047|251|432|1326|24314|
20170417|651 |1|1|5501|157|294|123|43|572|6690|
20170417|651 |1|2|21247|605|1009|211|410|1461|24943|
20170417|685 |0|1|4640|299|922|968|763|137|7729|
20170417|685 |0|2|17480|1164|1351|752|2533|1075|24355|
20170417|685 |1|1|3849|313|721|708|509|420|6520|
20170417|685 |1|2|17068|1243|1395|694|2581|1157|24138|
20170418|101 |0|1|16249|524|924|633|196|373|18899|
20170418|101 |0|2|68525|2749|9453|1286|876|3350|86239|
20170418|101 |1|1|15551|568|959|974|237|1460|19749|
20170418|101 |1|2|67237|3194|9904|1837|1323|3388|86883|
20170418|190 |0|1|9801|516|1118|962|237|235|12869|
20170418|190 |0|2|43520|2941|3327|1551|1288|2189|54816|
20170418|190 |1|1|9269|522|878|1006|300|866|12841|
20170418|190 |1|2|39670|2841|3215|1704|1509|2078|51017|
20170418|253 |0|1|14511|650|1268|992|378|290|18089|
20170418|253 |0|2|67639|2827|2403|2024|2275|4028|81196|
20170418|253 |1|1|13010|637|1124|1168|567|1432|17938|
20170418|253 |1|2|61070|2869|2331|2128|2980|3808|75186|
20170418|254 |0|1|6495|420|809|944|657|188|9513|
20170418|254 |0|2|31636|1752|1410|966|3320|2257|41341|
20170418|254 |1|1|6612|440|747|852|549|797|9997|
20170418|254 |1|2|29957|1467|1259|765|2583|2127|38158|
20170418|651 |0|1|5183|186|223|179|61|156|5988|
20170418|651 |0|2|20809|634|1060|297|421|1263|24484|
20170418|651 |1|1|4910|201|317|154|65|497|6144|
20170418|651 |1|2|20885|658|1068|225|436|1340|24612|
20170418|685 |0|1|3784|325|937|946|856|109|6957|
20170418|685 |0|2|16901|1198|1445|773|2796|1067|24180|
20170418|685 |1|1|3668|356|799|800|640|369|6632|
20170418|685 |1|2|16555|1270|1381|814|2844|1121|23985|
20170419|101 |0|1|16990|536|991|689|189|388|19783|
20170419|101 |0|2|69416|2740|9349|1224|928|3325|86982|
20170419|101 |1|1|16551|647|978|992|260|1582|21010|
20170419|101 |1|2|70736|3302|9766|1860|1333|3501|90498|
20170419|190 |0|1|10273|542|1159|979|218|243|13414|
20170419|190 |0|2|44789|3025|3344|1615|1384|2270|56427|
20170419|190 |1|1|9573|535|906|1097|329|846|13286|
20170419|190 |1|2|41229|2948|3234|1810|1514|2089|52824|
20170419|253 |0|1|14592|736|1298|1046|389|233|18294|
20170419|253 |0|2|68090|2994|2365|1961|2314|4109|81833|
20170419|253 |1|1|13402|710|1107|1196|575|1388|18378|
20170419|253 |1|2|62678|2908|2259|2041|2940|3888|76714|
20170419|254 |0|1|6818|429|735|916|675|206|9779|
20170419|254 |0|2|32173|1734|1466|982|3311|2417|42083|
20170419|254 |1|1|7189|479|740|836|593|839|10676|
20170419|254 |1|2|31768|1578|1325|835|2713|2249|40468|
20170419|651 |0|1|5650|159|204|161|66|146|6386|
20170419|651 |0|2|22416|672|1148|282|545|1374|26437|
20170419|651 |1|1|5362|191|308|146|58|576|6641|
20170419|651 |1|2|21919|675|1108|235|515|1390|25842|
20170419|685 |0|1|3987|355|1013|1014|1097|109|7575|
20170419|685 |0|2|17310|1314|1499|786|2791|1143|24843|
20170419|685 |1|1|3658|365|832|869|678|389|6791|
20170419|685 |1|2|16960|1381|1453|860|3021|1193|24868|
20170420|101 |0|1|17048|500|928|627|228|341|19672|
20170420|101 |0|2|70460|2795|9531|1224|1009|3405|88424|
20170420|101 |1|1|16454|602|1020|1007|254|1464|20801|
20170420|101 |1|2|70728|3249|9787|1802|1471|3569|90606|
20170420|190 |0|1|9980|519|1116|952|226|249|13042|
20170420|190 |0|2|43879|2892|3414|1545|1471|2216|55417|
20170420|190 |1|1|9759|485|916|1015|290|902|13367|
20170420|190 |1|2|41309|2853|3363|1645|1630|2090|52890|
20170420|253 |0|1|14537|737|1247|1045|421|285|18272|
20170420|253 |0|2|68319|2934|2376|2003|2538|4204|82374|
20170420|253 |1|1|13539|676|1145|1222|569|1429|18580|
20170420|253 |1|2|63701|2948|2300|2022|3023|3976|77970|
20170420|254 |0|1|6832|421|731|827|613|226|9650|
20170420|254 |0|2|31837|1677|1379|968|3304|2211|41376|
20170420|254 |1|1|7091|403|772|828|530|828|10452|
20170420|254 |1|2|31546|1503|1260|836|2721|2162|40028|
20170420|651 |0|1|5612|143|220|172|71|147|6365|
20170420|651 |0|2|22636|648|1155|252|472|1372|26535|
20170420|651 |1|1|5233|170|332|174|48|540|6497|
20170420|651 |1|2|22198|667|1090|229|451|1391|26026|
20170420|685 |0|1|3862|354|995|1023|1079|90|7403|
20170420|685 |0|2|17370|1209|1528|774|2905|1143|24929|
20170420|685 |1|1|3700|382|793|850|732|403|6860|
20170420|685 |1|2|17375|1328|1513|842|3095|1119|25272|
20170421|101 |0|1|19274|516|937|663|241|362|21993|
20170421|101 |0|2|73889|2764|10207|1225|982|3473|92540|
20170421|101 |1|1|17861|623|1077|968|291|1676|22496|
20170421|101 |1|2|73267|3281|10454|1788|1430|3675|93895|
20170421|190 |0|1|12403|537|1062|921|233|260|15416|
20170421|190 |0|2|51397|2935|3510|1365|1479|2448|63134|
20170421|190 |1|1|11087|520|913|996|329|1017|14862|
20170421|190 |1|2|46377|2887|3259|1589|1623|2378|58113|
20170421|253 |0|1|16650|732|1220|997|399|299|20297|
20170421|253 |0|2|73919|2952|2337|1939|2422|4464|88033|
20170421|253 |1|1|15454|658|1120|1171|545|1609|20557|
20170421|253 |1|2|68823|2955|2281|2086|3026|4294|83465|
20170421|254 |0|1|7661|426|805|876|635|208|10611|
20170421|254 |0|2|34378|1747|1495|968|3301|2409|44298|
20170421|254 |1|1|7713|467|820|905|594|887|11386|
20170421|254 |1|2|33110|1519|1414|884|2836|2320|42083|
20170421|651 |0|1|7661|168|242|197|98|173|8539|
20170421|651 |0|2|30036|672|1303|275|458|1650|34394|
20170421|651 |1|1|6207|187|334|164|87|649|7628|
20170421|651 |1|2|25427|715|1316|237|412|1544|29651|
20170421|685 |0|1|4806|401|1014|1088|1050|144|8503|
20170421|685 |0|2|19587|1279|1381|760|2886|1246|27139|
20170421|685 |1|1|4278|363|838|860|572|420|7331|
20170421|685 |1|2|18845|1402|1319|816|3190|1259|26831|
20170422|101 |0|1|23021|362|607|335|136|264|24725|
20170422|101 |0|2|74479|1756|9908|643|546|2939|90271|
20170422|101 |1|1|21920|458|795|594|169|1767|25703|
20170422|101 |1|2|72271|2240|9795|1069|815|3005|89195|
20170422|190 |0|1|15984|327|539|405|161|224|17640|
20170422|190 |0|2|54711|1412|2586|538|787|2006|62040|
20170422|190 |1|1|14020|300|500|594|209|1173|16796|
20170422|190 |1|2|49151|1550|2622|980|1080|2033|57416|
20170422|253 |0|1|21824|462|558|494|209|246|23793|
20170422|253 |0|2|74749|1452|1442|971|1305|3729|83648|
20170422|253 |1|1|19005|398|627|671|318|1806|22825|
20170422|253 |1|2|68031|1536|1451|1189|2077|3538|77822|
20170422|254 |0|1|9929|214|417|436|334|185|11515|
20170422|254 |0|2|36841|857|1152|475|1931|2085|43341|
20170422|254 |1|1|9858|239|453|504|299|1036|12389|
20170422|254 |1|2|34391|831|1050|543|1622|2015|40452|
20170422|651 |0|1|11164|106|161|99|49|233|11812|
20170422|651 |0|2|38550|439|1201|160|338|1706|42394|
20170422|651 |1|1|8629|124|218|89|31|793|9884|
20170422|651 |1|2|31509|449|1212|97|260|1456|34983|
20170422|685 |0|1|6347|139|460|416|366|102|7830|
20170422|685 |0|2|20624|543|1156|407|1728|953|25411|
20170422|685 |1|1|5122|163|423|430|309|488|6935|
20170422|685 |1|2|18419|604|1087|450|2001|1027|23588|
20170423|101 |0|1|20365|167|331|175|50|248|21336|
20170423|101 |0|2|68000|930|7813|317|221|2744|80025|
20170423|101 |1|1|21862|250|514|371|61|1781|24839|
20170423|101 |1|2|71270|977|8561|639|323|2781|84551|
20170423|190 |0|1|12891|159|310|174|37|174|13745|
20170423|190 |0|2|44566|792|2314|362|295|1755|50084|
20170423|190 |1|1|14822|172|220|268|57|1109|16648|
20170423|190 |1|2|49789|644|2130|429|288|1780|55060|
20170423|253 |0|1|19366|264|266|177|70|212|20355|
20170423|253 |0|2|65541|702|977|369|492|3283|71364|
20170423|253 |1|1|19670|172|196|228|93|1683|22042|
20170423|253 |1|2|63678|593|876|352|490|2946|68935|
20170423|254 |0|1|8990|87|139|137|68|150|9571|
20170423|254 |0|2|30742|352|842|181|353|1626|34096|
20170423|254 |1|1|9710|99|160|131|69|953|11122|
20170423|254 |1|2|30851|290|766|158|276|1609|33950|
20170423|651 |0|1|7863|56|75|32|22|171|8219|
20170423|651 |0|2|26479|170|966|42|95|1208|28960|
20170423|651 |1|1|10033|74|152|67|24|918|11268|
20170423|651 |1|2|35750|192|952|42|68|1473|38477|
20170423|685 |0|1|5626|62|140|150|108|96|6182|
20170423|685 |0|2|17744|235|1161|177|446|878|20641|
20170423|685 |1|1|5832|66|102|147|89|514|6750|
20170423|685 |1|2|19041|219|1008|157|425|797|21647|
20170424|101 |0|1|19393|511|1003|769|217|367|22260|
20170424|101 |0|2|71202|2524|9004|1210|846|3513|88299|
20170424|101 |1|1|16973|601|927|862|251|1553|21167|
20170424|101 |1|2|70291|3111|9486|1459|1219|3684|89250|
20170424|190 |0|1|11528|529|1090|1091|222|219|14679|
20170424|190 |0|2|47867|2821|3269|1561|1440|2404|59362|
20170424|190 |1|1|10299|482|844|901|270|939|13735|
20170424|190 |1|2|41518|2588|3183|1335|1446|2099|52169|
20170424|253 |0|1|15554|658|1248|1073|392|248|19173|
20170424|253 |0|2|69208|2851|2235|1953|2149|4311|82707|
20170424|253 |1|1|13978|630|1018|1046|503|1474|18649|
20170424|253 |1|2|62387|2800|2154|1856|2782|4050|76029|
20170424|254 |0|1|7518|419|811|895|698|214|10555|
20170424|254 |0|2|34063|1830|1522|985|3566|2488|44454|
20170424|254 |1|1|7283|435|730|817|556|829|10650|
20170424|254 |1|2|30551|1553|1266|717|2647|2216|38950|
20170424|651 |0|1|6097|192|254|170|94|180|6987|
20170424|651 |0|2|23207|655|1044|255|469|1451|27081|
20170424|651 |1|1|6124|195|328|158|55|637|7497|
20170424|651 |1|2|23971|695|1012|229|462|1546|27915|
20170424|685 |0|1|5325|370|988|989|872|124|8668|
20170424|685 |0|2|16940|1141|1193|760|2629|1059|23722|
20170424|685 |1|1|3955|383|787|746|609|403|6883|
20170424|685 |1|2|16864|1297|1333|662|2947|1154|24257|
20170425|101 |0|1|17297|559|981|760|240|368|20205|
20170425|101 |0|2|71184|2867|9542|1344|933|3452|89322|
20170425|101 |1|1|16522|643|1005|1116|318|1661|21265|
20170425|101 |1|2|69663|3307|9773|1894|1442|3619|89698|
20170425|190 |0|1|10030|571|1156|1026|296|230|13309|
20170425|190 |0|2|42920|2942|3252|1548|1438|2123|54223|
20170425|190 |1|1|9624|495|946|1097|342|802|13306|
20170425|190 |1|2|40012|2886|3256|1782|1698|2069|51703|
20170425|253 |0|1|14446|775|1368|1148|452|264|18453|
20170425|253 |0|2|67182|3059|2550|2210|2426|4287|81714|
20170425|253 |1|1|13388|728|1109|1329|592|1351|18497|
20170425|253 |1|2|61415|3034|2430|2281|3249|3968|76377|
20170425|254 |0|1|6819|434|816|966|714|212|9961|
20170425|254 |0|2|32134|1766|1418|1000|3608|2329|42255|
20170425|254 |1|1|6869|480|811|937|592|818|10507|
20170425|254 |1|2|30892|1620|1333|872|2811|2161|39689|
20170425|651 |0|1|5761|154|220|189|64|161|6549|
20170425|651 |0|2|22382|707|1094|317|547|1422|26469|
20170425|651 |1|1|5615|196|278|164|77|556|6886|
20170425|651 |1|2|21908|724|1091|277|500|1406|25906|
20170425|685 |0|1|3862|409|1103|1237|1374|99|8084|
20170425|685 |0|2|17336|1230|1411|831|2730|1070|24608|
20170425|685 |1|1|3754|382|842|919|662|361|6920|
20170425|685 |1|2|17225|1319|1460|927|3396|1211|25538|
20170426|101 |0|1|17046|535|994|722|227|393|19917|
20170426|101 |0|2|70036|2853|9727|1288|891|3423|88218|
20170426|101 |1|1|16546|639|1081|1077|285|1590|21218|
20170426|101 |1|2|69605|3396|10012|1886|1432|3568|89899|
20170426|190 |0|1|10618|561|1120|998|254|245|13796|
20170426|190 |0|2|45157|3007|3381|1653|1534|2273|57005|
20170426|190 |1|1|9882|546|913|1037|353|897|13628|
20170426|190 |1|2|41598|2928|3313|1742|1725|2127|53433|
20170426|253 |0|1|14814|737|1342|1140|402|289|18724|
20170426|253 |0|2|67842|3025|2478|2166|2582|4278|82371|
20170426|253 |1|1|13439|742|1087|1209|581|1474|18532|
20170426|253 |1|2|62902|3004|2506|2263|3337|3969|77981|
20170426|254 |0|1|6709|486|769|916|727|209|9816|
20170426|254 |0|2|32534|1815|1495|1059|3624|2352|42879|
20170426|254 |1|1|7219|506|823|995|627|813|10983|
20170426|254 |1|2|31866|1576|1338|862|2961|2202|40805|
20170426|651 |0|1|5818|154|229|173|81|192|6647|
20170426|651 |0|2|22802|673|1162|330|661|1403|27031|
20170426|651 |1|1|5493|177|272|172|100|583|6797|
20170426|651 |1|2|22294|702|1095|252|563|1380|26286|
20170426|685 |0|1|3870|382|937|1095|1045|105|7434|
20170426|685 |0|2|17270|1236|1330|795|2924|1075|24630|
20170426|685 |1|1|3605|372|860|835|602|407|6681|
20170426|685 |1|2|16335|1351|1289|843|3265|1108|24191|
20170427|101 |0|1|17945|544|1035|694|219|397|20834|
20170427|101 |0|2|71922|2867|9603|1280|898|3464|90034|
20170427|101 |1|1|17102|647|1123|1093|305|1529|21799|
20170427|101 |1|2|70571|3317|9999|1957|1414|3461|90719|
20170427|190 |0|1|10713|629|1224|1032|279|229|14106|
20170427|190 |0|2|45570|3103|3531|1599|1503|2296|57602|
20170427|190 |1|1|9877|591|950|1081|343|873|13715|
20170427|190 |1|2|41599|3006|3353|1774|1638|2136|53506|
20170427|253 |0|1|14831|800|1307|1081|371|246|18636|
20170427|253 |0|2|69399|2973|2533|2011|2516|4135|83567|
20170427|253 |1|1|13938|716|1149|1180|522|1433|18938|
20170427|253 |1|2|64056|3059|2466|2255|3220|3916|78972|
20170427|254 |0|1|7135|459|834|926|716|213|10283|
20170427|254 |0|2|32781|1783|1503|1079|3664|2390|43200|
20170427|254 |1|1|7336|496|738|903|613|864|10950|
20170427|254 |1|2|32803|1612|1343|919|3097|2370|42144|
20170427|651 |0|1|5961|167|260|190|71|189|6838|
20170427|651 |0|2|23545|711|1231|317|577|1414|27795|
20170427|651 |1|1|5653|209|333|211|58|592|7056|
20170427|651 |1|2|22990|701|1189|251|515|1470|27116|
20170427|685 |0|1|3854|396|998|1045|1113|110|7516|
20170427|685 |0|2|17097|1223|1406|791|3006|1158|24681|
20170427|685 |1|1|3721|401|813|803|638|391|6767|
20170427|685 |1|2|16811|1274|1333|873|3305|1159|24755|
20170428|101 |0|1|19391|551|966|696|197|424|22225|
20170428|101 |0|2|75934|2735|10396|1292|1040|3636|95033|
20170428|101 |1|1|18017|644|1119|1068|264|1729|22841|
20170428|101 |1|2|72253|3292|10497|1917|1531|3668|93158|
20170428|190 |0|1|12810|584|1187|978|252|266|16077|
20170428|190 |0|2|52720|3126|3519|1562|1468|2574|64969|
20170428|190 |1|1|12123|610|1081|1123|344|1096|16377|
20170428|190 |1|2|45205|2916|3280|1797|1548|2282|57028|
20170428|253 |0|1|17292|770|1301|1037|407|306|21113|
20170428|253 |0|2|76005|3106|2430|2033|2529|4474|90577|
20170428|253 |1|1|15365|744|1064|1248|564|1644|20629|
20170428|253 |1|2|69122|3101|2372|2142|3178|4282|84197|
20170428|254 |0|1|7494|431|800|982|728|219|10654|
20170428|254 |0|2|34005|1764|1535|1046|3679|2421|44450|
20170428|254 |1|1|7902|436|808|963|619|935|11663|
20170428|254 |1|2|34131|1649|1352|946|3174|2380|43632|
20170429|101 |0|1|24300|378|642|347|155|285|26107|
20170429|101 |0|2|72398|1727|9882|638|556|2707|87908|
20170429|101 |1|1|21655|484|798|644|173|1841|25595|
20170429|101 |1|2|71179|2313|9472|1138|982|3020|88104|
20170429|190 |0|1|17527|301|587|433|149|202|19199|
20170429|190 |0|2|56990|1431|2417|616|798|2060|64312|
20170429|190 |1|1|13887|321|553|619|207|1073|16660|
20170429|190 |1|2|48507|1634|2669|987|1086|2006|56889|
20170429|253 |0|1|22581|456|575|510|214|276|24612|
20170429|253 |0|2|75858|1423|1127|754|1375|3605|84142|
20170429|253 |1|1|18595|411|645|741|315|1727|22434|
20170429|253 |1|2|65889|1587|1288|1040|2141|3394|75339|
20170429|254 |0|1|9925|234|463|481|405|208|11716|
20170429|254 |0|2|36442|1010|1164|582|2229|2124|43551|
20170429|254 |1|1|9214|282|439|512|368|982|11797|
20170429|254 |1|2|32774|994|1093|606|1808|1959|39234|
20170430|101 |0|1|22045|205|312|171|52|252|23037|
20170430|101 |0|2|67744|904|7456|365|244|2597|79310|
20170430|101 |1|1|22891|261|471|381|71|1716|25791|
20170430|101 |1|2|70871|1014|8138|735|327|2772|83857|
20170430|190 |0|1|15621|157|291|166|43|194|16472|
20170430|190 |0|2|51160|833|2263|369|238|1935|56798|
20170430|190 |1|1|15467|186|237|272|51|1148|17361|
20170430|190 |1|2|50946|735|2170|432|227|1904|56414|
20170430|253 |0|1|21226|254|235|166|94|181|22156|
20170430|253 |0|2|68254|659|788|319|455|3272|73747|
20170430|253 |1|1|20343|149|220|237|112|1691|22752|
20170430|253 |1|2|65342|581|790|342|491|2862|70408|
20170430|254 |0|1|9051|95|137|132|70|146|9631|
20170430|254 |0|2|31024|358|784|175|300|1555|34196|
20170430|254 |1|1|9883|95|134|145|62|969|11288|
20170430|254 |1|2|31139|288|738|163|268|1626|34222|
