20151101|101 |0|1|28079|327|528|390|203|397|29924|
20151101|101 |0|2|68565|950|8101|131|150|2771|80668|
20151101|101 |1|1|27994|433|752|593|262|2089|32123|
20151101|101 |1|2|67780|999|8758|230|145|2580|80492|
20151101|190 |0|1|16990|342|466|333|164|312|18607|
20151101|190 |0|2|40746|758|2439|139|112|1612|45806|
20151101|190 |1|1|19259|301|455|556|189|1357|22117|
20151101|190 |1|2|46815|708|2229|190|118|1680|51740|
20151101|253 |0|1|25656|426|477|419|321|441|27740|
20151101|253 |0|2|60650|690|865|167|363|2982|65717|
20151101|253 |1|1|25251|324|431|458|341|2067|28872|
20151101|253 |1|2|69127|681|927|173|348|3196|74452|
20151101|254 |0|1|11874|172|247|283|298|252|13126|
20151101|254 |0|2|29612|424|791|80|246|1600|32753|
20151101|254 |1|1|12605|192|257|287|251|1171|14763|
20151101|254 |1|2|28997|339|764|89|170|1576|31935|
20151101|651 |0|1|8611|113|114|80|34|247|9199|
20151101|651 |0|2|21714|161|931|27|30|1077|23940|
20151101|651 |1|1|11942|120|157|97|31|966|13313|
20151101|651 |1|2|30776|215|930|34|15|1223|33193|
20151101|685 |0|1|5803|93|215|230|282|112|6735|
20151101|685 |0|2|14316|164|1103|73|236|738|16630|
20151101|685 |1|1|6950|102|174|227|255|543|8251|
20151101|685 |1|2|18069|169|1095|75|239|767|20414|
20151102|101 |0|1|22726|897|1571|1255|663|503|27615|
20151102|101 |0|2|69254|2395|8576|426|433|3492|84576|
20151102|101 |1|1|20541|1039|1502|1510|838|1796|27226|
20151102|101 |1|2|65333|2854|8935|623|715|3377|81837|
20151102|190 |0|1|14009|1203|1726|1720|732|356|19746|
20151102|190 |0|2|44230|2677|2646|552|637|2292|53034|
20151102|190 |1|1|12689|1027|1491|1595|793|1107|18702|
20151102|190 |1|2|39108|2521|2669|508|661|2113|47580|
20151102|253 |0|1|19638|1322|2137|2104|1109|574|26884|
20151102|253 |0|2|63537|2561|1477|959|1073|4088|73695|
20151102|253 |1|1|17652|1313|1898|2108|1513|1880|26364|
20151102|253 |1|2|67366|3068|1754|876|1456|4533|79053|
20151102|254 |0|1|9072|743|1125|1377|1967|312|14596|
20151102|254 |0|2|32096|1603|1117|395|1711|2365|39287|
20151102|254 |1|1|8762|716|1069|1098|1532|970|14147|
20151102|254 |1|2|28266|1403|924|258|1136|2089|34076|
20151102|651 |0|1|6562|242|360|261|217|230|7872|
20151102|651 |0|2|18623|540|909|94|155|1126|21447|
20151102|651 |1|1|6591|268|407|276|208|641|8391|
20151102|651 |1|2|19413|581|859|102|132|1247|22334|
20151102|685 |0|1|5633|561|1101|1213|1817|162|10487|
20151102|685 |0|2|16870|1032|1240|413|1503|1020|22078|
20151102|685 |1|1|4190|551|982|1021|1620|430|8794|
20151102|685 |1|2|15251|1131|1148|336|1419|1000|20285|
20151103|101 |0|1|21638|985|1660|1374|711|487|26855|
20151103|101 |0|2|67631|2609|8884|514|485|3237|83360|
20151103|101 |1|1|19622|1130|1699|1986|991|1770|27198|
20151103|101 |1|2|63819|3077|9029|809|811|3254|80799|
20151103|190 |0|1|12708|1335|1783|1825|801|323|18775|
20151103|190 |0|2|41024|2847|2727|691|720|2145|50154|
20151103|190 |1|1|12141|1184|1630|2085|1034|1035|19109|
20151103|190 |1|2|39529|2803|2761|732|840|2047|48712|
20151103|253 |0|1|18721|1405|2277|2227|1233|598|26461|
20151103|253 |0|2|61761|2761|1634|1057|1254|4198|72665|
20151103|253 |1|1|17177|1392|2087|2571|1715|1829|26771|
20151103|253 |1|2|69495|3386|1835|1127|1741|4749|82333|
20151103|254 |0|1|8313|820|1198|1436|2177|312|14256|
20151103|254 |0|2|30848|1606|1120|411|1903|2373|38261|
20151103|254 |1|1|8722|803|1183|1385|1862|1003|14958|
20151103|254 |1|2|29795|1458|1095|333|1360|2169|36210|
20151103|651 |0|1|6625|251|353|298|272|235|8034|
20151103|651 |0|2|18927|568|898|125|196|1129|21843|
20151103|651 |1|1|6302|298|435|280|269|588|8172|
20151103|651 |1|2|19099|597|894|95|155|1193|22033|
20151103|685 |0|1|4351|552|1068|1202|1936|141|9250|
20151103|685 |0|2|15711|1067|1263|417|1646|1004|21108|
20151103|685 |1|1|4271|590|1020|1228|1806|417|9332|
20151103|685 |1|2|15203|1150|1204|393|1508|997|20455|
20151104|101 |0|1|21459|984|1560|1323|631|442|26399|
20151104|101 |0|2|67390|2592|8933|505|470|3299|83189|
20151104|101 |1|1|19718|1131|1623|1824|939|1658|26893|
20151104|101 |1|2|62977|3002|9221|750|835|3204|79989|
20151104|190 |0|1|12491|1328|1719|1720|759|280|18297|
20151104|190 |0|2|41220|2764|2854|628|640|2135|50241|
20151104|190 |1|1|12059|1074|1610|2022|947|931|18643|
20151104|190 |1|2|39963|2769|2745|733|783|2196|49189|
20151104|253 |0|1|18643|1362|2263|2138|1179|575|26160|
20151104|253 |0|2|61645|2798|1703|1064|1319|3917|72446|
20151104|253 |1|1|17194|1417|2057|2457|1637|1844|26606|
20151104|253 |1|2|68621|3287|1918|1103|1627|4505|81061|
20151104|254 |0|1|8447|773|1146|1413|2097|326|14202|
20151104|254 |0|2|30664|1672|1101|433|1829|2336|38035|
20151104|254 |1|1|8897|747|1133|1376|1838|1013|15004|
20151104|254 |1|2|29485|1535|1016|333|1183|2159|35711|
20151104|651 |0|1|6199|268|351|276|278|187|7559|
20151104|651 |0|2|18756|568|902|113|183|1110|21632|
20151104|651 |1|1|6127|296|442|266|259|536|7926|
20151104|651 |1|2|18612|604|925|100|151|1115|21507|
20151104|685 |0|1|4297|530|1091|1283|1908|145|9254|
20151104|685 |0|2|15978|1094|1303|434|1665|1009|21483|
20151104|685 |1|1|4265|554|1018|1200|1802|422|9261|
20151104|685 |1|2|15502|1093|1207|378|1604|1038|20822|
20151105|101 |0|1|21832|929|1585|1293|619|486|26744|
20151105|101 |0|2|68397|2572|8932|484|580|3312|84277|
20151105|101 |1|1|20112|1122|1678|1838|839|1719|27308|
20151105|101 |1|2|65008|2951|9155|753|873|3327|82067|
20151105|190 |0|1|12954|1266|1784|1648|817|292|18761|
20151105|190 |0|2|42458|2697|2877|689|687|2164|51572|
20151105|190 |1|1|12459|1065|1591|1975|938|1055|19083|
20151105|190 |1|2|40671|2692|2839|751|792|2097|49842|
20151105|253 |0|1|19073|1432|2132|2140|1133|571|26481|
20151105|253 |0|2|62781|2791|1633|1051|1271|4077|73604|
20151105|253 |1|1|18122|1404|1924|2418|1584|1934|27386|
20151105|253 |1|2|71546|3378|1855|1134|1703|4686|84302|
20151105|254 |0|1|8607|792|1092|1336|2135|355|14317|
20151105|254 |0|2|31234|1639|1128|447|1909|2358|38715|
20151105|254 |1|1|9164|733|1144|1328|1775|1003|15147|
20151105|254 |1|2|30636|1495|1071|362|1358|2294|37216|
20151105|651 |0|1|6777|250|377|271|233|212|8120|
20151105|651 |0|2|20066|576|947|117|175|1139|23020|
20151105|651 |1|1|6356|288|420|256|209|584|8113|
20151105|651 |1|2|19632|596|916|111|124|1153|22532|
20151105|685 |0|1|4333|550|1078|1204|1841|152|9158|
20151105|685 |0|2|16131|1088|1310|425|1701|1026|21681|
20151105|685 |1|1|4447|622|967|1179|1737|461|9413|
20151105|685 |1|2|16138|1152|1242|396|1624|1091|21643|
20151106|101 |0|1|24405|932|1530|1240|579|511|29197|
20151106|101 |0|2|72876|2541|9572|503|554|3408|89454|
20151106|101 |1|1|22336|1095|1627|1752|829|1945|29584|
20151106|101 |1|2|68491|3024|9939|760|812|3425|86451|
20151106|190 |0|1|15737|1210|1580|1696|696|347|21266|
20151106|190 |0|2|49275|2748|2987|668|671|2323|58672|
20151106|190 |1|1|13902|1022|1496|1932|842|1159|20353|
20151106|190 |1|2|42427|2563|2821|742|768|2073|51394|
20151106|253 |0|1|21208|1399|1993|2059|1123|621|28403|
20151106|253 |0|2|67133|2754|1702|989|1327|4157|78062|
20151106|253 |1|1|20622|1365|1920|2222|1548|2088|29765|
20151106|253 |1|2|76995|3379|1977|1109|1683|4879|90022|
20151106|254 |0|1|9133|778|1027|1282|1949|317|14486|
20151106|254 |0|2|31910|1557|1170|404|1853|2360|39254|
20151106|254 |1|1|9909|737|1111|1366|1725|1057|15905|
20151106|254 |1|2|31851|1437|1054|365|1393|2241|38341|
20151106|651 |0|1|9071|243|346|249|211|244|10364|
20151106|651 |0|2|26420|555|1053|128|173|1370|29699|
20151106|651 |1|1|7380|293|409|285|221|656|9244|
20151106|651 |1|2|21700|597|1120|119|148|1293|24977|
20151106|685 |0|1|5412|545|1074|1167|1742|152|10092|
20151106|685 |0|2|18998|1046|1359|451|1669|1144|24667|
20151106|685 |1|1|5434|552|1021|1168|1561|529|10265|
20151106|685 |1|2|18274|1092|1228|452|1655|1141|23842|
20151107|101 |0|1|27053|466|845|475|255|436|29530|
20151107|101 |0|2|64346|1530|9397|241|206|2551|78271|
20151107|101 |1|1|24510|600|1007|898|362|1783|29160|
20151107|101 |1|2|60093|1933|9313|410|316|2634|74699|
20151107|190 |0|1|18056|535|745|548|380|296|20560|
20151107|190 |0|2|43276|1327|2278|245|347|1693|49166|
20151107|190 |1|1|16395|497|756|958|427|1229|20262|
20151107|190 |1|2|41945|1435|2390|367|377|1830|48344|
20151107|253 |0|1|24526|512|809|741|447|462|27497|
20151107|253 |0|2|61781|1252|1055|348|604|3139|68179|
20151107|253 |1|1|22807|517|826|1035|769|1991|27945|
20151107|253 |1|2|68437|1625|1253|446|897|3694|76352|
20151107|254 |0|1|11006|330|518|491|863|271|13479|
20151107|254 |0|2|30103|755|880|194|868|1835|34635|
20151107|254 |1|1|11238|339|550|698|777|1047|14649|
20151107|254 |1|2|28094|694|738|194|621|1653|31994|
20151107|651 |0|1|10616|121|162|151|116|265|11431|
20151107|651 |0|2|27250|308|1094|48|69|1208|29977|
20151107|651 |1|1|8180|166|242|105|117|699|9509|
20151107|651 |1|2|22740|315|1109|30|61|1069|25324|
20151107|685 |0|1|6443|194|459|467|740|117|8420|
20151107|685 |0|2|17228|397|1221|173|705|801|20525|
20151107|685 |1|1|6193|216|484|591|751|517|8752|
20151107|685 |1|2|17096|447|1145|215|818|885|20606|
20151108|101 |0|1|23919|231|382|276|80|312|25200|
20151108|101 |0|2|57948|784|7831|122|85|2374|69144|
20151108|101 |1|1|23810|284|569|486|110|1754|27013|
20151108|101 |1|2|57889|807|8422|228|130|2290|69766|
20151108|190 |0|1|14636|212|354|312|84|249|15847|
20151108|190 |0|2|35606|646|2210|149|61|1509|40181|
20151108|190 |1|1|16219|190|319|398|82|1146|18354|
20151108|190 |1|2|39692|587|2039|159|70|1467|44014|
20151108|253 |0|1|22860|270|283|285|125|438|24261|
20151108|253 |0|2|59857|624|857|141|139|3072|64690|
20151108|253 |1|1|22519|249|297|299|172|1855|25391|
20151108|253 |1|2|57958|512|799|108|154|2742|62273|
20151108|254 |0|1|10756|125|191|212|179|226|11689|
20151108|254 |0|2|26762|315|759|73|172|1464|29545|
20151108|254 |1|1|11274|114|199|203|146|1045|12981|
20151108|254 |1|2|26346|264|763|70|129|1448|29020|
20151108|651 |0|1|6542|56|73|37|23|155|6886|
20151108|651 |0|2|16740|132|812|15|7|818|18524|
20151108|651 |1|1|9443|57|127|54|11|808|10500|
20151108|651 |1|2|25010|155|805|27|10|1039|27046|
20151108|685 |0|1|5430|60|163|191|210|90|6144|
20151108|685 |0|2|13725|139|1132|82|215|680|15973|
20151108|685 |1|1|6014|62|149|132|156|503|7016|
20151108|685 |1|2|15843|131|1105|72|225|691|18067|
20151109|101 |0|1|22534|773|1464|1093|510|480|26854|
20151109|101 |0|2|69638|2263|8477|492|464|3490|84824|
20151109|101 |1|1|19420|899|1385|1327|624|1705|25360|
20151109|101 |1|2|63383|2649|8764|641|686|3302|79425|
20151109|190 |0|1|13519|1072|1505|1542|632|335|18605|
20151109|190 |0|2|43293|2559|2599|605|637|2176|51869|
20151109|190 |1|1|12039|915|1313|1379|677|1096|17419|
20151109|190 |1|2|37656|2441|2685|529|682|2013|46006|
20151109|253 |0|1|20791|1251|1934|1896|960|589|27421|
20151109|253 |0|2|68270|2603|1572|990|1196|4311|78942|
20151109|253 |1|1|17749|1188|1701|1767|1193|1897|25495|
20151109|253 |1|2|67262|2982|1726|949|1541|4561|79021|
20151109|254 |0|1|9121|731|1151|1241|1845|313|14402|
20151109|254 |0|2|32165|1560|1119|437|1828|2448|39557|
20151109|254 |1|1|8853|670|1010|1084|1433|963|14013|
20151109|254 |1|2|28292|1286|979|275|1206|2153|34191|
20151109|651 |0|1|6295|224|311|206|188|199|7423|
20151109|651 |0|2|17809|521|878|92|133|1157|20590|
20151109|651 |1|1|6079|251|319|216|206|581|7652|
20151109|651 |1|2|18323|559|842|85|132|1200|21141|
20151109|685 |0|1|5720|479|1007|1140|1598|166|10110|
20151109|685 |0|2|16301|974|1189|407|1518|1036|21425|
20151109|685 |1|1|4032|462|929|1012|1351|442|8228|
20151109|685 |1|2|14987|1064|1219|344|1528|1014|20156|
20151110|101 |0|1|21694|893|1571|1316|536|492|26502|
20151110|101 |0|2|67055|2627|8741|538|434|3275|82670|
20151110|101 |1|1|19782|1092|1530|1828|801|1710|26743|
20151110|101 |1|2|64117|3028|8995|854|832|3420|81246|
20151110|190 |0|1|12907|1184|1670|1579|719|322|18381|
20151110|190 |0|2|40013|2745|2662|716|658|2061|48855|
20151110|190 |1|1|11751|1086|1484|1917|841|972|18051|
20151110|190 |1|2|38761|2719|2722|805|821|2094|47922|
20151110|253 |0|1|18920|1411|2197|2111|1125|561|26325|
20151110|253 |0|2|62514|2792|1717|1132|1421|3986|73562|
20151110|253 |1|1|17624|1404|2086|2408|1506|1848|26876|
20151110|253 |1|2|70636|3373|1838|1220|1848|4598|83513|
20151110|254 |0|1|6995|729|1087|1357|2031|232|12431|
20151110|254 |0|2|30548|1565|1073|447|2028|2358|38019|
20151110|254 |1|1|8870|801|1139|1345|1622|965|14742|
20151110|254 |1|2|29527|1454|1035|361|1427|2194|35998|
20151110|651 |0|1|6755|283|344|299|238|213|8132|
20151110|651 |0|2|18578|559|855|138|171|1146|21447|
20151110|651 |1|1|6468|296|443|285|267|572|8331|
20151110|651 |1|2|18362|593|822|101|126|1124|21128|
20151110|685 |0|1|4425|545|1067|1197|1792|137|9163|
20151110|685 |0|2|16412|1095|1311|496|1880|1041|22235|
20151110|685 |1|1|4242|553|996|1146|1603|448|8988|
20151110|685 |1|2|15895|1153|1261|438|1844|1047|21638|
20151111|101 |0|1|21280|896|1532|1274|567|452|26001|
20151111|101 |0|2|67360|2507|8635|569|579|3287|82937|
20151111|101 |1|1|20155|1048|1476|1780|768|1675|26902|
20151111|101 |1|2|64819|2951|8914|874|906|3304|81768|
20151111|190 |0|1|12496|1200|1588|1588|671|312|17855|
20151111|190 |0|2|41417|2712|2699|713|675|2200|50416|
20151111|190 |1|1|12421|1031|1487|1865|815|1034|18653|
20151111|190 |1|2|40663|2684|2765|812|813|2143|49880|
20151111|253 |0|1|19125|1347|2090|2069|1077|585|26293|
20151111|253 |0|2|63158|2782|1678|1112|1357|4051|74138|
20151111|253 |1|1|17391|1298|1873|2250|1422|1872|26106|
20151111|253 |1|2|71865|3331|1845|1245|1819|4702|84807|
20151111|254 |0|1|8733|784|1111|1296|1967|331|14222|
20151111|254 |0|2|31333|1690|1097|462|1930|2410|38922|
20151111|254 |1|1|8986|756|1142|1269|1653|1047|14853|
20151111|254 |1|2|30217|1468|1009|349|1362|2190|36595|
20151111|651 |0|1|6291|284|318|283|225|204|7605|
20151111|651 |0|2|19113|511|846|102|151|1122|21845|
20151111|651 |1|1|5967|304|378|268|238|541|7696|
20151111|651 |1|2|18897|580|844|97|120|1125|21663|
20151111|685 |0|1|4428|516|1102|1174|1774|151|9145|
20151111|685 |0|2|16232|1042|1279|442|1917|1120|22032|
20151111|685 |1|1|4458|549|1027|1179|1595|432|9240|
20151111|685 |1|2|16223|1125|1210|395|1854|1103|21910|
20151112|101 |0|1|22682|930|1604|1306|545|502|27569|
20151112|101 |0|2|68961|2468|8828|547|543|3439|84786|
20151112|101 |1|1|20475|1085|1507|1831|752|1696|27346|
20151112|101 |1|2|64260|2886|9044|863|790|3255|81098|
20151112|190 |0|1|13570|1038|1724|1536|695|326|18889|
20151112|190 |0|2|43340|2759|2818|728|722|2177|52544|
20151112|190 |1|1|13081|1032|1585|1830|810|1059|19397|
20151112|190 |1|2|40110|2688|2710|797|814|2049|49168|
20151112|253 |0|1|19364|1377|2152|2019|1088|606|26606|
20151112|253 |0|2|62868|2778|1766|1141|1353|3993|73899|
20151112|253 |1|1|18123|1416|1854|2357|1453|1865|27068|
20151112|253 |1|2|71579|3337|1912|1213|1878|4583|84502|
20151112|254 |0|1|8730|766|1057|1303|1896|325|14077|
20151112|254 |0|2|31101|1557|1074|430|1993|2308|38463|
20151112|254 |1|1|9143|789|1094|1286|1666|1062|15040|
20151112|254 |1|2|30847|1441|1064|403|1505|2253|37513|
20151112|651 |0|1|7026|282|348|274|226|203|8359|
20151112|651 |0|2|20773|537|906|151|180|1199|23746|
20151112|651 |1|1|6570|314|435|263|225|619|8426|
20151112|651 |1|2|20352|592|901|123|152|1235|23355|
20151112|685 |0|1|4442|509|1027|1159|1741|185|9063|
20151112|685 |0|2|16472|1067|1290|445|1915|1064|22253|
20151112|685 |1|1|4392|539|965|1101|1533|457|8987|
20151112|685 |1|2|15869|1136|1199|419|1779|1048|21450|
20151113|101 |0|1|23615|843|1449|1121|507|497|28032|
20151113|101 |0|2|69939|2438|9234|537|528|3177|85853|
20151113|101 |1|1|21024|995|1429|1616|677|1774|27515|
20151113|101 |1|2|64411|2824|9370|847|872|3162|81486|
20151113|190 |0|1|15944|1111|1526|1476|625|372|21054|
20151113|190 |0|2|47543|2643|2785|693|672|2261|56597|
20151113|190 |1|1|14002|936|1372|1747|776|1211|20044|
20151113|190 |1|2|43295|2638|2683|750|797|2236|52399|
20151113|253 |0|1|20256|1211|1980|1798|1015|558|26818|
20151113|253 |0|2|64395|2580|1628|1080|1400|3853|74936|
20151113|253 |1|1|19710|1270|1841|2068|1357|1990|28236|
20151113|253 |1|2|71934|3023|1920|1161|1748|4550|84336|
20151113|254 |0|1|8678|695|1013|1177|1819|270|13652|
20151113|254 |0|2|30871|1540|1112|429|1931|2171|38054|
20151113|254 |1|1|10206|778|1135|1316|1708|1026|16169|
20151113|254 |1|2|27786|1326|859|369|1338|1941|33619|
20151113|651 |0|1|8381|238|318|246|224|209|9616|
20151113|651 |0|2|25357|521|1107|139|183|1319|28626|
20151113|651 |1|1|6810|238|386|239|224|605|8502|
20151113|651 |1|2|20695|549|1079|115|146|1261|23845|
20151113|685 |0|1|5039|468|948|1038|1459|168|9120|
20151113|685 |0|2|18323|975|1325|433|1604|1091|23751|
20151113|685 |1|1|5237|483|911|1065|1289|500|9485|
20151113|685 |1|2|17143|1023|1191|384|1620|1108|22469|
20151114|101 |0|1|32142|560|968|570|247|486|34973|
20151114|101 |0|2|71617|1551|10787|240|259|2695|87149|
20151114|101 |1|1|26985|693|1259|1016|354|1861|32168|
20151114|101 |1|2|66048|2008|10784|430|340|2606|82216|
20151114|190 |0|1|21628|555|760|525|383|346|24197|
20151114|190 |0|2|50464|1360|2280|235|320|1846|56505|
20151114|190 |1|1|18089|484|717|918|482|1363|22053|
20151114|190 |1|2|46173|1413|2533|404|424|1900|52847|
20151114|253 |0|1|28260|634|1020|934|468|579|31895|
20151114|253 |0|2|66690|1352|1347|639|872|3224|74124|
20151114|253 |1|1|24207|594|997|1253|758|2122|29931|
20151114|253 |1|2|72231|1687|1609|763|1273|3734|81297|
20151114|254 |0|1|13138|371|570|562|952|357|15950|
20151114|254 |0|2|34032|787|975|203|1052|1981|39030|
20151114|254 |1|1|12882|435|596|716|812|1311|16752|
20151114|254 |1|2|32964|772|863|219|744|1905|37467|
20151114|651 |0|1|12709|108|175|153|104|315|13564|
20151114|651 |0|2|31894|302|1184|66|75|1250|34771|
20151114|651 |1|1|9229|129|252|109|121|775|10615|
20151114|651 |1|2|25148|344|1146|49|80|1119|27886|
20151114|685 |0|1|8846|222|560|488|796|164|11076|
20151114|685 |0|2|18139|354|1058|162|719|812|21244|
20151114|685 |1|1|6673|236|483|565|776|590|9323|
20151114|685 |1|2|18147|429|1145|177|916|945|21759|
20151115|101 |0|1|30491|324|584|354|131|391|32275|
20151115|101 |0|2|69629|920|8266|178|126|2599|81718|
20151115|101 |1|1|29438|406|660|574|181|1998|33257|
20151115|101 |1|2|68568|1001|8791|320|159|2466|81305|
20151115|190 |0|1|19189|267|378|325|106|361|20626|
20151115|190 |0|2|45500|757|2346|164|89|1755|50611|
20151115|190 |1|1|21528|235|341|506|104|1456|24170|
20151115|190 |1|2|49091|668|2047|229|103|1727|53865|
20151115|253 |0|1|27636|380|428|357|217|469|29487|
20151115|253 |0|2|64830|698|869|165|330|3206|70098|
20151115|253 |1|1|27243|315|392|442|256|2186|30834|
20151115|253 |1|2|71486|722|875|166|325|3268|76842|
20151115|254 |0|1|12706|156|222|219|218|283|13804|
20151115|254 |0|2|31027|383|836|73|212|1671|34202|
20151115|254 |1|1|13676|153|238|194|193|1234|15688|
20151115|254 |1|2|30785|322|772|59|181|1621|33740|
20151115|651 |0|1|9043|65|101|52|36|213|9510|
20151115|651 |0|2|22519|130|809|26|27|1005|24516|
20151115|651 |1|1|12613|84|126|82|29|1055|13989|
20151115|651 |1|2|32172|164|817|30|21|1292|34496|
20151115|685 |0|1|6547|66|181|208|248|133|7383|
20151115|685 |0|2|15613|174|1136|88|298|757|18066|
20151115|685 |1|1|7718|103|169|199|213|606|9008|
20151115|685 |1|2|19937|191|1083|100|251|799|22361|
20151116|101 |0|1|22577|839|1462|1115|455|531|26979|
20151116|101 |0|2|69322|2351|8364|528|492|3411|84468|
20151116|101 |1|1|20689|955|1305|1384|595|1761|26689|
20151116|101 |1|2|64009|2749|8862|729|783|3353|80485|
20151116|190 |0|1|12820|1049|1616|1543|574|310|17912|
20151116|190 |0|2|44143|2609|2631|723|675|2274|53055|
20151116|190 |1|1|12867|972|1326|1405|647|1064|18281|
20151116|190 |1|2|37756|2482|2614|676|712|2111|46351|
20151116|253 |0|1|19848|1232|2012|1920|1020|568|26600|
20151116|253 |0|2|62089|2511|1477|1120|1301|3933|72431|
20151116|253 |1|1|18445|1253|1701|1943|1362|1849|26553|
20151116|253 |1|2|70012|3070|1797|1076|1694|4654|82303|
20151116|254 |0|1|9147|698|1114|1278|1836|318|14391|
20151116|254 |0|2|32398|1643|1156|490|2067|2413|40167|
20151116|254 |1|1|8956|661|1036|1030|1457|930|14070|
20151116|254 |1|2|27819|1407|937|316|1289|2025|33793|
20151116|651 |0|1|6422|229|325|223|187|209|7595|
20151116|651 |0|2|18651|503|864|104|176|1147|21445|
20151116|651 |1|1|6619|234|375|250|204|608|8290|
20151116|651 |1|2|19655|578|879|94|169|1200|22575|
20151116|685 |0|1|5605|484|1002|1094|1506|171|9862|
20151116|685 |0|2|16080|968|1191|528|1500|1000|21267|
20151116|685 |1|1|4534|528|930|970|1323|430|8715|
20151116|685 |1|2|15313|1037|1245|374|1452|1052|20473|
20151117|101 |0|1|21702|956|1576|1244|493|458|26429|
20151117|101 |0|2|65612|2541|8672|611|509|3229|81174|
20151117|101 |1|1|19197|1044|1478|1821|692|1649|25881|
20151117|101 |1|2|62194|3001|8943|969|907|3205|79219|
20151117|190 |0|1|12595|1167|1623|1633|640|329|17987|
20151117|190 |0|2|41409|2777|2775|766|701|2115|50543|
20151117|190 |1|1|12084|1005|1452|1946|779|956|18222|
20151117|190 |1|2|38503|2658|2704|880|875|2130|47750|
20151117|253 |0|1|18500|1313|2161|2064|1029|556|25623|
20151117|253 |0|2|61437|2772|1688|1234|1482|4011|72624|
20151117|253 |1|1|17341|1325|1876|2243|1451|1820|26056|
20151117|253 |1|2|70193|3328|1911|1278|1926|4688|83324|
20151117|254 |0|1|8485|752|1106|1318|1890|311|13862|
20151117|254 |0|2|30965|1641|1211|483|2149|2356|38805|
20151117|254 |1|1|9444|817|1119|1305|1647|989|15321|
20151117|254 |1|2|29032|1408|1009|370|1494|2198|35511|
20151117|651 |0|1|6213|253|345|298|230|187|7526|
20151117|651 |0|2|18569|571|867|146|190|1160|21503|
20151117|651 |1|1|6204|271|405|243|226|544|7893|
20151117|651 |1|2|18766|608|857|111|138|1165|21645|
20151117|685 |0|1|4349|511|1036|1112|1630|150|8788|
20151117|685 |0|2|15931|1014|1265|466|1913|1087|21676|
20151117|685 |1|1|4174|548|1003|1075|1475|425|8700|
20151117|685 |1|2|15420|1128|1165|405|1789|1059|20966|
20151118|101 |0|1|20285|804|1516|1196|502|436|24739|
20151118|101 |0|2|64625|2467|8609|630|562|3159|80052|
20151118|101 |1|1|18482|990|1374|1642|669|1581|24738|
20151118|101 |1|2|60790|2894|8875|850|857|3083|77349|
20151118|190 |0|1|11733|1081|1508|1471|606|274|16673|
20151118|190 |0|2|39944|2603|2792|717|739|2090|48885|
20151118|190 |1|1|11523|920|1305|1669|705|979|17101|
20151118|190 |1|2|38149|2589|2757|826|860|2047|47228|
20151118|253 |0|1|17985|1207|2042|1930|1081|520|24765|
20151118|253 |0|2|60450|2656|1668|1198|1384|3943|71299|
20151118|253 |1|1|16330|1162|1775|2058|1354|1760|24439|
20151118|253 |1|2|68666|3108|1875|1248|1840|4411|81148|
20151118|254 |0|1|7953|718|1005|1227|1745|284|12932|
20151118|254 |0|2|29039|1463|1145|490|1987|2215|36339|
20151118|254 |1|1|8436|736|984|1201|1511|915|13783|
20151118|254 |1|2|28766|1394|1009|383|1468|2127|35147|
20151118|651 |0|1|5680|229|292|225|184|165|6775|
20151118|651 |0|2|17488|486|847|131|158|1094|20204|
20151118|651 |1|1|5637|249|409|202|235|506|7238|
20151118|651 |1|2|17647|542|882|109|145|1112|20437|
20151118|685 |0|1|3911|436|949|1082|1492|137|8007|
20151118|685 |0|2|14943|999|1257|440|1709|964|20312|
20151118|685 |1|1|3971|496|893|1088|1358|422|8228|
20151118|685 |1|2|14867|1055|1177|428|1688|1006|20221|
20151119|101 |0|1|21597|867|1480|1151|475|451|26021|
20151119|101 |0|2|68692|2470|8782|615|544|3265|84368|
20151119|101 |1|1|19650|1013|1489|1739|647|1625|26163|
20151119|101 |1|2|63931|2839|9099|1012|856|3255|80992|
20151119|190 |0|1|12716|1141|1516|1651|598|348|17970|
20151119|190 |0|2|42759|2746|2911|729|762|2158|52065|
20151119|190 |1|1|12278|982|1414|1787|703|1061|18225|
20151119|190 |1|2|40726|2703|2860|819|884|2091|50083|
20151119|253 |0|1|18889|1259|2044|1920|1045|541|25698|
20151119|253 |0|2|62192|2735|1693|1181|1520|4029|73350|
20151119|253 |1|1|17733|1290|1796|2135|1394|1844|26192|
20151119|253 |1|2|72177|3367|1957|1268|1993|4774|85536|
20151119|254 |0|1|8507|753|1161|1325|2268|322|14336|
20151119|254 |0|2|30934|1579|1102|426|1697|2356|38094|
20151119|254 |1|1|8872|727|1036|1257|1471|1000|14363|
20151119|254 |1|2|29944|1423|1031|390|1457|2208|36453|
20151119|685 |0|1|4353|476|995|1027|1516|152|8519|
20151119|685 |0|2|16154|996|1295|491|1772|995|21703|
20151119|685 |1|1|4294|533|955|1136|1419|430|8767|
20151119|685 |1|2|15414|1088|1259|442|1779|1024|21006|
20151120|101 |0|1|25812|891|1496|1116|442|521|30278|
20151120|101 |0|2|73429|2567|9403|600|521|3350|89870|
20151120|101 |1|1|22180|1053|1493|1804|699|1930|29159|
20151120|101 |1|2|64669|2821|8819|870|825|3254|81258|
20151120|190 |0|1|16809|1133|1392|1469|563|398|21764|
20151120|190 |0|2|46724|2618|2603|606|702|2136|55389|
20151120|190 |1|1|14697|1027|1416|1733|739|1255|20867|
20151120|190 |1|2|42081|2531|2424|783|812|2107|50738|
20151120|253 |0|1|23623|1303|2043|1915|955|664|30503|
20151120|253 |0|2|71602|2697|1730|1114|1552|4285|82980|
20151120|253 |1|1|19814|1313|1794|2139|1335|2088|28483|
20151120|253 |1|2|77305|3295|1902|1177|2037|4908|90624|
20151120|254 |0|1|9413|704|978|1152|1658|326|14231|
20151120|254 |0|2|31741|1488|1053|453|1955|2305|38995|
20151120|254 |1|1|10077|740|1021|1270|1488|1106|15702|
20151120|254 |1|2|30558|1364|981|398|1370|2179|36850|
20151120|651 |0|1|8626|245|313|303|244|249|9980|
20151120|651 |0|2|25180|542|966|132|245|1405|28470|
20151120|651 |1|1|6961|270|372|286|217|660|8766|
20151120|651 |1|2|21125|589|1011|104|201|1296|24326|
20151120|685 |0|1|6079|532|1024|1138|1550|160|10483|
20151120|685 |0|2|20384|1050|1343|483|1914|1178|26352|
20151120|685 |1|1|5367|575|956|1136|1332|526|9892|
20151120|685 |1|2|17730|1145|1214|446|1876|1163|23574|
20151121|101 |0|1|35204|562|1049|577|315|497|38204|
20151121|101 |0|2|68061|1470|9164|294|283|2530|81802|
20151121|101 |1|1|28186|690|975|1136|465|2078|33530|
20151121|101 |1|2|68906|2080|9372|618|532|2767|84275|
20151121|190 |0|1|23179|647|793|661|364|343|25987|
20151121|190 |0|2|52777|1401|2099|260|409|1938|58884|
20151121|190 |1|1|19262|554|803|1088|497|1454|23658|
20151121|190 |1|2|48140|1515|2328|475|559|1881|54898|
20151121|253 |0|1|30138|722|1084|986|563|615|34108|
20151121|253 |0|2|69122|1395|1175|702|865|3342|76601|
20151121|253 |1|1|25516|681|1057|1348|829|2271|31702|
20151121|253 |1|2|74293|1802|1403|827|1347|3884|83556|
20151121|254 |0|1|14020|369|589|637|1068|344|17027|
20151121|254 |0|2|36623|845|951|245|1325|2028|42017|
20151121|254 |1|1|13254|427|585|766|922|1269|17223|
20151121|254 |1|2|33556|769|851|242|979|1900|38297|
20151121|651 |0|1|12679|140|226|194|109|333|13681|
20151121|651 |0|2|31833|322|990|79|126|1344|34694|
20151121|651 |1|1|9523|175|281|149|106|850|11084|
20151121|651 |1|2|25547|347|954|62|78|1205|28193|
20151121|685 |0|1|10285|243|641|513|807|196|12685|
20151121|685 |0|2|18729|318|971|192|849|862|21921|
20151121|685 |1|1|7229|255|504|636|793|602|10019|
20151121|685 |1|2|18935|481|1086|243|1061|951|22757|
20151122|101 |0|1|29279|289|417|314|137|425|30861|
20151122|101 |0|2|70386|849|7536|171|160|2744|81846|
20151122|101 |1|1|29831|365|487|575|194|2090|33542|
20151122|101 |1|2|68884|868|8166|378|204|2494|80994|
20151122|190 |0|1|18609|311|353|330|108|332|20043|
20151122|190 |0|2|43783|694|2140|191|111|1713|48632|
20151122|190 |1|1|20545|234|311|429|136|1409|23064|
20151122|190 |1|2|46892|576|1768|203|153|1607|51199|
20151122|253 |0|1|27572|363|386|312|289|492|29414|
20151122|253 |0|2|63985|696|689|175|431|3100|69076|
20151122|253 |1|1|27200|282|319|414|290|2140|30645|
20151122|253 |1|2|71255|681|724|172|427|3219|76478|
20151122|254 |0|1|13025|156|198|200|233|297|14109|
20151122|254 |0|2|31948|371|757|80|260|1745|35161|
20151122|254 |1|1|14219|180|226|216|187|1297|16325|
20151122|254 |1|2|32217|301|715|81|199|1662|35175|
20151122|651 |0|1|8332|80|90|50|34|218|8804|
20151122|651 |0|2|21034|125|795|35|43|938|22970|
20151122|651 |1|1|11469|86|161|80|36|972|12804|
20151122|651 |1|2|29127|156|787|23|29|1131|31253|
20151122|685 |0|1|7026|107|182|159|219|140|7833|
20151122|685 |0|2|16487|173|1119|66|247|774|18866|
20151122|685 |1|1|8408|123|144|145|172|625|9617|
20151122|685 |1|2|20288|198|955|71|228|839|22579|
20151123|101 |0|1|21820|729|1400|1062|325|455|25791|
20151123|101 |0|2|67257|2240|8356|591|455|3403|82302|
20151123|101 |1|1|21055|860|1254|1316|451|1794|26730|
20151123|101 |1|2|64516|2664|8810|778|717|3383|80868|
20151123|190 |0|1|13403|1067|1376|1405|500|310|18061|
20151123|190 |0|2|42474|2470|2570|709|625|2193|51041|
20151123|190 |1|1|13098|899|1259|1294|537|1056|18143|
20151123|190 |1|2|39155|2385|2661|654|712|2169|47736|
20151123|253 |0|1|20043|1097|1998|1723|942|606|26409|
20151123|253 |0|2|63046|2409|1502|1093|1490|4010|73550|
20151123|253 |1|1|18845|1122|1583|1692|1097|1907|26246|
20151123|253 |1|2|72452|2944|1792|1106|1842|4719|84855|
20151123|254 |0|1|8872|679|998|1233|1680|310|13772|
20151123|254 |0|2|31809|1542|1198|483|2082|2394|39508|
20151123|254 |1|1|9020|615|947|1016|1356|966|13920|
20151123|254 |1|2|28757|1308|1088|325|1477|2140|35095|
20151123|651 |0|1|5787|187|283|186|141|185|6769|
20151123|651 |0|2|16938|484|788|123|155|1119|19607|
20151123|651 |1|1|5970|200|353|217|154|559|7453|
20151123|651 |1|2|17982|531|790|104|139|1235|20781|
20151123|685 |0|1|5755|463|1013|999|1350|151|9731|
20151123|685 |0|2|15236|963|1112|478|1617|989|20395|
20151123|685 |1|1|4852|502|879|920|1132|458|8743|
20151123|685 |1|2|16797|1054|1254|383|1578|1101|22167|
20151124|101 |0|1|21527|898|1585|1240|542|467|26259|
20151124|101 |0|2|66986|2601|8441|641|583|3277|82529|
20151124|101 |1|1|19457|1004|1455|1847|683|1664|26110|
20151124|101 |1|2|63882|3021|8714|1017|940|3289|80863|
20151124|190 |0|1|12994|1219|1505|1599|589|333|18239|
20151124|190 |0|2|42050|2797|2796|783|704|2229|51359|
20151124|190 |1|1|12386|995|1468|1720|768|1030|18367|
20151124|190 |1|2|39846|2633|2851|904|910|2094|49238|
20151124|253 |0|1|19049|1326|2101|1983|1067|547|26073|
20151124|253 |0|2|61507|2719|1680|1233|1691|3967|72797|
20151124|253 |1|1|17268|1289|1887|2238|1355|1783|25820|
20151124|253 |1|2|70557|3315|1860|1340|2058|4548|83678|
20151124|254 |0|1|8673|715|1076|1345|1831|326|13966|
20151124|254 |0|2|30102|1618|1146|528|2240|2267|37901|
20151124|254 |1|1|8787|770|1106|1305|1634|985|14587|
20151124|254 |1|2|29686|1513|1073|416|1699|2207|36594|
20151124|651 |0|1|6008|271|321|278|162|189|7229|
20151124|651 |0|2|18070|525|864|123|233|1145|20960|
20151124|651 |1|1|5982|274|402|238|175|558|7629|
20151124|651 |1|2|17878|573|813|111|173|1178|20726|
20151124|685 |0|1|4608|522|1043|1123|1545|138|8979|
20151124|685 |0|2|16384|1000|1236|465|1952|1003|22040|
20151124|685 |1|1|4401|542|940|1129|1404|450|8866|
20151124|685 |1|2|15787|1088|1208|493|1926|1043|21545|
20151125|101 |0|1|19431|729|1356|1135|372|393|23416|
20151125|101 |0|2|61420|2405|8433|627|534|3159|76578|
20151125|101 |1|1|18474|919|1301|1574|516|1544|24328|
20151125|101 |1|2|59926|2765|8720|976|781|3152|76320|
20151125|190 |0|1|11129|1103|1262|1425|535|258|15712|
20151125|190 |0|2|36479|2469|2659|754|660|2058|45079|
20151125|190 |1|1|10975|867|1271|1601|565|950|16229|
20151125|190 |1|2|35551|2439|2683|823|771|2028|44295|
20151125|253 |0|1|17929|1125|1879|1816|844|532|24125|
20151125|253 |0|2|59520|2557|1619|1225|1455|4002|70378|
20151125|253 |1|1|16585|1145|1684|2059|1143|1732|24348|
20151125|253 |1|2|68661|3015|1841|1271|1852|4466|81106|
20151125|254 |0|1|7966|642|998|1198|1505|309|12618|
20151125|254 |0|2|29513|1549|1133|465|1877|2255|36792|
20151125|254 |1|1|8335|682|1018|1155|1324|953|13467|
20151125|254 |1|2|28376|1375|1007|373|1513|2142|34786|
20151125|651 |0|1|4927|184|277|198|160|236|5982|
20151125|651 |0|2|14587|474|832|120|197|1093|17303|
20151125|651 |1|1|4994|197|353|245|132|466|6387|
20151125|651 |1|2|15109|537|817|112|148|1120|17843|
20151125|685 |0|1|3894|450|949|1083|1336|139|7851|
20151125|685 |0|2|14894|936|1225|494|1876|1009|20434|
20151125|685 |1|1|4014|480|913|1070|1258|410|8145|
20151125|685 |1|2|14898|1058|1149|437|1702|1016|20260|
20151126|101 |0|1|19992|797|1484|1150|439|453|24315|
20151126|101 |0|2|63834|2488|8582|661|578|3178|79321|
20151126|101 |1|1|18484|936|1423|1651|603|1560|24657|
20151126|101 |1|2|60960|2931|8843|999|870|3087|77690|
20151126|190 |0|1|12274|1249|1352|1472|529|329|17205|
20151126|190 |0|2|41039|2749|2828|756|770|2122|50264|
20151126|190 |1|1|11815|959|1410|1621|617|1043|17465|
20151126|190 |1|2|39042|2696|2785|901|851|2069|48344|
20151126|253 |0|1|17155|1241|2033|2044|1204|487|24164|
20151126|253 |0|2|57789|2634|1477|1069|1186|3741|67896|
20151126|253 |1|1|16840|1191|1891|2141|1247|1706|25016|
20151126|253 |1|2|68617|3179|1886|1236|1800|4507|81225|
20151126|254 |0|1|8352|698|1056|1264|1644|300|13314|
20151126|254 |0|2|30612|1607|1172|535|1978|2302|38206|
20151126|254 |1|1|8263|709|1092|1252|1392|912|13620|
20151126|254 |1|2|29180|1427|1082|385|1464|2033|35571|
20151126|651 |0|1|5351|251|297|221|169|225|6514|
20151126|651 |0|2|16185|510|834|153|178|1097|18957|
20151126|651 |1|1|5161|246|383|254|151|503|6698|
20151126|651 |1|2|16041|581|809|130|144|1137|18842|
20151126|685 |0|1|4718|518|1039|1016|1409|141|8841|
20151126|685 |0|2|14080|900|1119|454|1683|912|19148|
20151126|685 |1|1|3777|511|903|985|1257|407|7840|
20151126|685 |1|2|14030|1056|1152|443|1667|954|19302|
20151127|101 |0|1|23179|797|1409|1162|478|494|27519|
20151127|101 |0|2|70428|2534|9347|682|573|3492|87056|
20151127|101 |1|1|20170|951|1439|1730|669|1775|26734|
20151127|101 |1|2|64612|3017|9620|1064|901|3392|82606|
20151127|190 |0|1|14851|1168|1338|1419|549|364|19689|
20151127|190 |0|2|47249|2716|2923|783|755|2332|56758|
20151127|190 |1|1|13433|961|1492|1622|686|1081|19275|
20151127|190 |1|2|42783|2601|2745|853|880|2209|52071|
20151127|253 |0|1|21221|1194|2016|1883|1038|577|27929|
20151127|253 |0|2|67069|2762|1721|1250|1611|4103|78516|
20151127|253 |1|1|18077|1117|1773|2147|1296|1849|26259|
20151127|253 |1|2|72238|3176|1829|1264|1816|4765|85088|
20151127|254 |0|1|9088|693|1005|1185|1701|302|13974|
20151127|254 |0|2|31966|1609|1225|511|1980|2384|39675|
20151127|254 |1|1|9336|705|1088|1249|1433|1039|14850|
20151127|254 |1|2|31359|1459|1043|418|1425|2270|37974|
20151127|651 |0|1|7161|266|335|257|177|252|8448|
20151127|651 |0|2|21089|537|892|151|255|1211|24135|
20151127|651 |1|1|5865|272|409|280|170|582|7578|
20151127|651 |1|2|18001|573|970|147|172|1200|21063|
20151127|685 |0|1|5186|473|986|1061|1314|149|9169|
20151127|685 |0|2|18223|969|1242|495|1825|1099|23853|
20151127|685 |1|1|4721|524|981|1069|1320|500|9115|
20151127|685 |1|2|16976|1110|1232|465|1791|1173|22747|
20151128|101 |0|1|30125|542|979|580|332|481|33039|
20151128|101 |0|2|70715|1625|8833|346|348|2753|84620|
20151128|101 |1|1|25594|694|1025|1169|403|1935|30820|
20151128|101 |1|2|65011|2081|8891|677|561|2676|79897|
20151128|190 |0|1|19512|679|706|736|349|330|22312|
20151128|190 |0|2|49001|1436|2230|368|504|1986|55525|
20151128|190 |1|1|17159|538|792|1011|493|1227|21220|
20151128|190 |1|2|44623|1491|2388|555|615|1989|51661|
20151128|253 |0|1|27400|677|1075|1121|586|558|31417|
20151128|253 |0|2|66946|1416|1218|754|1092|3185|74611|
20151128|253 |1|1|23719|669|1118|1371|904|2130|29911|
20151128|253 |1|2|71058|1817|1419|889|1489|3737|80409|
20151128|254 |0|1|11996|376|605|685|962|290|14914|
20151128|254 |0|2|32703|876|940|264|1339|1860|37982|
20151128|254 |1|1|11787|416|651|818|821|1201|15694|
20151128|254 |1|2|31489|794|824|268|1099|1774|36248|
20151128|651 |0|1|10303|124|180|184|111|222|11124|
20151128|651 |0|2|27479|374|917|114|139|1236|30259|
20151128|651 |1|1|7852|177|263|138|108|677|9215|
20151128|651 |1|2|21363|379|894|76|111|1033|23856|
20151128|685 |0|1|7567|241|544|556|820|141|9869|
20151128|685 |0|2|19517|411|1186|251|1223|799|23387|
20151128|685 |1|1|6601|273|545|647|842|574|9482|
20151128|685 |1|2|17997|490|1185|288|1354|884|22198|
20151129|101 |0|1|25274|287|494|307|117|371|26850|
20151129|101 |0|2|62402|901|7262|201|144|2550|73460|
20151129|101 |1|1|26688|327|640|570|154|1885|30264|
20151129|101 |1|2|63508|956|7758|414|204|2446|75286|
20151129|190 |0|1|15332|345|350|310|111|269|16717|
20151129|190 |0|2|37679|735|2135|229|155|1544|42477|
20151129|190 |1|1|17592|279|342|411|134|1147|19905|
20151129|190 |1|2|43701|643|1947|256|171|1606|48324|
20151129|253 |0|1|24081|324|439|379|209|444|25876|
20151129|253 |0|2|58425|693|649|245|439|2898|63349|
20151129|253 |1|1|25309|289|344|511|252|1935|28640|
20151129|253 |1|2|67416|688|677|283|421|2996|72481|
20151129|254 |0|1|11074|155|201|242|250|270|12192|
20151129|254 |0|2|28286|382|786|113|234|1518|31319|
20151129|254 |1|1|11699|152|216|255|236|1134|13692|
20151129|254 |1|2|27699|332|755|84|192|1503|30565|
20151129|651 |0|1|6408|89|91|54|32|165|6839|
20151129|651 |0|2|16578|122|713|40|36|825|18314|
20151129|651 |1|1|8851|93|142|90|24|720|9920|
20151129|651 |1|2|24097|176|734|44|49|1066|26166|
20151129|685 |0|1|5738|113|161|213|280|115|6620|
20151129|685 |0|2|14226|157|1084|112|453|692|16724|
20151129|685 |1|1|7720|105|156|208|214|582|8985|
20151129|685 |1|2|20050|178|981|104|408|774|22495|
20151130|101 |0|1|21451|780|1460|1138|477|476|25782|
20151130|101 |0|2|67636|2353|8348|629|587|3421|82974|
20151130|101 |1|1|19568|899|1334|1454|586|1770|25611|
20151130|101 |1|2|62949|2773|8767|870|910|3318|79587|
20151130|190 |0|1|12717|1149|1358|1423|554|338|17539|
20151130|190 |0|2|42345|2583|2679|746|674|2294|51321|
20151130|190 |1|1|11885|870|1303|1409|616|1065|17148|
20151130|190 |1|2|37895|2455|2711|689|731|2127|46608|
20151130|253 |0|1|19810|1216|1965|1965|905|623|26484|
20151130|253 |0|2|63055|2524|1528|1157|1429|3944|73637|
20151130|253 |1|1|17146|1168|1616|1848|1145|1819|24742|
20151130|253 |1|2|69612|3088|1768|1110|1715|4566|81859|
20151130|254 |0|1|8514|693|1072|1297|1722|287|13585|
20151130|254 |0|2|32246|1624|1201|513|2196|2394|40174|
20151130|254 |1|1|9005|723|988|1167|1491|1007|14381|
20151130|254 |1|2|30056|1394|1203|375|1691|2215|36934|
