20181201|101 |0|1|19230|207|538|322|97|247|20641|
20181201|101 |0|2|78178|1581|8680|809|640|2935|92823|
20181201|101 |1|1|17903|325|650|493|150|1562|21083|
20181201|101 |1|2|75786|2110|8831|1272|965|2993|91957|
20181201|190 |0|1|13510|217|521|464|94|161|14967|
20181201|190 |0|2|57538|1341|2185|680|851|2119|64714|
20181201|190 |1|1|10984|235|409|513|154|962|13257|
20181201|190 |1|2|48814|1466|2250|1120|1156|2065|56871|
20181201|253 |0|1|17066|244|544|429|152|222|18657|
20181201|253 |0|2|74884|1236|1002|777|1837|3376|83112|
20181201|253 |1|1|15471|227|426|548|219|1501|18392|
20181201|253 |1|2|71220|1370|1075|977|2320|3387|80349|
20181201|254 |0|1|8389|156|353|370|196|124|9588|
20181201|254 |0|2|38011|788|1005|512|1499|1927|43742|
20181201|254 |1|1|8035|170|334|363|179|859|9940|
20181201|254 |1|2|35077|725|868|571|1493|1838|40572|
20181201|651 |0|1|8101|82|97|99|57|135|8571|
20181201|651 |0|2|36718|424|920|180|331|1592|40165|
20181201|651 |1|1|7703|153|280|142|159|698|9135|
20181201|651 |1|2|28330|368|798|60|168|1346|31070|
20181201|685 |0|1|5944|106|432|375|221|100|7178|
20181201|685 |0|2|23924|471|1334|465|1922|1021|29137|
20181201|685 |1|1|5154|116|380|373|211|468|6702|
20181201|685 |1|2|21406|519|1160|523|1996|980|26584|
20181202|101 |0|1|16968|143|334|144|32|173|17794|
20181202|101 |0|2|69530|862|6950|532|247|2610|80731|
20181202|101 |1|1|17943|220|467|289|49|1482|20450|
20181202|101 |1|2|72327|984|7371|866|362|2697|84607|
20181202|190 |0|1|10828|124|200|156|42|102|11452|
20181202|190 |0|2|45152|772|1972|395|255|1886|50432|
20181202|190 |1|1|11565|121|163|196|47|895|12987|
20181202|190 |1|2|50197|598|1854|451|251|1808|55159|
20181202|253 |0|1|15060|158|287|158|54|173|15890|
20181202|253 |0|2|65526|695|666|369|1191|2979|71426|
20181202|253 |1|1|15699|157|173|214|95|1390|17728|
20181202|253 |1|2|66833|598|634|478|1110|2839|72492|
20181202|254 |0|1|7713|74|146|115|45|87|8180|
20181202|254 |0|2|33954|379|747|195|353|1669|37297|
20181202|254 |1|1|7965|78|106|103|62|806|9120|
20181202|254 |1|2|32898|299|749|192|262|1574|35974|
20181202|651 |0|1|5675|53|66|35|20|82|5931|
20181202|651 |0|2|24386|130|872|62|80|1104|26634|
20181202|651 |1|1|8866|87|174|101|62|685|9975|
20181202|651 |1|2|30815|147|733|33|46|1265|33039|
20181202|685 |0|1|4886|49|146|112|72|70|5335|
20181202|685 |0|2|18966|238|1112|179|468|836|21799|
20181202|685 |1|1|5074|40|98|107|59|441|5819|
20181202|685 |1|2|20841|245|978|196|401|760|23421|
20181203|101 |0|1|13772|292|764|496|133|257|15714|
20181203|101 |0|2|67974|2313|8253|1305|859|3489|84193|
20181203|101 |1|1|13136|376|722|616|167|1403|16420|
20181203|101 |1|2|68286|2724|8572|1685|1013|3619|85899|
20181203|190 |0|1|8235|333|1006|842|162|136|10714|
20181203|190 |0|2|42116|2595|2857|1768|1269|2193|52798|
20181203|190 |1|1|7549|334|744|724|185|817|10353|
20181203|190 |1|2|38325|2514|2821|1552|1313|2019|48544|
20181203|253 |0|1|11485|363|982|767|221|284|14102|
20181203|253 |0|2|65182|2318|1905|1847|1994|3723|76969|
20181203|253 |1|1|10524|390|858|752|309|1260|14093|
20181203|253 |1|2|60886|2490|1979|1977|2463|3665|73460|
20181203|254 |0|1|5670|292|662|768|327|139|7858|
20181203|254 |0|2|33545|1612|1338|1116|2776|2249|42636|
20181203|254 |1|1|5285|260|620|553|290|619|7627|
20181203|254 |1|2|29294|1304|1127|759|2425|2013|36922|
20181203|651 |0|1|4305|94|167|119|36|108|4829|
20181203|651 |0|2|20518|572|873|284|325|1390|23962|
20181203|651 |1|1|5616|183|294|211|133|631|7068|
20181203|651 |1|2|20265|509|783|145|233|1323|23258|
20181203|685 |0|1|3757|201|889|777|479|71|6174|
20181203|685 |0|2|17434|1080|1518|958|2774|938|24702|
20181203|685 |1|1|3192|232|716|621|354|321|5436|
20181203|685 |1|2|17617|1228|1527|863|2671|1046|24952|
20181204|101 |0|1|13207|324|869|591|167|258|15416|
20181204|101 |0|2|67324|2528|8335|1504|994|3365|84050|
20181204|101 |1|1|13090|419|807|864|226|1350|16756|
20181204|101 |1|2|70753|3058|8679|1988|1439|3662|89579|
20181204|190 |0|1|7839|348|1105|992|180|109|10573|
20181204|190 |0|2|41335|2915|3013|1864|1472|2185|52784|
20181204|190 |1|1|7188|387|810|1001|236|701|10323|
20181204|190 |1|2|38908|2849|2990|2172|1741|2113|50773|
20181204|253 |0|1|11049|402|1143|848|230|261|13933|
20181204|253 |0|2|64789|2701|2056|2089|2474|3887|77996|
20181204|253 |1|1|10308|415|947|1016|323|1161|14170|
20181204|253 |1|2|61326|2782|2147|2340|2962|3721|75278|
20181204|254 |0|1|5488|293|811|993|534|148|8267|
20181204|254 |0|2|32642|1793|1437|1205|2974|2203|42254|
20181204|254 |1|1|5528|272|696|724|378|644|8242|
20181204|254 |1|2|31014|1515|1280|1062|2783|2102|39756|
20181204|651 |0|1|4258|116|281|265|170|93|5183|
20181204|651 |0|2|21080|644|862|203|269|1446|24504|
20181204|651 |1|1|5338|167|267|156|89|567|6584|
20181204|651 |1|2|19604|601|875|244|332|1377|23033|
20181204|685 |0|1|3200|219|885|837|464|76|5681|
20181204|685 |0|2|17213|1220|1565|1081|3289|1036|25404|
20181204|685 |1|1|3035|245|832|806|431|313|5662|
20181204|685 |1|2|17745|1387|1528|1023|3066|1124|25873|
20181205|101 |0|1|14206|336|961|634|181|270|16588|
20181205|101 |0|2|69431|2515|8303|1495|1031|3453|86228|
20181205|101 |1|1|13247|444|879|894|270|1299|17033|
20181205|101 |1|2|70169|3102|8672|2177|1351|3484|88955|
20181205|190 |0|1|8098|399|1137|892|174|118|10818|
20181205|190 |0|2|41944|3016|3017|1855|1545|2063|53440|
20181205|190 |1|1|7534|411|868|933|238|725|10709|
20181205|190 |1|2|40611|3021|3039|2011|1798|2052|52532|
20181205|253 |0|1|11634|459|1217|867|282|266|14725|
20181205|253 |0|2|67804|2820|2170|2040|2898|3941|81673|
20181205|253 |1|1|10704|462|947|1006|404|1214|14737|
20181205|253 |1|2|63914|2904|2120|2441|3376|3788|78543|
20181205|254 |0|1|5456|318|749|895|429|144|7991|
20181205|254 |0|2|32765|1817|1418|1196|3238|2211|42645|
20181205|254 |1|1|5589|318|742|791|391|719|8550|
20181205|254 |1|2|32225|1597|1305|1022|2814|2140|41103|
20181205|651 |0|1|4538|162|353|336|357|88|5834|
20181205|651 |0|2|22030|677|840|147|266|1413|25373|
20181205|651 |1|1|5370|179|282|176|53|579|6639|
20181205|651 |1|2|20149|672|902|262|470|1372|23827|
20181205|685 |0|1|3383|248|907|863|507|90|5998|
20181205|685 |0|2|18036|1226|1650|1114|3552|1090|26668|
20181205|685 |1|1|3089|262|838|797|456|341|5783|
20181205|685 |1|2|17159|1345|1553|1037|3372|1029|25495|
20181206|101 |0|1|13538|337|926|559|148|242|15750|
20181206|101 |0|2|68427|2563|8496|1460|1072|3251|85269|
20181206|101 |1|1|13713|449|914|881|242|1319|17518|
20181206|101 |1|2|72541|3064|8863|2048|1522|3626|91664|
20181206|190 |0|1|8049|353|1154|919|221|112|10808|
20181206|190 |0|2|42661|2998|3092|1762|1673|2118|54304|
20181206|190 |1|1|7816|401|899|914|277|723|11030|
20181206|190 |1|2|41526|2954|3099|1941|1857|2159|53536|
20181206|253 |0|1|11466|475|1179|897|271|239|14527|
20181206|253 |0|2|67803|2798|2086|2065|2831|3899|81482|
20181206|253 |1|1|11260|478|988|1015|345|1186|15272|
20181206|253 |1|2|65397|2915|2047|2261|3277|3772|79669|
20181206|254 |0|1|5378|320|756|850|383|142|7829|
20181206|254 |0|2|32549|1708|1393|1199|3063|2258|42170|
20181206|254 |1|1|5817|307|698|758|371|711|8662|
20181206|254 |1|2|32824|1542|1249|1063|2712|2189|41579|
20181206|651 |0|1|4579|159|353|313|264|101|5769|
20181206|651 |0|2|22256|667|930|158|282|1358|25651|
20181206|651 |1|1|4331|141|302|157|43|456|5430|
20181206|651 |1|2|22172|723|973|288|445|1421|26022|
20181206|685 |0|1|3264|264|842|919|533|84|5906|
20181206|685 |0|2|18222|1251|1603|1144|3580|1037|26837|
20181206|685 |1|1|3077|290|821|803|446|307|5744|
20181206|685 |1|2|18155|1405|1550|1050|3384|1129|26673|
20181207|101 |0|1|14639|349|803|572|128|257|16748|
20181207|101 |0|2|71457|2483|9093|1377|1011|3375|88796|
20181207|101 |1|1|14338|439|866|798|209|1389|18039|
20181207|101 |1|2|74323|3040|9448|1933|1382|3674|93800|
20181207|190 |0|1|9223|365|1061|798|177|126|11750|
20181207|190 |0|2|47271|2837|3104|1744|1580|2308|58844|
20181207|190 |1|1|8637|399|851|878|245|870|11880|
20181207|190 |1|2|46605|2846|3034|1897|1761|2411|58554|
20181207|253 |0|1|12465|425|1118|814|274|261|15357|
20181207|253 |0|2|70607|2683|2051|2008|2689|3940|83978|
20181207|253 |1|1|12341|479|979|968|366|1358|16491|
20181207|253 |1|2|70858|2743|2083|2329|3223|4222|85458|
20181207|254 |0|1|5740|234|499|593|272|149|7487|
20181207|254 |0|2|34921|1716|1392|1138|2839|2216|44222|
20181207|254 |1|1|5981|307|743|751|350|726|8858|
20181207|254 |1|2|33626|1505|1302|1017|2657|2182|42289|
20181207|651 |0|1|5632|164|313|308|250|111|6778|
20181207|651 |0|2|27657|685|967|158|273|1583|31323|
20181207|651 |1|1|4857|149|310|140|37|509|6002|
20181207|651 |1|2|23946|716|1009|268|437|1511|27887|
20181207|685 |0|1|3682|252|879|802|541|88|6244|
20181207|685 |0|2|20343|1278|1732|1053|3533|1189|29128|
20181207|685 |1|1|3291|260|794|766|435|371|5917|
20181207|685 |1|2|19595|1360|1464|1019|3275|1085|27798|
20181208|101 |0|1|17330|206|443|303|69|188|18539|
20181208|101 |0|2|71632|1526|8261|798|570|2871|85658|
20181208|101 |1|1|16707|317|644|459|98|1414|19639|
20181208|101 |1|2|70201|1992|8310|1068|851|2899|85321|
20181208|190 |0|1|11470|160|462|304|89|96|12581|
20181208|190 |0|2|49848|1259|2228|594|786|1893|56608|
20181208|190 |1|1|10260|196|361|456|124|856|12253|
20181208|190 |1|2|46200|1430|2243|1027|965|1907|53772|
20181208|253 |0|1|15088|230|507|341|135|168|16469|
20181208|253 |0|2|69007|1234|938|633|1960|3171|76943|
20181208|253 |1|1|13625|225|466|474|208|1333|16331|
20181208|253 |1|2|64332|1306|936|878|2159|3036|72647|
20181208|254 |0|1|7176|145|322|329|187|118|8277|
20181208|254 |0|2|34744|719|945|471|1229|1860|39968|
20181208|254 |1|1|7444|159|330|358|169|843|9303|
20181208|254 |1|2|34552|725|922|545|1318|1872|39934|
20181208|651 |0|1|7403|101|172|185|111|123|8095|
20181208|651 |0|2|33453|353|888|86|133|1477|36390|
20181208|651 |1|1|5693|82|188|82|15|587|6647|
20181208|651 |1|2|26711|390|899|102|181|1308|29591|
20181208|685 |0|1|4847|104|344|308|225|80|5908|
20181208|685 |0|2|20157|495|1291|392|1860|908|25103|
20181208|685 |1|1|4355|116|330|322|190|422|5735|
20181208|685 |1|2|18637|518|1137|462|1870|893|23517|
20181209|101 |0|1|15687|115|284|124|25|177|16412|
20181209|101 |0|2|65210|794|6856|481|199|2523|76063|
20181209|101 |1|1|15747|159|449|220|38|1349|17962|
20181209|101 |1|2|64786|823|7096|738|282|2528|76253|
20181209|190 |0|1|9502|100|242|159|35|61|10099|
20181209|190 |0|2|40407|669|1941|402|245|1620|45284|
20181209|190 |1|1|10062|108|185|188|45|807|11395|
20181209|190 |1|2|44756|498|1880|428|257|1651|49470|
20181209|253 |0|1|13641|119|238|117|68|152|14335|
20181209|253 |0|2|60636|626|620|301|1344|2821|66348|
20181209|253 |1|1|13193|93|135|151|84|1149|14805|
20181209|253 |1|2|58538|484|579|349|1218|2568|63736|
20181209|254 |0|1|7030|65|120|144|37|78|7474|
20181209|254 |0|2|30691|326|696|211|280|1564|33768|
20181209|254 |1|1|6941|71|105|107|35|739|7998|
20181209|254 |1|2|29879|263|724|189|207|1503|32765|
20181209|651 |0|1|5373|43|105|47|36|85|5689|
20181209|651 |0|2|22345|144|903|21|38|1101|24552|
20181209|651 |1|1|6497|54|95|31|14|595|7286|
20181209|651 |1|2|30217|184|896|47|66|1310|32720|
20181209|685 |0|1|4472|48|140|123|60|57|4900|
20181209|685 |0|2|17323|196|1127|149|427|744|19966|
20181209|685 |1|1|3898|48|104|91|48|380|4569|
20181209|685 |1|2|16311|205|1055|151|384|663|18769|
20181210|101 |0|1|14024|325|826|489|139|258|16061|
20181210|101 |0|2|71806|2440|8291|1332|957|3531|88357|
20181210|101 |1|1|13235|393|828|660|165|1376|16657|
20181210|101 |1|2|70762|2861|8563|1761|1266|3705|88918|
20181210|190 |0|1|8448|361|961|882|170|116|10938|
20181210|190 |0|2|43537|2707|2849|1682|1464|2213|54452|
20181210|190 |1|1|7672|368|748|778|192|735|10493|
20181210|190 |1|2|39501|2571|2909|1456|1599|2137|50173|
20181210|253 |0|1|12191|435|1131|805|212|272|15046|
20181210|253 |0|2|69022|2513|1952|1933|2768|3939|82127|
20181210|253 |1|1|10747|412|884|844|328|1245|14460|
20181210|253 |1|2|63890|2709|2102|2028|3165|3844|77738|
20181210|254 |0|1|5878|292|749|872|396|145|8332|
20181210|254 |0|2|34448|1745|1441|1184|3149|2412|44379|
20181210|254 |1|1|5710|265|655|658|374|664|8326|
20181210|254 |1|2|31138|1459|1211|835|2531|2153|39327|
20181210|651 |0|1|4624|137|249|198|147|105|5460|
20181210|651 |0|2|22118|627|874|205|292|1411|25527|
20181210|651 |1|1|4581|133|263|132|45|498|5652|
20181210|651 |1|2|23155|665|911|270|352|1543|26896|
20181210|685 |0|1|3833|249|842|736|455|96|6211|
20181210|685 |0|2|19402|1212|1573|1026|3214|1079|27506|
20181210|685 |1|1|3011|273|738|653|410|316|5401|
20181210|685 |1|2|17232|1337|1551|942|3012|1040|25114|
20181211|101 |0|1|13424|348|1005|628|148|241|15794|
20181211|101 |0|2|67020|2622|8391|1525|1003|3454|84015|
20181211|101 |1|1|12610|412|894|883|226|1366|16391|
20181211|101 |1|2|67707|3033|8647|2123|1428|3523|86461|
20181211|190 |0|1|7498|308|1047|1010|192|113|10168|
20181211|190 |0|2|39858|2919|3009|1895|1635|2034|51350|
20181211|190 |1|1|7206|376|852|1021|271|748|10474|
20181211|190 |1|2|38843|2855|3008|2080|1932|2062|50780|
20181211|253 |0|1|11167|432|1232|924|292|286|14333|
20181211|253 |0|2|65707|2776|2164|2119|3002|3872|79640|
20181211|253 |1|1|10456|475|970|1092|371|1165|14529|
20181211|253 |1|2|63331|2846|2206|2452|3538|3845|78218|
20181211|254 |0|1|5491|317|836|894|373|134|8045|
20181211|254 |0|2|32900|1658|1403|1226|3242|2309|42738|
20181211|254 |1|1|5399|307|746|808|361|623|8244|
20181211|254 |1|2|31396|1558|1291|1066|2789|2120|40220|
20181211|651 |0|1|4062|90|139|107|27|94|4519|
20181211|651 |0|2|20081|667|1006|429|407|1345|23935|
20181211|651 |1|1|4100|129|254|148|40|453|5124|
20181211|651 |1|2|20807|741|919|279|373|1444|24563|
20181211|685 |0|1|3276|239|897|854|552|71|5889|
20181211|685 |0|2|18030|1346|1689|1089|3742|1062|26958|
20181211|685 |1|1|3106|272|832|841|500|322|5873|
20181211|685 |1|2|17609|1397|1579|1030|3481|1059|26155|
20181212|101 |0|1|13396|352|903|598|149|267|15665|
20181212|101 |0|2|67549|2562|8371|1469|1041|3326|84318|
20181212|101 |1|1|12606|471|875|824|207|1231|16214|
20181212|101 |1|2|66487|2917|8616|2029|1454|3432|84935|
20181212|190 |0|1|7588|361|1047|963|208|130|10297|
20181212|190 |0|2|40126|2847|2945|1773|1560|2095|51346|
20181212|190 |1|1|7299|392|808|1000|266|712|10477|
20181212|190 |1|2|39644|2851|2945|1993|1927|2058|51418|
20181212|253 |0|1|11427|462|1184|889|262|282|14506|
20181212|253 |0|2|66908|2734|2067|2106|3048|3952|80815|
20181212|253 |1|1|10961|454|1004|990|353|1169|14931|
20181212|253 |1|2|63713|2820|2109|2358|3511|3801|78312|
20181212|254 |0|1|5490|300|788|921|397|148|8044|
20181212|254 |0|2|32455|1667|1362|1249|3123|2177|42033|
20181212|254 |1|1|5503|272|749|774|369|678|8345|
20181212|254 |1|2|31793|1494|1236|1033|2760|2120|40436|
20181212|651 |0|1|4235|112|157|111|24|100|4739|
20181212|651 |0|2|20970|696|978|365|435|1427|24871|
20181212|651 |1|1|3977|126|245|142|39|491|5020|
20181212|651 |1|2|20475|649|908|224|392|1423|24071|
20181212|685 |0|1|3122|251|885|910|486|74|5728|
20181212|685 |0|2|17432|1279|1642|1131|3600|1042|26126|
20181212|685 |1|1|2998|271|815|814|428|288|5614|
20181212|685 |1|2|17333|1359|1556|1105|3466|1066|25885|
20181213|101 |0|1|12589|338|901|571|144|199|14742|
20181213|101 |0|2|62772|2568|8447|1515|986|2944|79232|
20181213|101 |1|1|12975|466|927|883|194|1212|16657|
20181213|101 |1|2|68192|3114|8704|2148|1414|3361|86933|
20181213|190 |0|1|6979|325|1071|922|184|101|9582|
20181213|190 |0|2|37849|2827|3066|1828|1703|1857|49130|
20181213|190 |1|1|6927|375|805|878|260|643|9888|
20181213|190 |1|2|37328|2835|3048|2022|1891|1903|49027|
20181213|253 |0|1|10018|405|1123|886|267|213|12912|
20181213|253 |0|2|59514|2637|2164|2118|2571|3303|72307|
20181213|253 |1|1|10039|419|943|1045|353|1097|13896|
20181213|253 |1|2|57781|2764|2253|2384|3049|3251|71482|
20181213|254 |0|1|4512|272|735|837|401|99|6856|
20181213|254 |0|2|28195|1556|1495|1180|2931|1770|37127|
20181213|254 |1|1|4334|270|626|739|358|492|6819|
20181213|254 |1|2|25354|1386|1193|996|2564|1604|33097|
20181213|651 |0|1|4104|113|241|173|40|103|4774|
20181213|651 |0|2|19772|694|991|343|510|1326|23636|
20181213|651 |1|1|3922|131|308|145|34|400|4940|
20181213|651 |1|2|19655|689|912|268|457|1327|23308|
20181213|685 |0|1|2359|182|687|763|404|49|4444|
20181213|685 |0|2|13526|1028|1335|1001|2936|748|20574|
20181213|685 |1|1|2329|204|647|665|366|247|4458|
20181213|685 |1|2|13776|1013|1291|819|2600|751|20250|
20181214|101 |0|1|13942|292|819|542|128|246|15969|
20181214|101 |0|2|67943|2523|9098|1453|942|3298|85257|
20181214|101 |1|1|14413|435|1019|745|197|1324|18133|
20181214|101 |1|2|73996|3031|9405|2000|1301|3750|93483|
20181214|190 |0|1|9199|365|1079|799|182|110|11734|
20181214|190 |0|2|47500|2749|3156|1704|1469|2258|58836|
20181214|190 |1|1|8950|395|907|869|203|825|12149|
20181214|190 |1|2|45903|2796|2950|1897|1693|2325|57564|
20181214|253 |0|1|12508|443|1079|867|240|283|15420|
20181214|253 |0|2|69358|2724|2175|1984|2838|3878|82957|
20181214|253 |1|1|12540|457|981|941|360|1340|16619|
20181214|253 |1|2|69966|2732|2210|2266|3219|4071|84464|
20181214|254 |0|1|5701|275|731|796|350|157|8010|
20181214|254 |0|2|34237|1698|1344|1180|2838|2232|43529|
20181214|254 |1|1|6034|311|714|763|364|703|8889|
20181214|254 |1|2|33455|1464|1213|1049|2667|2074|41922|
20181214|651 |0|1|5376|121|199|157|42|118|6013|
20181214|651 |0|2|26871|676|1082|334|396|1508|30867|
20181214|651 |1|1|4881|136|310|148|24|518|6017|
20181214|651 |1|2|23276|692|1006|253|353|1509|27089|
20181214|685 |0|1|3741|260|872|838|428|103|6242|
20181214|685 |0|2|20236|1260|1689|1131|3464|1138|28918|
20181214|685 |1|1|3382|272|821|779|373|361|5988|
20181214|685 |1|2|19586|1377|1454|1027|3231|1052|27727|
20181215|101 |0|1|17646|248|436|291|95|211|18927|
20181215|101 |0|2|73058|1582|8270|785|559|2813|87067|
20181215|101 |1|1|17277|317|674|458|133|1508|20367|
20181215|101 |1|2|73640|2019|8474|1157|883|3020|89193|
20181215|190 |0|1|11834|195|524|413|106|90|13162|
20181215|190 |0|2|51254|1302|2280|687|815|2004|58342|
20181215|190 |1|1|10840|211|420|509|127|930|13037|
20181215|190 |1|2|47783|1451|2280|1091|1124|2008|55737|
20181215|253 |0|1|15588|218|522|412|143|221|17104|
20181215|253 |0|2|70125|1325|1237|888|2107|3225|78907|
20181215|253 |1|1|14829|223|511|503|206|1423|17695|
20181215|253 |1|2|68079|1391|1256|1167|2479|3282|77654|
20181215|254 |0|1|7535|166|347|382|178|132|8740|
20181215|254 |0|2|35981|747|981|548|1581|1897|41735|
20181215|254 |1|1|7675|190|357|436|187|839|9684|
20181215|254 |1|2|35224|759|905|589|1615|1845|40937|
20181215|651 |0|1|7888|77|136|91|28|131|8351|
20181215|651 |0|2|35129|393|983|183|253|1555|38496|
20181215|651 |1|1|6038|91|171|75|18|552|6945|
20181215|651 |1|2|27759|405|986|101|217|1371|30839|
20181215|685 |0|1|5308|107|417|399|214|72|6517|
20181215|685 |0|2|22369|515|1340|493|1815|1017|27549|
20181215|685 |1|1|4573|109|404|409|197|424|6116|
20181215|685 |1|2|20181|552|1174|528|1826|957|25218|
20181216|101 |0|1|15587|138|313|138|22|158|16356|
20181216|101 |0|2|64415|825|6970|529|241|2525|75505|
20181216|101 |1|1|15944|188|465|267|37|1346|18247|
20181216|101 |1|2|65923|873|7208|830|354|2538|77726|
20181216|190 |0|1|9368|90|246|149|31|55|9939|
20181216|190 |0|2|39940|772|2069|418|214|1637|45050|
20181216|190 |1|1|9574|91|194|183|36|774|10852|
20181216|190 |1|2|43473|616|1954|472|188|1530|48233|
20181216|253 |0|1|13649|121|253|110|38|154|14325|
20181216|253 |0|2|60059|607|641|314|1000|2671|65292|
20181216|253 |1|1|13365|105|158|166|43|1166|15003|
20181216|253 |1|2|57865|536|638|394|914|2492|62839|
20181216|254 |0|1|6867|63|104|131|36|83|7284|
20181216|254 |0|2|30688|354|709|222|301|1462|33736|
20181216|254 |1|1|6865|66|128|107|36|729|7931|
20181216|254 |1|2|29285|264|726|201|231|1428|32135|
20181216|651 |0|1|4876|35|65|35|9|87|5107|
20181216|651 |0|2|21472|147|903|64|63|1039|23688|
20181216|651 |1|1|6644|51|94|41|15|585|7430|
20181216|651 |1|2|30470|171|890|67|61|1272|32931|
20181216|685 |0|1|4317|36|163|127|59|60|4762|
20181216|685 |0|2|17105|190|1077|187|458|752|19769|
20181216|685 |1|1|3876|38|113|108|42|339|4516|
20181216|685 |1|2|15870|198|1023|158|456|630|18335|
20181217|101 |0|1|14271|339|791|524|132|278|16335|
20181217|101 |0|2|72087|2493|8248|1383|912|3486|88609|
20181217|101 |1|1|12948|415|858|710|199|1322|16452|
20181217|101 |1|2|69227|2834|8479|1753|1147|3560|87000|
20181217|190 |0|1|8517|356|1071|856|203|100|11103|
20181217|190 |0|2|44389|2715|2834|1743|1393|2238|55312|
20181217|190 |1|1|7773|358|785|704|232|740|10592|
20181217|190 |1|2|39716|2586|2880|1547|1558|2081|50368|
20181217|253 |0|1|12233|425|1076|851|271|285|15141|
20181217|253 |0|2|68903|2607|1888|1944|2501|3937|81780|
20181217|253 |1|1|10874|439|864|834|342|1218|14571|
20181217|253 |1|2|63267|2687|1962|2049|3096|3781|76842|
20181217|254 |0|1|5811|317|770|863|380|164|8305|
20181217|254 |0|2|35174|1740|1345|1187|3095|2328|44869|
20181217|254 |1|1|5534|264|654|663|336|661|8112|
20181217|254 |1|2|31051|1461|1153|865|2533|2062|39125|
20181217|651 |0|1|4593|131|191|113|33|102|5163|
20181217|651 |0|2|22110|618|943|267|323|1424|25685|
20181217|651 |1|1|4691|147|337|184|88|510|5957|
20181217|651 |1|2|22424|619|882|186|236|1539|25886|
20181217|685 |0|1|3907|233|900|913|524|82|6559|
20181217|685 |0|2|18898|1176|1575|1015|3353|1031|27048|
20181217|685 |1|1|3179|249|834|725|390|340|5717|
20181217|685 |1|2|17939|1320|1554|897|3092|1090|25892|
20181218|101 |0|1|14201|375|945|636|184|271|16612|
20181218|101 |0|2|69066|2665|8381|1527|1051|3500|86190|
20181218|101 |1|1|13283|424|898|881|230|1320|17036|
20181218|101 |1|2|69635|3154|8604|2112|1382|3640|88527|
20181218|190 |0|1|7992|367|1117|966|184|99|10725|
20181218|190 |0|2|41138|2888|2961|1976|1616|2024|52603|
20181218|190 |1|1|7748|397|889|1003|232|734|11003|
20181218|190 |1|2|40614|2946|2979|2099|1908|2069|52615|
20181218|253 |0|1|11488|449|1158|924|339|257|14615|
20181218|253 |0|2|66045|2799|2139|2169|2850|3830|79832|
20181218|253 |1|1|10592|432|972|1055|434|1261|14746|
20181218|253 |1|2|63109|2842|2117|2449|3393|3777|77687|
20181218|254 |0|1|5663|319|839|974|451|143|8389|
20181218|254 |0|2|33546|1820|1367|1265|3451|2152|43601|
20181218|254 |1|1|5628|298|754|830|450|634|8594|
20181218|254 |1|2|31337|1574|1185|1012|2943|2101|40152|
20181218|651 |0|1|4456|123|195|173|47|94|5088|
20181218|651 |0|2|21533|712|899|346|423|1423|25336|
20181218|651 |1|1|4623|175|337|218|127|505|5985|
20181218|651 |1|2|21295|666|842|202|271|1388|24664|
20181218|685 |0|1|3281|236|933|856|517|73|5896|
20181218|685 |0|2|18036|1256|1589|1064|3570|1061|26576|
20181218|685 |1|1|3227|274|894|802|459|320|5976|
20181218|685 |1|2|17937|1306|1595|1064|3419|1059|26380|
20181219|101 |0|1|14440|385|876|638|193|280|16812|
20181219|101 |0|2|68992|2594|8331|1490|964|3351|85722|
20181219|101 |1|1|13663|441|888|864|213|1313|17382|
20181219|101 |1|2|70853|3135|8609|2056|1411|3626|89690|
20181219|190 |0|1|7810|313|1067|890|178|110|10368|
20181219|190 |0|2|41909|2933|2981|1921|1524|2109|53377|
20181219|190 |1|1|7442|369|896|959|244|712|10622|
20181219|190 |1|2|39802|2845|2935|2029|1818|1995|51424|
20181219|253 |0|1|11510|448|1105|916|364|309|14652|
20181219|253 |0|2|66734|2795|2070|2065|2942|3904|80510|
20181219|253 |1|1|10911|451|939|1005|429|1246|14981|
20181219|253 |1|2|63725|2934|2105|2347|3399|3795|78305|
20181219|254 |0|1|5466|289|811|849|373|137|7925|
20181219|254 |0|2|32416|1706|1348|1148|3114|2159|41891|
20181219|254 |1|1|5530|254|730|743|364|646|8267|
20181219|254 |1|2|31542|1511|1228|968|2661|2014|39924|
20181219|651 |0|1|4562|123|212|143|50|105|5195|
20181219|651 |0|2|21539|681|920|354|406|1461|25361|
20181219|651 |1|1|4527|181|343|235|112|531|5929|
20181219|651 |1|2|21279|625|851|187|255|1423|24620|
20181219|685 |0|1|3282|243|923|950|588|65|6051|
20181219|685 |0|2|17775|1255|1594|1161|3404|1018|26207|
20181219|685 |1|1|3127|279|875|748|421|305|5755|
20181219|685 |1|2|17691|1376|1511|1015|3355|1055|26003|
20181220|101 |0|1|14827|345|809|549|147|249|16926|
20181220|101 |0|2|71208|2673|8529|1497|1006|3391|88304|
20181220|101 |1|1|14948|423|895|848|201|1387|18702|
20181220|101 |1|2|72719|3139|8913|2104|1305|3615|91795|
20181220|190 |0|1|8067|383|1134|925|198|112|10819|
20181220|190 |0|2|42867|2856|3064|1758|1571|2176|54292|
20181220|190 |1|1|8123|431|894|925|241|773|11387|
20181220|190 |1|2|41995|2870|3013|1951|1708|2161|53698|
20181220|253 |0|1|11790|457|1160|920|351|264|14942|
20181220|253 |0|2|67787|2774|1981|2055|2741|3852|81190|
20181220|253 |1|1|11226|502|957|1004|437|1255|15381|
20181220|253 |1|2|65854|2862|2042|2350|3333|3756|80197|
20181220|254 |0|1|5731|290|787|872|381|167|8228|
20181220|254 |0|2|33584|1734|1329|1222|3108|2203|43180|
20181220|254 |1|1|5786|280|713|749|385|660|8573|
20181220|254 |1|2|32301|1481|1236|1035|2712|2062|40827|
20181220|651 |0|1|4679|113|241|157|40|140|5370|
20181220|651 |0|2|23097|740|1001|356|414|1454|27062|
20181220|651 |1|1|4629|167|365|220|106|556|6043|
20181220|651 |1|2|22125|723|893|191|284|1485|25701|
20181220|685 |0|1|3376|240|896|867|539|73|5991|
20181220|685 |0|2|18498|1295|1614|1125|3663|1084|27279|
20181220|685 |1|1|3330|280|804|793|463|338|6008|
20181220|685 |1|2|18433|1355|1546|1042|3378|1031|26785|
20181221|101 |0|1|14958|324|813|568|146|252|17061|
20181221|101 |0|2|74524|2605|8940|1445|983|3503|92000|
20181221|101 |1|1|15100|447|905|872|219|1434|18977|
20181221|101 |1|2|77751|3194|9412|1995|1449|3768|97569|
20181221|190 |0|1|9861|358|1132|932|167|118|12568|
20181221|190 |0|2|50449|2862|3064|1828|1575|2352|62130|
20181221|190 |1|1|9293|411|948|910|243|898|12703|
20181221|190 |1|2|48053|2867|2928|1981|1807|2354|59990|
20181221|253 |0|1|12916|484|1125|878|319|281|16003|
20181221|253 |0|2|72002|2756|2062|1998|3023|3994|85835|
20181221|253 |1|1|12876|498|973|983|411|1423|17164|
20181221|253 |1|2|72325|2879|2114|2329|3534|4198|87379|
20181221|254 |0|1|6081|294|831|825|399|132|8562|
20181221|254 |0|2|35416|1708|1398|1256|3172|2239|45189|
20181221|254 |1|1|6218|313|715|813|370|698|9127|
20181221|254 |1|2|33811|1556|1239|1043|2809|2230|42688|
20181221|651 |0|1|5741|130|224|153|65|128|6441|
20181221|651 |0|2|28481|708|1026|374|393|1590|32572|
20181221|651 |1|1|5156|157|334|181|77|558|6463|
20181221|651 |1|2|24351|700|966|232|346|1580|28175|
20181221|685 |0|1|3927|265|867|893|503|80|6535|
20181221|685 |0|2|20423|1338|1703|1122|3485|1190|29261|
20181221|685 |1|1|3600|294|899|820|462|369|6444|
20181221|685 |1|2|20257|1376|1528|1057|3335|1119|28672|
20181222|101 |0|1|17862|233|455|313|82|242|19187|
20181222|101 |0|2|74165|1570|8167|808|624|2783|88117|
20181222|101 |1|1|17319|342|634|490|123|1548|20456|
20181222|101 |1|2|73673|2100|8359|1182|830|2975|89119|
20181222|190 |0|1|12069|201|527|426|100|96|13419|
20181222|190 |0|2|53562|1306|2177|699|830|1971|60545|
20181222|190 |1|1|10574|209|442|522|124|891|12762|
20181222|190 |1|2|47491|1425|2252|1110|1116|1972|55366|
20181222|253 |0|1|15114|248|527|473|180|209|16751|
20181222|253 |0|2|69765|1291|1119|872|2221|3254|78522|
20181222|253 |1|1|14142|242|454|534|234|1418|17024|
20181222|253 |1|2|67547|1478|1232|1136|2654|3228|77275|
20181222|254 |0|1|7388|136|394|428|199|120|8665|
20181222|254 |0|2|36117|791|954|533|1641|1926|41962|
20181222|254 |1|1|7600|168|381|450|174|845|9618|
20181222|254 |1|2|35056|754|924|617|1629|1933|40913|
20181222|651 |0|1|8393|69|111|91|37|139|8840|
20181222|651 |0|2|38956|427|940|192|244|1653|42412|
20181222|651 |1|1|6189|92|170|74|19|596|7140|
20181222|651 |1|2|27772|417|930|118|202|1370|30809|
20181222|685 |0|1|5308|93|436|387|222|59|6505|
20181222|685 |0|2|22090|519|1287|514|1873|946|27229|
20181222|685 |1|1|4496|102|418|444|228|418|6106|
20181222|685 |1|2|20040|540|1123|556|1887|934|25080|
20181223|101 |0|1|16477|121|300|140|16|167|17221|
20181223|101 |0|2|66969|794|6657|472|209|2548|77649|
20181223|101 |1|1|15906|195|442|253|45|1327|18168|
20181223|101 |1|2|65362|824|6888|787|338|2538|76737|
20181223|190 |0|1|10097|87|256|158|28|59|10685|
20181223|190 |0|2|42608|657|1896|452|229|1720|47562|
20181223|190 |1|1|9868|125|193|179|35|840|11240|
20181223|190 |1|2|44569|567|1776|525|207|1639|49283|
20181223|253 |0|1|13858|122|254|169|52|150|14605|
20181223|253 |0|2|60504|628|539|330|967|2675|65643|
20181223|253 |1|1|13282|106|175|171|69|1228|15031|
20181223|253 |1|2|59169|560|503|349|931|2582|64094|
20181223|254 |0|1|6980|69|147|128|39|97|7460|
20181223|254 |0|2|31445|339|703|229|305|1563|34584|
20181223|254 |1|1|7376|68|117|139|37|703|8440|
20181223|254 |1|2|30838|251|728|207|240|1534|33798|
20181223|651 |0|1|6589|38|52|23|8|100|6810|
20181223|651 |0|2|29607|157|865|60|95|1252|32036|
20181223|651 |1|1|7538|44|109|45|9|645|8390|
20181223|651 |1|2|34229|160|838|76|77|1386|36766|
20181223|685 |0|1|4295|31|134|140|63|52|4715|
20181223|685 |0|2|16791|207|1038|203|537|766|19542|
20181223|685 |1|1|3919|33|111|120|65|328|4576|
20181223|685 |1|2|16488|192|946|183|466|648|18923|
20181224|101 |0|1|14188|290|787|492|120|238|16115|
20181224|101 |0|2|68559|2364|7906|1349|959|3317|84454|
20181224|101 |1|1|13760|384|789|658|163|1498|17252|
20181224|101 |1|2|71092|2809|8188|1687|1144|3546|88466|
20181224|190 |0|1|8763|300|913|719|153|109|10957|
20181224|190 |0|2|44646|2540|2685|1579|1301|2242|54993|
20181224|190 |1|1|8384|318|760|633|156|817|11068|
20181224|190 |1|2|44303|2568|2609|1484|1366|2269|54599|
20181224|253 |0|1|12344|366|990|763|245|275|14983|
20181224|253 |0|2|68190|2366|1778|1774|2448|3865|80421|
20181224|253 |1|1|12113|404|841|774|326|1396|15854|
20181224|253 |1|2|65200|2457|1866|1862|2927|3776|78088|
20181224|254 |0|1|6101|299|703|753|341|135|8332|
20181224|254 |0|2|33705|1565|1192|1062|2864|2188|42576|
20181224|254 |1|1|5938|270|621|670|288|656|8443|
20181224|254 |1|2|31430|1366|1048|816|2476|1978|39114|
20181224|651 |0|1|6436|111|163|129|36|126|7001|
20181224|651 |0|2|29607|644|903|272|333|1624|33383|
20181224|651 |1|1|5920|110|267|103|41|634|7075|
20181224|651 |1|2|28254|627|893|258|342|1612|31986|
20181224|685 |0|1|3706|222|826|732|395|81|5962|
20181224|685 |0|2|18940|1116|1503|930|3150|1033|26672|
20181224|685 |1|1|3100|225|745|698|423|338|5529|
20181224|685 |1|2|16862|1123|1363|809|2904|977|24038|
20181225|101 |0|1|13628|180|550|257|54|171|14840|
20181225|101 |0|2|58019|1555|6340|898|623|2350|69785|
20181225|101 |1|1|13390|253|602|457|97|1211|16010|
20181225|101 |1|2|59067|1840|6471|1357|912|2405|72052|
20181225|190 |0|1|7848|143|465|331|60|48|8895|
20181225|190 |0|2|34972|1430|2187|648|731|1480|41448|
20181225|190 |1|1|7542|157|411|399|81|670|9260|
20181225|190 |1|2|35617|1323|2185|974|873|1473|42445|
20181225|253 |0|1|10736|180|465|328|119|145|11973|
20181225|253 |0|2|51282|1155|808|627|1742|2582|58196|
20181225|253 |1|1|10038|171|366|416|131|1027|12149|
20181225|253 |1|2|48055|1141|784|802|1760|2351|54893|
20181225|254 |0|1|5730|111|285|305|121|88|6640|
20181225|254 |0|2|28062|663|818|425|1083|1511|32562|
20181225|254 |1|1|5852|134|274|333|130|662|7385|
20181225|254 |1|2|27289|613|829|494|1059|1476|31760|
20181225|651 |0|1|5970|54|108|68|19|107|6326|
20181225|651 |0|2|26012|369|866|149|181|1268|28845|
20181225|651 |1|1|6444|67|148|80|12|595|7346|
20181225|651 |1|2|29006|360|823|130|158|1286|31763|
20181225|685 |0|1|3257|70|276|274|153|37|4067|
20181225|685 |0|2|13874|398|1099|441|1461|656|17929|
20181225|685 |1|1|2666|75|236|291|128|262|3658|
20181225|685 |1|2|11907|402|1073|443|1433|559|15817|
20181226|101 |0|1|14201|335|782|497|145|258|16218|
20181226|101 |0|2|70947|2465|8071|1423|950|3472|87328|
20181226|101 |1|1|12720|392|842|631|182|1329|16096|
20181226|101 |1|2|68642|2831|8355|1718|1194|3592|86332|
20181226|190 |0|1|8409|358|1056|975|230|110|11138|
20181226|190 |0|2|43573|2738|2797|1895|1441|2206|54650|
20181226|190 |1|1|7871|390|856|841|245|775|10978|
20181226|190 |1|2|41606|2678|2769|1763|1497|2117|52430|
20181226|253 |0|1|12090|416|1096|847|230|274|14953|
20181226|253 |0|2|70199|2633|1880|1999|2556|3867|83134|
20181226|253 |1|1|10638|444|946|870|337|1259|14494|
20181226|253 |1|2|62681|2741|1944|2058|3066|3679|76169|
20181226|254 |0|1|5842|274|808|952|398|158|8432|
20181226|254 |0|2|34436|1736|1311|1278|3182|2207|44150|
20181226|254 |1|1|5628|275|690|713|334|653|8293|
20181226|254 |1|2|31096|1452|1117|882|2825|2015|39387|
20181226|651 |0|1|4964|130|221|140|56|111|5622|
20181226|651 |0|2|24545|685|967|307|385|1430|28319|
20181226|651 |1|1|5147|136|281|114|40|545|6263|
20181226|651 |1|2|24730|701|889|290|391|1603|28604|
20181226|685 |0|1|3542|244|859|882|455|85|6067|
20181226|685 |0|2|19659|1255|1552|1151|3410|1159|28186|
20181226|685 |1|1|3134|263|791|734|379|337|5638|
20181226|685 |1|2|17764|1324|1464|931|3095|1066|25644|
20181227|101 |0|1|13694|315|775|555|146|240|15725|
20181227|101 |0|2|68049|2623|8112|1527|1052|3443|84806|
20181227|101 |1|1|13004|442|902|824|232|1194|16598|
20181227|101 |1|2|68482|3060|8354|2085|1364|3436|86781|
20181227|190 |0|1|8242|359|1195|845|210|109|10960|
20181227|190 |0|2|41753|2854|3031|2006|1581|2086|53311|
20181227|190 |1|1|7739|395|873|906|270|784|10967|
20181227|190 |1|2|40269|2882|2936|2155|1822|2067|52131|
20181227|253 |0|1|11104|468|1129|884|247|257|14089|
20181227|253 |0|2|65089|2742|1978|2083|2589|3809|78290|
20181227|253 |1|1|10369|473|968|1003|345|1124|14282|
20181227|253 |1|2|62714|2819|2020|2362|3126|3718|76759|
20181227|254 |0|1|5476|288|805|942|405|129|8045|
20181227|254 |0|2|32356|1654|1334|1284|3140|2151|41919|
20181227|254 |1|1|5490|290|736|808|375|613|8312|
20181227|254 |1|2|30728|1434|1164|1089|2849|2009|39273|
20181227|651 |0|1|4849|129|176|150|49|111|5464|
20181227|651 |0|2|22989|693|1020|354|417|1451|26924|
20181227|651 |1|1|4708|168|350|199|103|530|6058|
20181227|651 |1|2|22922|668|950|230|318|1502|26590|
20181227|685 |0|1|3026|221|856|874|538|57|5572|
20181227|685 |0|2|17441|1221|1549|1097|3693|980|25981|
20181227|685 |1|1|3036|259|821|816|468|329|5729|
20181227|685 |1|2|17627|1300|1478|1049|3321|1026|25801|
20181228|101 |0|1|14494|329|819|494|134|250|16520|
20181228|101 |0|2|70302|2492|8708|1461|968|3349|87280|
20181228|101 |1|1|13423|426|952|731|170|1274|16976|
20181228|101 |1|2|69696|2838|8953|1862|1278|3330|87957|
20181228|190 |0|1|9166|323|1037|853|171|120|11670|
20181228|190 |0|2|47620|2654|2940|1764|1484|2305|58767|
20181228|190 |1|1|8752|388|878|922|218|853|12011|
20181228|190 |1|2|46195|2693|2803|1982|1642|2290|57605|
20181228|253 |0|1|11787|395|1081|837|203|256|14559|
20181228|253 |0|2|67871|2534|1960|1881|2290|3901|80437|
20181228|253 |1|1|11727|424|919|947|326|1314|15657|
20181228|253 |1|2|67970|2558|1968|2153|2694|4023|81366|
20181228|254 |0|1|5793|274|734|789|387|140|8117|
20181228|254 |0|2|33239|1560|1244|1181|2987|2152|42363|
20181228|254 |1|1|6100|292|706|815|392|684|8989|
20181228|254 |1|2|33113|1431|1150|1024|2580|2092|41390|
20181228|651 |0|1|5478|112|226|142|41|107|6106|
20181228|651 |0|2|27985|668|1004|305|367|1555|31884|
20181228|651 |1|1|4938|134|343|120|35|552|6122|
20181228|651 |1|2|24376|688|979|276|330|1465|28114|
20181229|101 |0|1|16443|212|427|272|71|180|17605|
20181229|101 |0|2|68054|1487|7653|827|615|2644|81280|
20181229|101 |1|1|15132|300|643|442|104|1284|17905|
20181229|101 |1|2|64979|1858|7651|1119|814|2658|79079|
20181229|190 |0|1|11441|178|458|316|72|116|12581|
20181229|190 |0|2|51203|1261|2102|691|765|1912|57934|
20181229|190 |1|1|9804|220|382|460|110|873|11849|
20181229|190 |1|2|44201|1388|2229|1111|1002|1851|51782|
20181229|253 |0|1|14042|195|469|357|130|172|15365|
20181229|253 |0|2|65803|1160|832|646|1286|2923|72650|
20181229|253 |1|1|12801|190|435|462|183|1262|15333|
20181229|253 |1|2|61174|1277|877|884|1650|2981|68843|
20181229|254 |0|1|6762|139|354|343|179|102|7879|
20181229|254 |0|2|32713|686|900|470|1438|1675|37882|
20181229|254 |1|1|7142|148|362|402|165|741|8960|
20181229|254 |1|2|33012|704|849|536|1452|1763|38316|
20181229|651 |0|1|7807|76|104|79|31|137|8234|
20181229|651 |0|2|37418|376|894|199|216|1500|40603|
20181229|651 |1|1|5720|87|211|74|13|582|6687|
20181229|651 |1|2|26456|373|863|115|164|1277|29248|
20181230|101 |0|1|15117|107|276|131|18|141|15790|
20181230|101 |0|2|61525|781|6441|504|187|2370|71808|
20181230|101 |1|1|14522|187|469|196|32|1260|16666|
20181230|101 |1|2|60334|814|6597|770|277|2256|71048|
20181230|190 |0|1|9764|92|215|114|23|75|10283|
20181230|190 |0|2|41421|716|1851|375|205|1553|46121|
20181230|190 |1|1|9482|107|177|147|33|757|10703|
20181230|190 |1|2|42312|571|1766|430|198|1575|46852|
20181230|253 |0|1|12625|93|173|100|41|161|13193|
20181230|253 |0|2|56494|561|527|274|383|2503|60742|
20181230|253 |1|1|12522|107|139|116|53|1197|14134|
20181230|253 |1|2|55846|469|476|314|367|2447|59919|
20181230|254 |0|1|6537|59|114|117|32|91|6950|
20181230|254 |0|2|29121|322|663|210|327|1417|32060|
20181230|254 |1|1|6736|55|113|132|33|676|7745|
20181230|254 |1|2|28589|255|674|196|232|1439|31385|
20181230|651 |0|1|6584|44|62|30|11|90|6821|
20181230|651 |0|2|30652|166|802|57|53|1188|32918|
20181230|651 |1|1|7143|52|127|42|5|612|7981|
20181230|651 |1|2|32695|193|787|68|53|1252|35048|
20181231|101 |0|1|14454|239|492|320|81|202|15788|
20181231|101 |0|2|65412|2022|7885|1022|566|3086|79993|
20181231|101 |1|1|13842|314|679|397|112|1389|16733|
20181231|101 |1|2|67618|2353|7938|1133|696|3244|82982|
20181231|190 |0|1|9924|234|628|495|112|98|11491|
20181231|190 |0|2|45811|1974|2507|1140|792|2157|54381|
20181231|190 |1|1|9062|251|489|452|124|852|11230|
20181231|190 |1|2|44513|1946|2414|931|794|2129|52727|
20181231|253 |0|1|13141|274|660|503|148|233|14959|
20181231|253 |0|2|64166|1654|1446|1275|1465|3537|73543|
20181231|253 |1|1|12294|301|564|521|219|1337|15236|
20181231|253 |1|2|63523|1747|1509|1288|1643|3400|73110|
20181231|254 |0|1|6356|161|416|536|237|108|7814|
20181231|254 |0|2|32676|1046|1037|705|1912|2001|39377|
20181231|254 |1|1|6439|149|429|472|222|711|8422|
20181231|254 |1|2|30846|919|908|570|1845|1864|36952|
