20150201|101 |0|1|25599|338|696|391|247|421|27692|
20150201|101 |0|2|54149|741|6697|1|0|2279|63867|
20150201|101 |1|1|26044|440|914|737|301|1922|30358|
20150201|101 |1|2|54742|741|6920|0|0|2188|64591|
20150201|190 |0|1|15335|385|600|409|173|267|17169|
20150201|190 |0|2|32428|603|2020|0|0|1357|36408|
20150201|190 |1|1|16969|371|651|526|184|1250|19951|
20150201|190 |1|2|36316|528|1952|0|0|1332|40128|
20150201|253 |0|1|23426|339|523|355|369|509|25521|
20150201|253 |0|2|53987|599|439|0|0|2774|57799|
20150201|253 |1|1|22152|270|461|459|407|1835|25584|
20150201|253 |1|2|49206|501|445|0|0|2420|52572|
20150201|254 |0|1|11621|193|348|328|415|296|13201|
20150201|254 |0|2|24254|343|642|0|0|1363|26602|
20150201|254 |1|1|11741|181|296|299|370|1190|14077|
20150201|254 |1|2|24090|235|633|0|0|1328|26286|
20150201|651 |0|1|7829|57|95|75|72|168|8296|
20150201|651 |0|2|16159|98|715|1|0|818|17791|
20150201|651 |1|1|11599|71|141|101|38|973|12923|
20150201|651 |1|2|25275|107|728|1|0|1091|27202|
20150201|685 |0|1|5010|114|237|244|429|113|6147|
20150201|685 |0|2|11083|100|882|0|0|599|12664|
20150201|685 |1|1|5033|120|227|212|396|458|6446|
20150201|685 |1|2|11728|123|852|2|0|572|13277|
20150202|101 |0|1|22717|1027|1986|1521|944|601|28796|
20150202|101 |0|2|62691|2138|7356|0|0|3261|75446|
20150202|101 |1|1|20446|1182|1999|1917|1248|2000|28792|
20150202|101 |1|2|57726|2440|7636|0|0|3150|70952|
20150202|190 |0|1|13767|1486|1907|2020|975|371|20526|
20150202|190 |0|2|37332|2114|1821|0|0|1937|43204|
20150202|190 |1|1|11926|1325|1739|1770|1089|1061|18910|
20150202|190 |1|2|32847|2055|1813|1|0|1855|38571|
20150202|253 |0|1|20600|1539|2754|2644|1847|734|30118|
20150202|253 |0|2|65492|2431|489|1|0|4272|72685|
20150202|253 |1|1|17085|1647|2406|2520|2282|1868|27808|
20150202|253 |1|2|56216|2446|491|0|0|3884|63037|
20150202|254 |0|1|9722|1013|1405|1898|3472|376|17886|
20150202|254 |0|2|28779|1335|686|0|0|2306|33106|
20150202|254 |1|1|9250|910|1351|1455|2829|1021|16816|
20150202|254 |1|2|26418|1131|629|0|0|2182|30360|
20150202|651 |0|1|5765|234|319|281|349|208|7156|
20150202|651 |0|2|13252|402|702|0|0|955|15311|
20150202|651 |1|1|5713|282|414|330|315|578|7632|
20150202|651 |1|2|13796|449|658|0|0|968|15871|
20150202|685 |0|1|4440|686|1393|1611|2904|142|11176|
20150202|685 |0|2|16359|860|813|0|1|1048|19081|
20150202|685 |1|1|3917|736|1292|1363|2522|409|10239|
20150202|685 |1|2|13774|916|793|0|0|979|16462|
20150203|101 |0|1|21185|1244|2126|1609|971|537|27672|
20150203|101 |0|2|59650|2252|7299|0|1|3063|72265|
20150203|101 |1|1|20312|1449|2242|2478|1503|1873|29857|
20150203|101 |1|2|57813|2632|7466|0|2|3023|70936|
20150203|190 |0|1|12643|1591|2146|2053|1087|348|19868|
20150203|190 |0|2|35098|2383|1820|0|4|1848|41153|
20150203|190 |1|1|12036|1382|2062|2454|1346|1049|20329|
20150203|190 |1|2|33414|2317|1799|0|4|1895|39429|
20150203|253 |0|1|19163|1666|3071|2960|2301|673|29834|
20150203|253 |0|2|63703|2507|510|0|0|4238|70958|
20150203|253 |1|1|17367|1805|2697|3124|2808|1820|29621|
20150203|253 |1|2|58530|2565|474|0|0|3914|65483|
20150203|254 |0|1|8879|1107|1591|1886|3604|334|17401|
20150203|254 |0|2|27920|1402|676|1|0|2234|32233|
20150203|254 |1|1|9214|1036|1492|1870|3077|1022|17711|
20150203|254 |1|2|27028|1289|669|0|0|2166|31152|
20150203|651 |0|1|5665|270|369|333|343|174|7154|
20150203|651 |0|2|13348|418|701|0|0|915|15382|
20150203|651 |1|1|5427|318|456|286|297|559|7343|
20150203|651 |1|2|13262|427|669|0|0|934|15292|
20150203|685 |0|1|4040|741|1409|1604|3205|145|11144|
20150203|685 |0|2|14493|885|771|0|0|973|17122|
20150203|685 |1|1|3962|782|1365|1568|2890|391|10958|
20150203|685 |1|2|13929|893|746|0|0|965|16533|
20150204|101 |0|1|22292|1171|2127|1612|963|571|28736|
20150204|101 |0|2|60875|2227|7283|0|0|3077|73462|
20150204|101 |1|1|20885|1371|2186|2486|1432|1904|30264|
20150204|101 |1|2|58964|2647|7487|1|0|3080|72179|
20150204|190 |0|1|12401|1625|2038|2028|1041|300|19433|
20150204|190 |0|2|35123|2242|1817|0|2|1912|41096|
20150204|190 |1|1|11892|1433|2092|2257|1309|1045|20028|
20150204|190 |1|2|34358|2236|1793|1|2|1895|40285|
20150204|253 |0|1|19075|1706|3034|2838|2090|668|29411|
20150204|253 |0|2|62699|2517|491|1|0|4220|69928|
20150204|253 |1|1|17331|1821|2609|3033|2578|1862|29234|
20150204|253 |1|2|58261|2593|505|0|0|4043|65402|
20150204|254 |0|1|8771|974|1552|1844|3425|366|16932|
20150204|254 |0|2|27688|1364|648|2|0|2294|31996|
20150204|254 |1|1|9306|1017|1441|1746|2779|965|17254|
20150204|254 |1|2|27070|1267|607|0|0|2089|31033|
20150204|651 |0|1|5725|253|338|338|313|184|7151|
20150204|651 |0|2|13222|434|678|0|0|980|15314|
20150204|651 |1|1|5361|267|451|297|272|549|7197|
20150204|651 |1|2|13255|481|698|0|0|1020|15454|
20150204|685 |0|1|4029|722|1407|1563|3303|159|11183|
20150204|685 |0|2|14629|903|775|0|0|978|17285|
20150204|685 |1|1|3868|757|1326|1526|2984|415|10876|
20150204|685 |1|2|14264|909|763|0|0|982|16918|
20150205|101 |0|1|22133|1169|2153|1596|992|535|28578|
20150205|101 |0|2|61138|2217|7368|0|0|3102|73825|
20150205|101 |1|1|21349|1436|2268|2453|1395|1866|30767|
20150205|101 |1|2|60022|2597|7576|1|0|3151|73347|
20150205|190 |0|1|12278|1589|2082|2082|1043|342|19416|
20150205|190 |0|2|35888|2277|1847|0|4|1908|41924|
20150205|190 |1|1|12280|1405|2101|2362|1229|1061|20438|
20150205|190 |1|2|34940|2295|1832|1|4|1960|41032|
20150205|253 |0|1|19640|1742|2986|2813|2085|732|29998|
20150205|253 |0|2|63285|2538|520|0|0|4330|70673|
20150205|253 |1|1|17915|1803|2620|2976|2609|1908|29831|
20150205|253 |1|2|59819|2523|534|0|0|4108|66984|
20150205|254 |0|1|9017|965|1539|1865|3417|362|17165|
20150205|254 |0|2|27840|1320|692|0|0|2176|32028|
20150205|254 |1|1|9456|1005|1410|1825|2771|1034|17501|
20150205|254 |1|2|27644|1233|644|0|0|2123|31644|
20150205|651 |0|1|5541|268|336|300|326|175|6946|
20150205|651 |0|2|13430|416|720|0|0|948|15514|
20150205|651 |1|1|5416|313|437|279|315|561|7321|
20150205|651 |1|2|12955|450|660|0|0|928|14993|
20150205|685 |0|1|4178|761|1362|1551|3300|160|11312|
20150205|685 |0|2|14764|896|780|0|0|991|17431|
20150205|685 |1|1|4044|741|1301|1462|2890|419|10857|
20150205|685 |1|2|14136|925|762|0|0|1017|16840|
20150206|101 |0|1|24320|1160|2111|1521|1003|579|30694|
20150206|101 |0|2|65830|2315|8108|1|3|3398|79655|
20150206|101 |1|1|22943|1373|2259|2398|1505|2089|32567|
20150206|101 |1|2|63058|2618|8374|1|3|3298|77352|
20150206|190 |0|1|14917|1530|2080|1986|1068|378|21959|
20150206|190 |0|2|41634|2278|2000|0|0|2080|47992|
20150206|190 |1|1|14392|1442|2102|2202|1358|1228|22724|
20150206|190 |1|2|40580|2349|1888|1|0|2180|46998|
20150206|253 |0|1|21191|1687|2985|2689|2002|731|31285|
20150206|253 |0|2|67254|2547|553|0|0|4526|74880|
20150206|253 |1|1|19941|1849|2613|2986|2556|2159|32104|
20150206|253 |1|2|65058|2613|557|0|0|4427|72655|
20150206|254 |0|1|9885|1044|1526|1806|3447|362|18070|
20150206|254 |0|2|29752|1314|710|0|1|2333|34110|
20150206|254 |1|1|10109|992|1444|1796|2847|1075|18263|
20150206|254 |1|2|28483|1219|591|0|1|2170|32464|
20150206|651 |0|1|7901|277|385|366|338|224|9491|
20150206|651 |0|2|18881|442|776|0|0|1113|21212|
20150206|651 |1|1|6107|283|421|299|284|562|7956|
20150206|651 |1|2|14859|494|765|0|0|1083|17201|
20150206|685 |0|1|4750|762|1409|1599|3206|168|11894|
20150206|685 |0|2|15832|927|816|0|0|1036|18611|
20150206|685 |1|1|4836|796|1296|1512|2994|476|11910|
20150206|685 |1|2|15972|973|750|0|0|1112|18807|
20150207|101 |0|1|29353|747|1413|741|534|506|33294|
20150207|101 |0|2|63551|1378|7903|2|0|2709|75543|
20150207|101 |1|1|27870|921|1606|1544|696|2118|34755|
20150207|101 |1|2|61450|1844|8040|1|0|2771|74106|
20150207|190 |0|1|19371|846|1161|931|590|362|23261|
20150207|190 |0|2|42812|1289|2035|0|0|1812|47948|
20150207|190 |1|1|17827|833|1252|1416|874|1390|23592|
20150207|190 |1|2|40672|1344|1940|1|0|1773|45730|
20150207|253 |0|1|26572|953|1785|1536|1286|675|32807|
20150207|253 |0|2|64028|1381|548|0|0|3431|69388|
20150207|253 |1|1|23789|1027|1598|1931|1814|2224|32383|
20150207|253 |1|2|59678|1402|522|0|0|3289|64891|
20150207|254 |0|1|12504|509|860|932|2030|359|17194|
20150207|254 |0|2|29257|739|676|0|0|1867|32539|
20150207|254 |1|1|12818|571|881|1056|1827|1322|18475|
20150207|254 |1|2|28847|739|594|0|0|1768|31948|
20150207|651 |0|1|12122|187|221|214|217|270|13231|
20150207|651 |0|2|26315|261|814|1|0|1210|28601|
20150207|651 |1|1|8703|185|297|149|159|794|10287|
20150207|651 |1|2|20060|295|859|0|0|1011|22225|
20150207|685 |0|1|5884|356|717|784|1657|170|9568|
20150207|685 |0|2|14429|368|875|0|0|781|16453|
20150207|685 |1|1|6001|371|732|766|1719|527|10116|
20150207|685 |1|2|15198|404|827|0|0|862|17291|
20150208|101 |0|1|24890|354|656|504|264|382|27050|
20150208|101 |0|2|53729|728|7127|0|1|2249|63834|
20150208|101 |1|1|24388|441|881|798|360|1844|28712|
20150208|101 |1|2|51516|725|7327|0|1|2142|61711|
20150208|190 |0|1|15059|365|480|457|187|274|16822|
20150208|190 |0|2|31294|555|2179|1|0|1342|35371|
20150208|190 |1|1|16568|319|548|621|209|1196|19461|
20150208|190 |1|2|34960|512|2091|1|0|1455|39019|
20150208|253 |0|1|22646|352|592|427|435|523|24975|
20150208|253 |0|2|52951|583|525|0|3|2779|56841|
20150208|253 |1|1|21474|330|478|488|490|1975|25235|
20150208|253 |1|2|49574|468|526|0|0|2437|53005|
20150208|254 |0|1|10968|201|345|308|376|272|12470|
20150208|254 |0|2|23420|332|714|0|0|1325|25791|
20150208|254 |1|1|11142|186|322|304|331|1084|13369|
20150208|254 |1|2|23090|231|661|0|0|1309|25291|
20150208|651 |0|1|6913|71|103|72|45|191|7395|
20150208|651 |0|2|14250|76|737|0|0|742|15805|
20150208|651 |1|1|10326|90|153|84|41|839|11533|
20150208|651 |1|2|22442|105|734|0|0|1008|24289|
20150208|685 |0|1|4795|105|255|236|443|98|5932|
20150208|685 |0|2|10730|116|869|0|0|555|12270|
20150208|685 |1|1|4768|130|214|219|402|431|6164|
20150208|685 |1|2|11161|118|847|0|0|546|12672|
20150209|101 |0|1|23795|1123|2028|1508|974|565|29993|
20150209|101 |0|2|58296|2071|6989|1|3|3095|70455|
20150209|101 |1|1|19230|1193|1969|1872|1299|1858|27421|
20150209|101 |1|2|54151|2508|7469|5|1|2974|67108|
20150209|190 |0|1|13719|1606|1960|1981|976|363|20605|
20150209|190 |0|2|38758|2158|1844|3|0|2025|44788|
20150209|190 |1|1|12433|1370|1799|1799|994|1110|19505|
20150209|190 |1|2|33638|2044|1802|11|4|1911|39410|
20150209|253 |0|1|19826|1559|2900|2718|1884|694|29581|
20150209|253 |0|2|65316|2349|483|1|0|4302|72451|
20150209|253 |1|1|16471|1697|2463|2548|2282|1775|27236|
20150209|253 |1|2|55222|2377|490|0|0|3857|61946|
20150209|254 |0|1|9069|1099|1417|1766|3357|340|17048|
20150209|254 |0|2|27964|1317|618|0|0|2143|32042|
20150209|254 |1|1|8700|929|1345|1439|2688|924|16025|
20150209|254 |1|2|25241|1123|603|0|0|1975|28942|
20150209|685 |0|1|4740|699|1378|1524|3117|174|11632|
20150209|685 |0|2|16712|912|784|0|0|1083|19491|
20150209|685 |1|1|3722|673|1214|1376|2672|403|10060|
20150209|685 |1|2|13692|910|752|0|0|972|16326|
20150210|101 |0|1|21743|1214|2221|1703|983|556|28420|
20150210|101 |0|2|60634|2340|7308|1|1|3145|73429|
20150210|101 |1|1|20368|1446|2263|2579|1491|1833|29980|
20150210|101 |1|2|57594|2736|7502|3|2|3120|70957|
20150210|190 |0|1|12353|1697|2072|2070|1099|331|19622|
20150210|190 |0|2|36235|2393|1878|1|0|1960|42467|
20150210|190 |1|1|12339|1476|2063|2392|1333|1075|20678|
20150210|190 |1|2|34597|2386|1850|1|0|1909|40743|
20150210|253 |0|1|19268|1784|3086|3004|2120|688|29950|
20150210|253 |0|2|63738|2664|497|0|0|4202|71101|
20150210|253 |1|1|17223|1846|2742|3175|2623|1885|29494|
20150210|253 |1|2|59095|2605|533|1|0|3978|66212|
20150210|254 |0|1|9008|1155|1451|1934|3842|377|17767|
20150210|254 |0|2|28024|1360|641|1|1|2222|32249|
20150210|254 |1|1|8826|1002|1507|1847|3112|1020|17314|
20150210|254 |1|2|26927|1222|593|0|1|2163|30906|
20150210|651 |0|1|5608|266|343|329|349|193|7088|
20150210|651 |0|2|12959|424|687|0|0|924|14994|
20150210|651 |1|1|5380|287|449|310|311|564|7301|
20150210|651 |1|2|13001|459|654|0|0|947|15061|
20150210|685 |0|1|4208|761|1409|1668|3386|144|11576|
20150210|685 |0|2|14893|925|759|0|0|945|17522|
20150210|685 |1|1|3876|759|1344|1589|3128|407|11103|
20150210|685 |1|2|14432|951|748|0|0|998|17129|
20150211|101 |0|1|22593|1150|2082|1671|1021|567|29084|
20150211|101 |0|2|61179|2218|7294|0|6|3121|73818|
20150211|101 |1|1|21670|1417|2159|2478|1485|1944|31153|
20150211|101 |1|2|59304|2662|7560|0|1|3111|72638|
20150211|190 |0|1|13607|1637|2092|2132|1064|395|20927|
20150211|190 |0|2|37730|2369|1969|1|0|2002|44071|
20150211|190 |1|1|12974|1467|2094|2363|1264|1120|21282|
20150211|190 |1|2|35671|2336|1800|1|0|1922|41730|
20150211|253 |0|1|20449|1751|3093|2874|2008|696|30871|
20150211|253 |0|2|65679|2564|526|0|0|4304|73073|
20150211|253 |1|1|18395|1817|2631|3146|2730|1959|30678|
20150211|253 |1|2|59974|2453|515|0|0|4044|66986|
20150211|254 |0|1|9551|1029|1455|1848|3681|378|17942|
20150211|254 |0|2|29031|1447|649|2|0|2269|33398|
20150211|254 |1|1|9664|1021|1444|1716|2894|1098|17837|
20150211|254 |1|2|28328|1246|588|0|0|2182|32344|
20150211|651 |0|1|5793|270|378|319|356|223|7339|
20150211|651 |0|2|13853|430|756|0|0|1014|16053|
20150211|651 |1|1|5441|313|444|290|292|538|7318|
20150211|651 |1|2|13607|490|687|0|0|1038|15822|
20150211|685 |0|1|4498|738|1358|1675|3206|163|11638|
20150211|685 |0|2|15757|881|756|0|0|1013|18407|
20150211|685 |1|1|4333|755|1303|1545|2898|410|11244|
20150211|685 |1|2|14726|925|703|0|0|942|17296|
20150212|101 |0|1|23292|1191|2100|1564|1034|573|29754|
20150212|101 |0|2|63080|2275|7324|0|3|3171|75853|
20150212|101 |1|1|22494|1461|2261|2579|1449|1961|32205|
20150212|101 |1|2|60741|2667|7679|0|2|3172|74261|
20150212|190 |0|1|14586|1766|2059|2117|1205|342|22075|
20150212|190 |0|2|39671|2360|1944|0|1|2010|45986|
20150212|190 |1|1|14247|1522|2069|2402|1445|1188|22873|
20150212|190 |1|2|38416|2358|1833|0|1|2006|44614|
20150212|253 |0|1|20772|1732|3016|2894|2056|760|31230|
20150212|253 |0|2|66390|2539|560|1|0|4409|73899|
20150212|253 |1|1|19234|1802|2648|3102|2749|2011|31546|
20150212|253 |1|2|61868|2492|543|0|0|4097|69000|
20150212|254 |0|1|9683|990|1540|1897|3824|401|18335|
20150212|254 |0|2|28864|1344|641|0|0|2267|33116|
20150212|254 |1|1|10052|1013|1422|1768|3101|1058|18414|
20150212|254 |1|2|28714|1182|583|0|0|2182|32661|
20150212|685 |0|1|4771|725|1360|1577|3242|131|11806|
20150212|685 |0|2|15702|904|772|0|0|1001|18379|
20150212|685 |1|1|4545|777|1343|1505|3006|412|11588|
20150212|685 |1|2|15025|886|715|0|0|1037|17663|
20150213|101 |0|1|25468|1241|2132|1673|1144|573|32231|
20150213|101 |0|2|65846|2324|7874|0|2|3363|79409|
20150213|101 |1|1|23654|1454|2213|2466|1578|2064|33429|
20150213|101 |1|2|60970|2661|8155|0|2|3284|75072|
20150213|190 |0|1|16492|1721|2021|2280|1115|449|24078|
20150213|190 |0|2|43053|2353|2038|0|4|2251|49699|
20150213|190 |1|1|16218|1537|2087|2542|1374|1360|25118|
20150213|190 |1|2|42536|2439|1911|1|4|2264|49155|
20150213|253 |0|1|22096|1769|2986|2918|2191|758|32718|
20150213|253 |0|2|67791|2576|544|1|0|4390|75302|
20150213|253 |1|1|20563|1851|2681|3092|2851|2199|33237|
20150213|253 |1|2|64647|2567|556|0|0|4255|72025|
20150213|254 |0|1|10399|1183|1396|1779|3715|399|18871|
20150213|254 |0|2|29845|1398|673|0|1|2331|34248|
20150213|254 |1|1|10834|1060|1470|1771|3212|1177|19524|
20150213|254 |1|2|29354|1266|613|1|0|2305|33539|
20150213|651 |0|1|7865|278|382|341|322|236|9424|
20150213|651 |0|2|18175|469|841|0|0|1138|20623|
20150213|651 |1|1|6292|295|501|313|288|652|8341|
20150213|651 |1|2|15357|528|855|0|0|1098|17838|
20150213|685 |0|1|5078|788|1434|1732|3423|165|12620|
20150213|685 |0|2|16637|905|819|0|1|1037|19399|
20150213|685 |1|1|4979|809|1374|1573|3052|527|12314|
20150213|685 |1|2|16525|962|714|0|1|1142|19344|
20150214|101 |0|1|27526|842|1453|944|669|498|31932|
20150214|101 |0|2|60896|1458|7225|0|0|2629|72208|
20150214|101 |1|1|26650|1048|1677|1766|818|2136|34095|
20150214|101 |1|2|59950|1898|7424|1|0|2728|72001|
20150214|190 |0|1|17482|886|1401|1167|702|364|22002|
20150214|190 |0|2|40838|1373|2020|0|0|1851|46082|
20150214|190 |1|1|16569|903|1433|1532|882|1295|22614|
20150214|190 |1|2|39073|1488|1977|2|0|1853|44393|
20150214|253 |0|1|24473|1075|2013|1887|1415|613|31476|
20150214|253 |0|2|60719|1456|459|0|0|3353|65987|
20150214|253 |1|1|22172|1210|1780|2228|2003|2072|31465|
20150214|253 |1|2|57304|1461|474|0|0|3317|62556|
20150214|254 |0|1|11678|651|977|1073|2448|364|17191|
20150214|254 |0|2|28066|795|694|0|0|1909|31464|
20150214|254 |1|1|11844|637|994|1178|2085|1199|17937|
20150214|254 |1|2|28332|770|617|0|0|1884|31603|
20150214|651 |0|1|11342|181|250|197|196|239|12405|
20150214|651 |0|2|23476|298|821|0|0|1163|25758|
20150214|651 |1|1|8325|194|303|208|159|785|9974|
20150214|651 |1|2|18509|330|801|0|0|1035|20675|
20150214|685 |0|1|5000|405|817|906|2024|136|9288|
20150214|685 |0|2|13375|457|814|1|0|784|15431|
20150214|685 |1|1|5245|420|880|965|2094|460|10064|
20150214|685 |1|2|14541|496|783|1|0|875|16696|
20150215|101 |0|1|23894|475|865|538|349|403|26524|
20150215|101 |0|2|53541|810|6447|0|0|2218|63016|
20150215|101 |1|1|23497|573|1136|1109|533|1902|28750|
20150215|101 |1|2|51112|854|6540|1|1|2081|60589|
20150215|190 |0|1|14471|489|628|585|236|267|16676|
20150215|190 |0|2|31152|722|1855|0|0|1327|35056|
20150215|190 |1|1|15095|468|715|687|289|1152|18406|
20150215|190 |1|2|32873|663|1881|3|0|1370|36790|
20150215|253 |0|1|21089|490|662|545|580|465|23831|
20150215|253 |0|2|50836|721|413|0|1|2692|54663|
20150215|253 |1|1|19847|474|600|659|700|1754|24034|
20150215|253 |1|2|46404|607|412|0|1|2408|49832|
20150215|254 |0|1|10470|237|412|390|666|282|12457|
20150215|254 |0|2|23065|366|662|0|0|1363|25456|
20150215|254 |1|1|10596|256|382|391|615|1109|13349|
20150215|254 |1|2|22846|305|671|0|0|1335|25157|
20150215|651 |0|1|7448|78|82|98|57|165|7928|
20150215|651 |0|2|15118|119|687|0|0|828|16752|
20150215|651 |1|1|9812|105|152|111|29|817|11026|
20150215|651 |1|2|20923|155|761|0|0|1023|22862|
20150215|685 |0|1|4231|150|286|282|595|119|5663|
20150215|685 |0|2|10274|159|786|0|0|535|11754|
20150215|685 |1|1|4201|162|274|269|566|389|5861|
20150215|685 |1|2|10062|169|758|0|0|539|11528|
20150216|101 |0|1|22838|1062|1788|1202|899|538|28327|
20150216|101 |0|2|60564|2006|7361|0|1|3081|73013|
20150216|101 |1|1|20590|1247|1808|1767|1193|1879|28484|
20150216|101 |1|2|55460|2343|7733|5|2|3041|68584|
20150216|190 |0|1|15522|1418|1858|1796|1083|414|22091|
20150216|190 |0|2|41940|2269|1766|0|0|2192|48167|
20150216|190 |1|1|14048|1299|1764|1784|1002|1301|21198|
20150216|190 |1|2|37103|2236|1744|5|0|2086|43174|
20150216|253 |0|1|21204|1481|2617|2427|1753|667|30149|
20150216|253 |0|2|64999|2229|432|0|0|4134|71794|
20150216|253 |1|1|18615|1654|2375|2395|2318|1901|29258|
20150216|253 |1|2|58297|2277|561|1|0|4002|65138|
20150216|254 |0|1|9625|920|1438|1756|3513|366|17618|
20150216|254 |0|2|28855|1316|607|0|0|2223|33001|
20150216|254 |1|1|9607|893|1312|1591|2914|996|17313|
20150216|254 |1|2|26747|1146|506|0|0|1984|30383|
20150216|651 |0|1|5887|251|342|286|270|185|7221|
20150216|651 |0|2|13600|441|661|0|0|939|15641|
20150216|651 |1|1|6179|283|374|288|247|590|7961|
20150216|651 |1|2|14879|516|719|0|0|1081|17195|
20150216|685 |0|1|5042|650|1302|1497|2909|160|11560|
20150216|685 |0|2|17216|763|752|0|2|1097|19830|
20150216|685 |1|1|4307|637|1186|1328|2642|388|10488|
20150216|685 |1|2|13917|789|676|0|4|931|16317|
20150217|101 |0|1|29768|788|1437|816|516|558|33883|
20150217|101 |0|2|67850|1704|9699|0|2|2931|82186|
20150217|101 |1|1|22061|1114|1820|1561|843|2028|29427|
20150217|101 |1|2|56294|2310|8597|4|1|3130|70336|
20150217|190 |0|1|23699|1019|1405|973|768|445|28309|
20150217|190 |0|2|53569|1701|1372|2|0|2237|58881|
20150217|190 |1|1|15424|952|1496|1327|875|1343|21417|
20150217|190 |1|2|37470|1811|1872|7|0|2009|43169|
20150217|253 |0|1|28455|1047|1790|1442|1234|725|34693|
20150217|253 |0|2|71819|1691|376|1|0|3872|77759|
20150217|253 |1|1|22125|1218|1749|1917|1696|2234|30939|
20150217|253 |1|2|60545|1906|500|0|0|4008|66959|
20150217|254 |0|1|12209|779|1295|1417|2827|368|18895|
20150217|254 |0|2|31749|1168|752|0|0|2251|35920|
20150217|254 |1|1|10988|796|1224|1515|2307|1122|17952|
20150217|254 |1|2|25962|986|540|0|1|1951|29440|
20150217|651 |0|1|8828|209|230|290|224|287|10068|
20150217|651 |0|2|21334|372|1012|0|0|1157|23875|
20150217|651 |1|1|5716|215|289|244|177|587|7228|
20150217|651 |1|2|13030|397|674|0|0|991|15092|
20150217|685 |0|1|9431|457|965|1004|2032|191|14080|
20150217|685 |0|2|21376|479|496|0|0|954|23305|
20150217|685 |1|1|5826|539|1039|1200|2291|576|11471|
20150217|685 |1|2|16014|637|787|0|0|1035|18473|
20150218|101 |0|1|42509|266|621|164|62|650|44272|
20150218|101 |0|2|69406|644|7510|0|1|2253|79814|
20150218|101 |1|1|26007|375|864|380|82|2018|29726|
20150218|101 |1|2|45805|1024|6542|0|0|1914|55285|
20150218|190 |0|1|33000|288|324|146|73|493|34324|
20150218|190 |0|2|51719|460|1116|0|0|1698|54993|
20150218|190 |1|1|19053|240|511|248|93|1520|21665|
20150218|190 |1|2|30652|546|1689|0|0|1313|34200|
20150218|253 |0|1|39068|249|325|182|207|691|40722|
20150218|253 |0|2|67000|462|233|0|0|2663|70358|
20150218|253 |1|1|23181|259|397|273|223|2052|26385|
20150218|253 |1|2|42899|528|243|0|0|2188|45858|
20150218|254 |0|1|16161|177|363|247|302|349|17599|
20150218|254 |0|2|26990|281|846|0|0|1358|29475|
20150218|254 |1|1|12821|188|319|368|267|1225|15188|
20150218|254 |1|2|22446|284|629|0|0|1223|24582|
20150218|651 |0|1|12156|54|77|76|34|314|12711|
20150218|651 |0|2|22725|122|733|0|0|963|24543|
20150218|651 |1|1|5874|73|136|70|21|624|6798|
20150218|651 |1|2|10801|157|541|0|0|616|12115|
20150218|685 |0|1|13026|66|179|170|307|184|13932|
20150218|685 |0|2|25345|86|530|0|0|895|26856|
20150218|685 |1|1|5613|70|191|197|410|473|6954|
20150218|685 |1|2|10187|87|798|0|0|485|11557|
20150219|101 |0|1|41930|77|164|40|19|635|42865|
20150219|101 |0|2|66917|196|5935|0|0|2219|75267|
20150219|101 |1|1|37917|122|439|54|5|2534|41071|
20150219|101 |1|2|63505|212|6038|0|0|2098|71853|
20150219|190 |0|1|32517|70|86|33|23|516|33245|
20150219|190 |0|2|49114|101|958|0|0|1753|51926|
20150219|190 |1|1|29373|64|88|44|18|1950|31537|
20150219|190 |1|2|46658|87|1161|0|0|1623|49529|
20150219|253 |0|1|39808|104|96|44|42|736|40830|
20150219|253 |0|2|65023|132|184|0|0|2608|67947|
20150219|253 |1|1|35071|63|105|57|37|2685|38018|
20150219|253 |1|2|60612|81|274|0|0|2559|63526|
20150219|254 |0|1|20716|50|105|44|57|433|21405|
20150219|254 |0|2|33881|74|691|0|0|1580|36226|
20150219|254 |1|1|19591|57|72|37|47|1628|21432|
20150219|254 |1|2|30211|58|472|0|0|1374|32115|
20150219|685 |0|1|15062|21|238|37|60|206|15624|
20150219|685 |0|2|15852|24|447|0|0|586|16909|
20150219|685 |1|1|10370|15|37|28|74|805|11329|
20150219|685 |1|2|19726|25|689|0|0|678|21118|
20150220|101 |0|1|29623|174|411|123|53|472|30856|
20150220|101 |0|2|52714|514|6173|0|2|1951|61354|
20150220|101 |1|1|39756|219|686|135|39|2508|43343|
20150220|101 |1|2|69801|535|6901|0|2|2162|79401|
20150220|190 |0|1|22999|212|263|120|62|343|23999|
20150220|190 |0|2|37024|324|1579|0|0|1419|40346|
20150220|190 |1|1|30311|146|270|125|42|1954|32848|
20150220|190 |1|2|52153|267|1278|0|0|1639|55337|
20150220|253 |0|1|28947|174|214|138|115|528|30116|
20150220|253 |0|2|52978|363|225|0|0|2486|56052|
20150220|253 |1|1|35888|145|217|146|114|2625|39135|
20150220|253 |1|2|65298|336|247|0|0|2474|68355|
20150220|254 |0|1|13402|109|246|153|179|326|14415|
20150220|254 |0|2|23377|236|594|0|0|1180|25387|
20150220|254 |1|1|15986|111|188|137|122|1436|17980|
20150220|254 |1|2|25699|177|593|0|0|1243|27712|
20150220|651 |0|1|12105|41|81|30|16|351|12624|
20150220|651 |0|2|22238|80|621|0|0|947|23886|
20150220|651 |1|1|13682|52|133|26|14|1075|14982|
20150220|651 |1|2|26488|101|671|0|0|1059|28319|
20150220|685 |0|1|6892|34|112|132|248|133|7551|
20150220|685 |0|2|12137|62|833|0|0|522|13554|
20150220|685 |1|1|11167|44|92|109|241|798|12451|
20150220|685 |1|2|22699|80|777|0|0|783|24339|
20150221|101 |0|1|21547|339|643|235|191|371|23326|
20150221|101 |0|2|42624|766|6439|0|1|1733|51563|
20150221|101 |1|1|35740|415|847|313|169|2262|39746|
20150221|101 |1|2|68802|1018|7364|3|0|2203|79390|
20150221|190 |0|1|14505|324|518|216|183|271|16017|
20150221|190 |0|2|26593|620|1727|0|0|1125|30065|
20150221|190 |1|1|26004|310|598|250|132|1699|28993|
20150221|190 |1|2|49153|631|1376|0|0|1662|52822|
20150221|253 |0|1|20806|317|447|347|331|455|22703|
20150221|253 |0|2|42921|611|279|0|0|2141|45952|
20150221|253 |1|1|32013|317|418|353|327|2319|35747|
20150221|253 |1|2|64175|649|238|0|2|2562|67626|
20150221|254 |0|1|9946|184|385|331|580|222|11648|
20150221|254 |0|2|20016|351|620|0|0|1183|22170|
20150221|254 |1|1|13112|238|370|322|446|1114|15602|
20150221|254 |1|2|24356|348|610|0|0|1276|26590|
20150221|651 |0|1|7692|66|108|72|43|206|8187|
20150221|651 |0|2|15058|125|613|0|0|710|16506|
20150221|651 |1|1|11428|73|138|79|26|986|12730|
20150221|651 |1|2|23869|171|614|0|8|1006|25668|
20150221|685 |0|1|4598|96|250|273|576|111|5904|
20150221|685 |0|2|9245|112|835|0|0|455|10647|
20150221|685 |1|1|9491|118|324|322|535|670|11460|
20150221|685 |1|2|21751|133|802|0|0|826|23512|
20150222|101 |0|1|22828|316|647|353|168|400|24712|
20150222|101 |0|2|47338|630|6353|0|2|2055|56378|
20150222|101 |1|1|27243|330|813|634|201|1929|31150|
20150222|101 |1|2|55902|587|6923|0|1|2145|65558|
20150222|190 |0|1|15989|367|463|417|147|325|17708|
20150222|190 |0|2|28299|501|1759|1|1|1200|31761|
20150222|190 |1|1|18449|273|421|436|109|1299|20987|
20150222|190 |1|2|36878|413|1650|2|0|1385|40328|
20150222|253 |0|1|20087|262|318|277|274|450|21668|
20150222|253 |0|2|47268|498|317|0|0|2482|50565|
20150222|253 |1|1|22816|287|387|403|248|1953|26094|
20150222|253 |1|2|49132|378|292|0|0|2320|52122|
20150222|254 |0|1|10436|159|277|269|395|255|11791|
20150222|254 |0|2|21251|290|631|0|0|1245|23417|
20150222|254 |1|1|10594|139|245|232|271|1007|12488|
20150222|254 |1|2|20357|209|619|0|0|1129|22314|
20150222|651 |0|1|6216|51|75|54|23|156|6575|
20150222|651 |0|2|12317|81|649|0|0|654|13701|
20150222|651 |1|1|8561|69|136|60|22|733|9581|
20150222|651 |1|2|18041|91|630|0|0|827|19589|
20150222|685 |0|1|5118|90|206|298|400|126|6238|
20150222|685 |0|2|10729|101|884|0|0|563|12277|
20150222|685 |1|1|5454|95|213|204|359|419|6744|
20150222|685 |1|2|12291|95|835|0|0|519|13740|
20150223|101 |0|1|25353|1104|1928|1460|853|594|31292|
20150223|101 |0|2|64250|1993|7673|0|2|3264|77182|
20150223|101 |1|1|23809|1266|1922|1701|1066|2069|31833|
20150223|101 |1|2|60260|2319|7936|0|1|3199|73715|
20150223|190 |0|1|16016|1452|1889|1714|909|402|22382|
20150223|190 |0|2|40376|2047|2073|3|0|2060|46559|
20150223|190 |1|1|14903|1227|1689|1498|1011|1236|21564|
20150223|190 |1|2|36169|1935|1877|1|0|1953|41935|
20150223|253 |0|1|22887|1579|2647|2541|1737|754|32145|
20150223|253 |0|2|67791|2270|542|2|0|4359|74964|
20150223|253 |1|1|18598|1576|2222|2302|1965|2030|28693|
20150223|253 |1|2|57733|2211|514|0|0|3844|64302|
20150223|254 |0|1|10023|872|1386|1705|3234|351|17571|
20150223|254 |0|2|28681|1299|695|0|0|2254|32929|
20150223|254 |1|1|9616|906|1305|1306|2612|1044|16789|
20150223|254 |1|2|26496|1116|637|0|0|2081|30330|
20150223|651 |0|1|6758|235|315|258|242|230|8038|
20150223|651 |0|2|14698|423|798|0|0|1013|16932|
20150223|651 |1|1|6282|257|395|247|225|621|8027|
20150223|651 |1|2|15099|447|690|0|0|1097|17333|
20150223|685 |0|1|5393|695|1281|1499|2905|172|11945|
20150223|685 |0|2|17112|862|878|0|0|1054|19906|
20150223|685 |1|1|4424|676|1174|1305|2448|423|10450|
20150223|685 |1|2|14282|854|811|0|1|1027|16975|
20150224|101 |0|1|24741|1259|2157|1637|1016|612|31422|
20150224|101 |0|2|63888|2213|7516|2|2|3205|76826|
20150224|101 |1|1|23156|1554|2283|2452|1531|1931|32907|
20150224|101 |1|2|60330|2677|7764|5|2|3115|73893|
20150224|190 |0|1|15510|1721|2120|2135|1206|410|23102|
20150224|190 |0|2|40121|2370|1966|0|1|2059|46517|
20150224|190 |1|1|14811|1537|2138|2440|1440|1241|23607|
20150224|190 |1|2|37721|2298|2015|1|2|2023|44060|
20150224|253 |0|1|21282|1838|2978|3052|2171|692|32013|
20150224|253 |0|2|65900|2558|585|2|0|4202|73247|
20150224|253 |1|1|18804|1936|2650|3267|2759|2024|31440|
20150224|253 |1|2|60316|2548|599|1|0|4030|67494|
20150224|254 |0|1|9872|1029|1597|1927|3820|382|18627|
20150224|254 |0|2|29291|1387|692|0|0|2266|33636|
20150224|254 |1|1|10017|1058|1466|1839|3103|1100|18583|
20150224|254 |1|2|28405|1250|634|0|0|2183|32472|
20150224|651 |0|1|6798|295|339|337|325|221|8315|
20150224|651 |0|2|15117|468|750|0|0|991|17326|
20150224|651 |1|1|6630|300|413|307|279|663|8592|
20150224|651 |1|2|15007|493|732|0|0|1068|17300|
20150224|685 |0|1|4857|780|1405|1602|3519|146|12309|
20150224|685 |0|2|15941|870|859|0|0|985|18655|
20150224|685 |1|1|4349|816|1305|1553|3066|411|11500|
20150224|685 |1|2|14518|880|756|0|0|976|17130|
20150225|101 |0|1|25490|1263|2160|1643|993|576|32125|
20150225|101 |0|2|65212|2245|7705|1|1|3269|78433|
20150225|101 |1|1|23881|1456|2234|2501|1436|2027|33535|
20150225|101 |1|2|62292|2541|7978|6|1|3196|76014|
20150225|190 |0|1|15407|1555|2129|2127|1161|412|22791|
20150225|190 |0|2|40059|2234|2016|1|1|2036|46347|
20150225|190 |1|1|14976|1496|2038|2401|1421|1296|23628|
20150225|190 |1|2|38784|2231|2010|4|1|2011|45041|
20150225|253 |0|1|21614|1787|2977|2916|2228|726|32248|
20150225|253 |0|2|66463|2523|613|1|0|4387|73987|
20150225|253 |1|1|19594|1891|2650|3092|2834|2131|32192|
20150225|253 |1|2|61396|2556|623|0|0|4104|68679|
20150225|254 |0|1|10103|978|1531|1928|3737|354|18631|
20150225|254 |0|2|29270|1362|719|0|0|2268|33619|
20150225|254 |1|1|10333|1135|1432|1768|3051|1112|18831|
20150225|254 |1|2|28739|1220|670|0|0|2168|32797|
20150225|651 |0|1|6712|300|357|342|327|224|8262|
20150225|651 |0|2|15277|410|927|0|0|1022|17636|
20150225|651 |1|1|6410|300|449|347|281|609|8396|
20150225|651 |1|2|15253|452|882|0|0|1060|17647|
20150225|685 |0|1|4748|731|1319|1652|3473|161|12084|
20150225|685 |0|2|15444|841|855|0|0|995|18135|
20150225|685 |1|1|4844|763|1275|1619|3156|469|12126|
20150225|685 |1|2|14508|902|856|1|0|982|17249|
20150226|101 |0|1|25534|1229|2038|1685|992|599|32077|
20150226|101 |0|2|64282|2188|7564|0|0|3045|77079|
20150226|101 |1|1|23664|1431|2217|2368|1379|2010|33069|
20150226|101 |1|2|61378|2530|7825|4|1|3104|74842|
20150226|190 |0|1|14757|1568|2144|2129|1198|361|22157|
20150226|190 |0|2|39581|2307|1884|0|0|2014|45786|
20150226|190 |1|1|14733|1441|2011|2429|1412|1240|23266|
20150226|190 |1|2|39261|2246|1854|3|0|1990|45354|
20150226|253 |0|1|20815|1522|2534|2628|1959|681|30139|
20150226|253 |0|2|67248|2539|607|0|0|4345|74739|
20150226|253 |1|1|19061|1848|2556|3038|2653|1948|31104|
20150226|253 |1|2|61648|2480|609|0|0|4133|68870|
20150226|254 |0|1|10039|1090|1505|1935|3812|396|18777|
20150226|254 |0|2|29368|1356|710|0|7|2272|33713|
20150226|254 |1|1|10368|1042|1408|1802|3062|1129|18811|
20150226|254 |1|2|28585|1192|632|0|0|2158|32567|
20150226|651 |0|1|6833|296|346|345|294|231|8345|
20150226|651 |0|2|15258|441|797|0|0|1012|17508|
20150226|651 |1|1|6381|328|450|323|265|663|8410|
20150226|651 |1|2|15112|500|735|0|0|1042|17389|
20150226|685 |0|1|4492|712|1312|1532|3396|146|11590|
20150226|685 |0|2|15217|865|822|1|0|1021|17926|
20150226|685 |1|1|4326|767|1322|1554|3038|465|11472|
20150226|685 |1|2|14795|946|777|0|0|955|17473|
20150227|101 |0|1|26788|1178|2070|1669|1015|636|33356|
20150227|101 |0|2|66072|2156|8399|2|2|3315|79946|
20150227|101 |1|1|25233|1405|2159|2414|1424|2109|34744|
20150227|101 |1|2|65028|2536|8768|3|3|3245|79583|
20150227|190 |0|1|16803|1652|2073|1940|1217|403|24088|
20150227|190 |0|2|43620|2247|2030|0|2|2184|50083|
20150227|190 |1|1|16486|1480|2179|2323|1425|1416|25309|
20150227|190 |1|2|43506|2262|1947|1|2|2297|50015|
20150227|253 |0|1|23072|1721|2856|2904|2161|753|33467|
20150227|253 |0|2|69595|2533|621|0|1|4442|77192|
20150227|253 |1|1|21335|1880|2521|3102|2785|2127|33750|
20150227|253 |1|2|65850|2546|570|0|0|4332|73298|
20150227|254 |0|1|10679|1059|1438|1804|3609|390|18979|
20150227|254 |0|2|30424|1368|713|1|1|2348|34855|
20150227|254 |1|1|11139|1011|1468|1787|3077|1189|19671|
20150227|254 |1|2|30469|1272|650|0|1|2237|34629|
20150228|101 |0|1|32671|824|1456|696|572|530|36749|
20150228|101 |0|2|68092|1462|7818|0|1|2677|80050|
20150228|101 |1|1|30052|986|1536|1578|823|2239|37214|
20150228|101 |1|2|63259|1877|8208|3|1|2702|76050|
20150228|190 |0|1|19718|883|1130|903|622|290|23546|
20150228|190 |0|2|46256|1290|1980|0|0|1849|51375|
20150228|190 |1|1|20430|869|1262|1405|842|1468|26276|
20150228|190 |1|2|44839|1371|1857|6|0|1844|49917|
20150228|253 |0|1|28301|976|1380|1154|1266|666|33743|
20150228|253 |0|2|66935|1363|602|0|0|3540|72440|
20150228|253 |1|1|25520|972|1294|1611|1866|2192|33455|
20150228|253 |1|2|63010|1445|558|0|0|3423|68436|
20150228|254 |0|1|13545|578|813|931|2135|392|18394|
20150228|254 |0|2|30816|711|662|1|0|1918|34108|
20150228|254 |1|1|13812|614|866|1120|1804|1322|19538|
20150228|254 |1|2|30542|727|605|0|0|1889|33763|
