20171101|101 |0|1|17241|538|938|656|217|360|19950|
20171101|101 |0|2|69801|2836|9393|1348|1002|3374|87754|
20171101|101 |1|1|15912|588|1062|896|261|1501|20220|
20171101|101 |1|2|71275|3403|9567|1919|1609|3659|91432|
20171101|190 |0|1|9455|449|1184|1027|224|166|12505|
20171101|190 |0|2|41829|2876|3197|1671|1426|2090|53089|
20171101|190 |1|1|9229|557|956|1159|286|827|13014|
20171101|190 |1|2|40954|3004|3223|1994|1675|2083|52933|
20171101|253 |0|1|13681|607|1356|993|324|321|17282|
20171101|253 |0|2|66156|2996|2516|2140|2677|3884|80369|
20171101|253 |1|1|12225|567|1112|1164|479|1298|16845|
20171101|253 |1|2|61276|3074|2421|2404|3191|3672|76038|
20171101|254 |0|1|6674|407|743|1021|606|194|9645|
20171101|254 |0|2|31399|1704|1380|1143|3297|2235|41158|
20171101|254 |1|1|6809|358|747|910|512|791|10127|
20171101|254 |1|2|30957|1546|1298|926|2877|2137|39741|
20171101|651 |0|1|5858|168|266|209|48|148|6697|
20171101|651 |0|2|24211|678|1221|355|545|1432|28442|
20171101|651 |1|1|5435|182|351|210|46|553|6777|
20171101|651 |1|2|23719|678|1114|268|465|1387|27631|
20171101|685 |0|1|3683|352|967|1180|1065|91|7338|
20171101|685 |0|2|16991|1313|1445|930|3116|1095|24890|
20171101|685 |1|1|3692|349|853|854|592|382|6722|
20171101|685 |1|2|17423|1372|1463|998|3541|1217|26014|
20171102|101 |0|1|15866|477|938|642|169|294|18386|
20171102|101 |0|2|69180|2741|9302|1281|912|3300|86716|
20171102|101 |1|1|15835|578|998|898|242|1494|20045|
20171102|101 |1|2|72482|3231|9750|1940|1423|3677|92503|
20171102|190 |0|1|9841|490|1242|990|238|136|12937|
20171102|190 |0|2|44084|3049|3349|1783|1561|2168|55994|
20171102|190 |1|1|8693|485|927|1053|297|772|12227|
20171102|190 |1|2|39118|2914|3156|1947|1500|1983|50618|
20171102|253 |0|1|13359|614|1232|1031|328|323|16887|
20171102|253 |0|2|66292|2884|2366|2110|2574|3878|80104|
20171102|253 |1|1|12841|588|1000|1153|473|1361|17416|
20171102|253 |1|2|63240|2999|2348|2380|3159|3861|77987|
20171102|254 |0|1|6669|383|801|962|554|190|9559|
20171102|254 |0|2|32980|1756|1502|1125|3339|2358|43060|
20171102|254 |1|1|6728|365|758|876|505|776|10008|
20171102|254 |1|2|31358|1546|1372|936|2930|2193|40335|
20171102|651 |0|1|5968|170|268|200|69|152|6827|
20171102|651 |0|2|24372|705|1154|317|490|1349|28387|
20171102|651 |1|1|5540|208|350|187|64|587|6936|
20171102|651 |1|2|23745|711|1126|285|440|1392|27699|
20171102|685 |0|1|3668|370|1011|1052|1061|85|7247|
20171102|685 |0|2|17064|1266|1574|865|2975|1084|24828|
20171102|685 |1|1|3523|344|804|812|587|362|6432|
20171102|685 |1|2|17171|1350|1489|935|3402|1114|25461|
20171103|101 |0|1|18184|425|822|592|160|315|20498|
20171103|101 |0|2|74393|2680|9890|1254|892|3357|92466|
20171103|101 |1|1|17157|527|1019|832|223|1608|21366|
20171103|101 |1|2|73661|3143|10230|1768|1321|3646|93769|
20171103|190 |0|1|9592|476|1115|959|180|185|12507|
20171103|190 |0|2|51036|2867|3322|1807|1323|2417|62772|
20171103|190 |1|1|10942|515|875|1084|282|967|14665|
20171103|190 |1|2|47451|2807|3168|2028|1402|2321|59177|
20171103|253 |0|1|15322|593|1250|976|285|384|18810|
20171103|253 |0|2|71696|2764|2364|2033|2456|4092|85405|
20171103|253 |1|1|14243|616|1038|1122|405|1508|18932|
20171103|253 |1|2|68341|2763|2380|2222|2985|3997|82688|
20171103|254 |0|1|7286|376|826|867|503|203|10061|
20171103|254 |0|2|34535|1750|1551|1032|3202|2312|44382|
20171103|254 |1|1|7452|401|746|876|469|819|10763|
20171103|254 |1|2|32850|1553|1454|923|2795|2179|41754|
20171103|651 |0|1|7707|160|262|183|53|211|8576|
20171103|651 |0|2|31773|654|1382|300|342|1694|36145|
20171103|651 |1|1|6016|181|366|135|39|636|7373|
20171103|651 |1|2|25367|664|1339|257|346|1518|29491|
20171103|685 |0|1|4390|327|942|1024|916|106|7705|
20171103|685 |0|2|19633|1277|1586|848|2850|1196|27390|
20171103|685 |1|1|4063|292|753|781|575|401|6865|
20171103|685 |1|2|18762|1351|1403|903|3143|1219|26781|
20171104|101 |0|1|22675|339|554|306|86|293|24253|
20171104|101 |0|2|77283|1776|10263|609|508|2921|93360|
20171104|101 |1|1|21054|421|760|522|151|1670|24578|
20171104|101 |1|2|75551|2244|10079|1078|889|3057|92898|
20171104|190 |0|1|16947|280|698|431|131|146|18633|
20171104|190 |0|2|53619|1409|2561|604|709|2011|60913|
20171104|190 |1|1|13853|330|508|578|156|1079|16504|
20171104|190 |1|2|51122|1571|2605|1087|863|2036|59284|
20171104|253 |0|1|19186|312|587|426|199|260|20970|
20171104|253 |0|2|73710|1407|1282|699|1690|3465|82253|
20171104|253 |1|1|17844|358|554|623|293|1718|21390|
20171104|253 |1|2|68525|1522|1346|1003|2165|3336|77897|
20171104|254 |0|1|9673|209|429|425|290|178|11204|
20171104|254 |0|2|38161|919|1167|487|1797|2075|44606|
20171104|254 |1|1|9327|226|385|504|296|979|11717|
20171104|254 |1|2|34618|860|1080|567|1603|1888|40616|
20171104|651 |0|1|10987|100|159|100|20|198|11564|
20171104|651 |0|2|39194|471|1268|163|198|1605|42899|
20171104|651 |1|1|8035|128|197|72|17|689|9138|
20171104|651 |1|2|31343|428|1262|124|196|1313|34666|
20171104|685 |0|1|6798|178|488|452|367|104|8387|
20171104|685 |0|2|21473|514|1237|385|1777|1006|26392|
20171104|685 |1|1|5448|176|436|434|272|494|7260|
20171104|685 |1|2|20142|634|1213|539|2160|994|25682|
20171105|101 |0|1|20934|169|303|165|27|231|21829|
20171105|101 |0|2|72503|991|8164|329|190|2757|84934|
20171105|101 |1|1|20881|272|526|310|53|1622|23664|
20171105|101 |1|2|72352|1085|9127|605|298|2692|86159|
20171105|190 |0|1|13746|160|306|205|29|139|14585|
20171105|190 |0|2|49450|833|2451|469|197|1916|55316|
20171105|190 |1|1|14285|163|216|283|48|1066|16061|
20171105|190 |1|2|49518|699|2175|469|176|1767|54804|
20171105|253 |0|1|17961|178|276|178|58|212|18863|
20171105|253 |0|2|66844|716|972|360|866|3154|72912|
20171105|253 |1|1|18358|145|210|203|83|1573|20572|
20171105|253 |1|2|64965|631|866|355|856|2849|70522|
20171105|254 |0|1|8985|79|162|139|97|165|9627|
20171105|254 |0|2|33532|426|879|208|362|1739|37146|
20171105|254 |1|1|9103|91|128|148|100|922|10492|
20171105|254 |1|2|32080|331|817|179|303|1647|35357|
20171105|651 |0|1|7800|55|99|44|18|149|8165|
20171105|651 |0|2|28054|198|1116|60|80|1222|30730|
20171105|651 |1|1|9639|68|132|70|9|831|10749|
20171105|651 |1|2|35412|228|1054|76|50|1491|38311|
20171105|685 |0|1|5852|77|174|135|78|91|6407|
20171105|685 |0|2|18791|244|1212|197|544|814|21802|
20171105|685 |1|1|5903|68|119|125|63|493|6771|
20171105|685 |1|2|20580|257|1067|169|472|829|23374|
20171106|101 |0|1|17858|417|891|651|179|322|20318|
20171106|101 |0|2|75004|2631|8968|1203|905|3652|92363|
20171106|101 |1|1|16152|523|886|811|208|1627|20207|
20171106|101 |1|2|70824|2997|9325|1564|1271|3644|89625|
20171106|190 |0|1|10762|461|1194|961|211|154|13743|
20171106|190 |0|2|46709|2848|2935|1674|1388|2273|57827|
20171106|190 |1|1|9948|507|872|860|242|916|13345|
20171106|190 |1|2|41968|2733|2979|1581|1459|2114|52834|
20171106|253 |0|1|14942|581|1190|1009|313|380|18415|
20171106|253 |0|2|69727|2760|2088|2005|2328|4278|83186|
20171106|253 |1|1|12934|595|996|997|413|1401|17336|
20171106|253 |1|2|62060|2897|2154|1990|2765|3791|75657|
20171106|254 |0|1|7011|371|801|998|515|208|9904|
20171106|254 |0|2|34590|1758|1546|1130|3303|2452|44779|
20171106|254 |1|1|6738|356|729|763|511|807|9904|
20171106|254 |1|2|30432|1435|1275|764|2743|2055|38704|
20171106|651 |0|1|6345|139|270|166|52|165|7137|
20171106|651 |0|2|24558|686|1076|313|421|1465|28519|
20171106|651 |1|1|6401|193|354|173|65|693|7879|
20171106|651 |1|2|25753|703|1032|298|431|1569|29786|
20171106|685 |0|1|5247|361|1072|1131|1045|101|8957|
20171106|685 |0|2|17414|1208|1396|889|2931|1021|24859|
20171106|685 |1|1|3790|320|791|695|498|402|6496|
20171106|685 |1|2|17306|1285|1505|820|3272|1146|25334|
20171107|101 |0|1|16851|536|1038|735|288|320|19768|
20171107|101 |0|2|70084|2793|9118|1358|994|3466|87813|
20171107|101 |1|1|15276|573|1015|965|285|1419|19533|
20171107|101 |1|2|68295|3240|9617|1963|1575|3498|88188|
20171107|190 |0|1|8976|470|1260|980|219|154|12059|
20171107|190 |0|2|40034|2750|2962|1722|1667|1961|51096|
20171107|190 |1|1|8444|496|901|1107|269|779|11996|
20171107|190 |1|2|37353|2825|2989|2020|1645|1892|48724|
20171107|253 |0|1|13364|584|1335|1041|361|343|17028|
20171107|253 |0|2|66292|2909|2273|2165|2895|3872|80406|
20171107|253 |1|1|12446|591|1178|1201|499|1393|17308|
20171107|253 |1|2|63072|2887|2331|2417|3454|3798|77959|
20171107|254 |0|1|6455|410|781|1020|556|205|9427|
20171107|254 |0|2|32392|1780|1498|1151|3452|2303|42576|
20171107|254 |1|1|6605|403|764|907|516|757|9952|
20171107|254 |1|2|31013|1568|1354|1019|2961|2177|40092|
20171107|651 |0|1|5537|161|270|188|47|129|6332|
20171107|651 |0|2|23123|679|1148|343|429|1383|27105|
20171107|651 |1|1|5448|166|315|159|38|518|6644|
20171107|651 |1|2|23307|673|1077|290|337|1474|27158|
20171107|685 |0|1|3615|363|1018|1151|1072|78|7297|
20171107|685 |0|2|16989|1266|1488|851|3168|1089|24851|
20171107|685 |1|1|3546|354|807|858|549|326|6440|
20171107|685 |1|2|17402|1395|1471|1038|3658|1177|26141|
20171108|101 |0|1|16568|483|941|691|204|347|19234|
20171108|101 |0|2|71221|2726|9393|1376|1061|3452|89229|
20171108|101 |1|1|15534|549|987|952|270|1430|19722|
20171108|101 |1|2|71180|3259|9634|1971|1538|3557|91139|
20171108|190 |0|1|9410|465|1166|956|252|177|12426|
20171108|190 |0|2|39706|2831|2970|1665|1527|1957|50656|
20171108|190 |1|1|8990|502|887|988|301|769|12437|
20171108|190 |1|2|38997|2877|2950|1935|1809|1967|50535|
20171108|253 |0|1|13486|568|1264|1029|329|328|17004|
20171108|253 |0|2|65916|2948|2281|2118|2761|3995|80019|
20171108|253 |1|1|12569|606|1091|1306|461|1362|17395|
20171108|253 |1|2|62473|3032|2288|2385|3290|3800|77268|
20171108|254 |0|1|6594|382|815|992|535|196|9514|
20171108|254 |0|2|32907|1805|1495|1146|3491|2318|43162|
20171108|254 |1|1|6667|372|808|927|495|794|10063|
20171108|254 |1|2|31478|1576|1357|978|2954|2121|40464|
20171108|651 |0|1|5385|174|250|179|41|138|6167|
20171108|651 |0|2|23437|724|1144|340|496|1403|27544|
20171108|651 |1|1|5188|175|314|150|37|553|6417|
20171108|651 |1|2|23230|682|1076|296|418|1416|27118|
20171108|685 |0|1|3692|364|993|1126|967|84|7226|
20171108|685 |0|2|16921|1232|1476|947|3054|1108|24738|
20171108|685 |1|1|3400|344|844|789|565|343|6285|
20171108|685 |1|2|17006|1381|1421|944|3435|1125|25312|
20171109|101 |0|1|17466|483|983|699|194|313|20138|
20171109|101 |0|2|73353|2815|9338|1363|974|3432|91275|
20171109|101 |1|1|15407|509|1048|983|269|1380|19596|
20171109|101 |1|2|68504|3203|9648|1974|1479|3268|88076|
20171109|190 |0|1|9518|496|1174|967|249|165|12569|
20171109|190 |0|2|37895|2657|2919|1640|1550|1802|48463|
20171109|190 |1|1|9049|536|937|1175|325|819|12841|
20171109|190 |1|2|39780|2921|2946|2002|1688|1951|51288|
20171109|253 |0|1|13918|608|1318|1017|338|314|17513|
20171109|253 |0|2|68274|2979|2355|2116|2751|4048|82523|
20171109|253 |1|1|12961|594|1120|1142|472|1325|17614|
20171109|253 |1|2|64087|3085|2365|2380|3250|3916|79083|
20171109|254 |0|1|6575|357|799|963|523|167|9384|
20171109|254 |0|2|32620|1803|1542|1198|3269|2281|42713|
20171109|254 |1|1|6627|338|777|816|514|824|9896|
20171109|254 |1|2|31392|1584|1320|904|2789|2130|40119|
20171109|651 |0|1|5857|150|247|202|58|142|6656|
20171109|651 |0|2|24552|740|1119|348|417|1437|28613|
20171109|651 |1|1|5503|185|322|162|58|539|6769|
20171109|651 |1|2|23569|698|1077|297|367|1391|27399|
20171109|685 |0|1|3770|344|1001|1055|942|95|7207|
20171109|685 |0|2|17226|1210|1441|888|2914|1072|24751|
20171109|685 |1|1|3574|307|827|799|544|343|6394|
20171109|685 |1|2|17282|1322|1435|981|3334|1107|25461|
20171110|101 |0|1|18836|491|855|632|211|360|21385|
20171110|101 |0|2|71340|2605|9727|1274|958|3256|89160|
20171110|101 |1|1|16766|510|949|920|258|1632|21035|
20171110|101 |1|2|71398|3233|10204|1915|1487|3618|91855|
20171110|190 |0|1|11548|448|1134|964|213|173|14480|
20171110|190 |0|2|50445|2856|3118|1637|1639|2287|61982|
20171110|190 |1|1|10060|457|877|1058|289|862|13603|
20171110|190 |1|2|40604|2665|2744|1816|1546|2061|51436|
20171110|253 |0|1|15063|572|1151|976|317|343|18422|
20171110|253 |0|2|72345|2885|2276|2018|2564|4180|86268|
20171110|253 |1|1|14278|598|1026|1179|452|1486|19019|
20171110|253 |1|2|67879|2888|2285|2239|3201|4036|82528|
20171110|254 |0|1|7257|384|806|925|506|197|10075|
20171110|254 |0|2|34438|1769|1470|1047|3259|2309|44292|
20171110|254 |1|1|6951|359|782|802|423|821|10138|
20171110|254 |1|2|32214|1579|1324|913|2713|2091|40834|
20171110|651 |0|1|7326|158|269|165|60|264|8242|
20171110|651 |0|2|31735|695|1274|312|418|1726|36160|
20171110|651 |1|1|5823|172|343|162|34|632|7166|
20171110|651 |1|2|25695|684|1263|295|354|1552|29843|
20171110|685 |0|1|4587|332|902|1059|824|95|7799|
20171110|685 |0|2|20427|1275|1528|879|2835|1151|28095|
20171110|685 |1|1|4095|302|824|780|538|382|6921|
20171110|685 |1|2|19017|1332|1385|905|3234|1125|26998|
20171111|101 |0|1|23123|312|507|309|95|276|24622|
20171111|101 |0|2|77012|1722|10891|643|574|2916|93758|
20171111|101 |1|1|20856|398|848|547|140|1724|24513|
20171111|101 |1|2|72961|2147|10740|1106|900|2940|90794|
20171111|190 |0|1|16200|296|608|399|110|177|17790|
20171111|190 |0|2|55973|1415|2503|627|730|2099|63347|
20171111|190 |1|1|13886|275|518|529|170|1131|16509|
20171111|190 |1|2|50541|1585|2523|1084|965|2090|58788|
20171111|253 |0|1|19970|304|548|434|206|307|21769|
20171111|253 |0|2|74783|1378|1398|732|1600|3563|83454|
20171111|253 |1|1|17453|286|516|607|275|1639|20776|
20171111|253 |1|2|67459|1452|1399|953|2102|3505|76870|
20171111|254 |0|1|9735|159|379|458|315|173|11219|
20171111|254 |0|2|38110|895|1162|557|1783|2109|44616|
20171111|254 |1|1|9533|200|396|480|305|1015|11929|
20171111|254 |1|2|35135|805|1037|576|1586|1912|41051|
20171111|651 |0|1|10840|111|140|122|25|223|11461|
20171111|651 |0|2|39039|401|1235|197|228|1708|42808|
20171111|651 |1|1|8093|115|195|85|17|740|9245|
20171111|651 |1|2|31051|404|1330|133|159|1460|34537|
20171111|685 |0|1|6811|177|423|440|360|98|8309|
20171111|685 |0|2|22080|495|1201|417|1679|957|26829|
20171111|685 |1|1|5696|143|399|416|298|486|7438|
20171111|685 |1|2|20405|604|1143|543|2026|985|25706|
20171112|101 |0|1|21053|154|268|150|34|246|21905|
20171112|101 |0|2|72629|881|8399|372|225|2749|85255|
20171112|101 |1|1|21014|214|518|311|50|1705|23812|
20171112|101 |1|2|71984|923|9309|626|306|2680|85828|
20171112|190 |0|1|13805|166|308|181|28|110|14598|
20171112|190 |0|2|48529|792|2306|427|213|1948|54215|
20171112|190 |1|1|14670|160|203|251|39|1063|16386|
20171112|190 |1|2|49840|643|1974|452|208|1796|54913|
20171112|253 |0|1|18612|180|239|191|69|241|19532|
20171112|253 |0|2|68339|713|1003|333|715|3272|74375|
20171112|253 |1|1|18578|138|195|233|84|1546|20774|
20171112|253 |1|2|65849|598|892|394|748|2934|71415|
20171112|254 |0|1|9294|91|113|171|72|150|9891|
20171112|254 |0|2|33787|382|862|224|386|1790|37431|
20171112|254 |1|1|9840|77|110|147|59|886|11119|
20171112|254 |1|2|32745|299|783|171|335|1659|35992|
20171112|651 |0|1|7463|54|57|44|9|155|7782|
20171112|651 |0|2|27579|170|1085|51|81|1261|30227|
20171112|651 |1|1|9492|64|91|49|6|787|10489|
20171112|651 |1|2|35104|218|964|65|56|1509|37916|
20171112|685 |0|1|5949|81|155|152|93|89|6519|
20171112|685 |0|2|19192|253|1261|163|613|895|22377|
20171112|685 |1|1|6175|62|113|116|75|536|7077|
20171112|685 |1|2|20921|251|1073|166|617|864|23892|
20171113|101 |0|1|18008|444|884|654|191|330|20511|
20171113|101 |0|2|74205|2512|8684|1273|867|3613|91154|
20171113|101 |1|1|16308|521|897|848|207|1619|20400|
20171113|101 |1|2|71691|3008|9093|1699|1344|3636|90471|
20171113|190 |0|1|9892|430|1035|913|200|146|12616|
20171113|190 |0|2|43273|2597|2625|1588|1269|2117|53469|
20171113|190 |1|1|8929|459|747|797|242|796|11970|
20171113|190 |1|2|38574|2538|2819|1524|1334|1992|48781|
20171113|253 |0|1|14590|507|1175|987|307|342|17908|
20171113|253 |0|2|69402|2647|2019|2035|2444|4060|82607|
20171113|253 |1|1|13304|533|967|1010|415|1343|17572|
20171113|253 |1|2|62322|2740|2029|2022|2793|3869|75775|
20171113|254 |0|1|12619|1665|6782|5091|9227|494|35878|
20171113|254 |0|2|34912|1770|1464|1130|3503|2471|45250|
20171113|254 |1|1|6825|341|737|749|477|776|9905|
20171113|254 |1|2|31254|1502|1263|757|2838|2127|39741|
20171113|651 |0|1|5901|136|252|174|42|156|6661|
20171113|651 |0|2|23829|694|1094|284|397|1396|27694|
20171113|651 |1|1|6135|164|302|151|54|619|7425|
20171113|651 |1|2|25263|704|1027|262|318|1544|29118|
20171113|685 |0|1|5134|343|1038|997|908|107|8527|
20171113|685 |0|2|17496|1196|1324|887|2880|1094|24877|
20171113|685 |1|1|3875|314|804|765|493|355|6606|
20171113|685 |1|2|17653|1329|1499|889|3238|1151|25759|
20171114|101 |0|1|15942|479|975|701|190|313|18600|
20171114|101 |0|2|70119|2769|8840|1449|955|3393|87525|
20171114|101 |1|1|15021|522|968|1019|263|1380|19173|
20171114|101 |1|2|67738|3239|9336|2049|1470|3369|87201|
20171114|190 |0|1|9376|419|1149|1006|208|123|12281|
20171114|190 |0|2|42234|2923|3006|1770|1581|2067|53581|
20171114|190 |1|1|8676|440|872|1042|265|756|12051|
20171114|190 |1|2|37388|2892|2812|1904|1754|1939|48689|
20171114|253 |0|1|13639|601|1342|1059|383|338|17362|
20171114|253 |0|2|67273|2935|2320|2160|2730|4057|81475|
20171114|253 |1|1|12693|544|1104|1233|479|1371|17424|
20171114|253 |1|2|64067|3061|2379|2533|3520|3981|79541|
20171114|254 |0|1|6530|368|829|1025|635|182|9569|
20171114|254 |0|2|32622|1725|1477|1178|3539|2281|42822|
20171114|254 |1|1|6396|367|805|886|602|709|9765|
20171114|254 |1|2|29872|1497|1242|955|2947|2091|38604|
20171114|651 |0|1|5564|171|293|208|100|185|6521|
20171114|651 |0|2|22994|684|1061|364|401|1374|26878|
20171114|651 |1|1|5384|186|323|192|92|574|6751|
20171114|651 |1|2|23047|700|1030|327|366|1402|26872|
20171114|685 |0|1|3497|367|974|1051|985|76|6950|
20171114|685 |0|2|17085|1287|1458|884|3129|1067|24910|
20171114|685 |1|1|3481|328|809|836|555|343|6352|
20171114|685 |1|2|16920|1325|1429|1017|3366|1081|25138|
20171115|101 |0|1|16506|492|926|681|223|332|19160|
20171115|101 |0|2|70835|2756|8861|1420|1066|3423|88361|
20171115|101 |1|1|15429|574|959|1021|255|1436|19674|
20171115|101 |1|2|67647|3326|9362|2006|1419|3364|87124|
20171115|190 |0|1|9294|464|1180|968|242|159|12307|
20171115|190 |0|2|39347|2721|2881|1709|1453|1940|50051|
20171115|190 |1|1|8184|478|861|1015|251|707|11496|
20171115|190 |1|2|35620|2704|2695|1900|1636|1745|46300|
20171115|253 |0|1|13367|558|1301|1072|341|352|16991|
20171115|253 |0|2|70455|3035|2216|2194|2725|4149|84774|
20171115|253 |1|1|12410|555|1051|1227|538|1404|17185|
20171115|253 |1|2|62719|2945|2220|2413|3252|3709|77258|
20171115|254 |0|1|6633|377|784|975|575|190|9534|
20171115|254 |0|2|32730|1783|1472|1111|3393|2278|42767|
20171115|254 |1|1|6639|329|776|852|494|731|9821|
20171115|254 |1|2|30923|1571|1320|916|2893|2062|39685|
20171115|651 |0|1|5467|152|249|191|56|144|6259|
20171115|651 |0|2|22806|684|1076|341|489|1388|26784|
20171115|651 |1|1|5274|193|313|164|61|538|6543|
20171115|651 |1|2|22305|644|1051|304|484|1365|26153|
20171115|685 |0|1|3644|333|941|1088|995|77|7078|
20171115|685 |0|2|17071|1252|1556|900|3153|1034|24966|
20171115|685 |1|1|3620|349|838|839|575|354|6575|
20171115|685 |1|2|17232|1348|1418|960|3465|1146|25569|
20171116|101 |0|1|16391|463|962|665|156|287|18924|
20171116|101 |0|2|71663|2814|8993|1397|993|3352|89212|
20171116|101 |1|1|15547|546|953|979|241|1429|19695|
20171116|101 |1|2|69676|3256|9424|2061|1356|3450|89223|
20171116|190 |0|1|9169|510|1214|875|313|146|12227|
20171116|190 |0|2|35766|2487|2606|1519|1388|1704|45470|
20171116|190 |1|1|8591|470|796|1032|262|762|11913|
20171116|190 |1|2|37439|2688|2725|1862|1547|1915|48176|
20171116|253 |0|1|14092|588|1323|978|334|356|17671|
20171116|253 |0|2|68229|2933|2191|2087|2662|3955|82057|
20171116|253 |1|1|12930|564|1129|1173|478|1334|17608|
20171116|253 |1|2|63020|2945|2227|2357|3266|3810|77625|
20171116|254 |0|1|6765|376|852|961|508|179|9641|
20171116|254 |0|2|33658|1763|1472|1154|3493|2349|43889|
20171116|254 |1|1|6872|351|798|880|486|787|10174|
20171116|254 |1|2|32057|1506|1264|887|2812|2062|40588|
20171116|651 |0|1|5630|150|220|171|48|151|6370|
20171116|651 |0|2|23369|671|1093|335|469|1380|27317|
20171116|651 |1|1|5461|181|314|132|48|536|6672|
20171116|651 |1|2|23012|711|1021|323|429|1403|26899|
20171116|685 |0|1|3691|337|1005|1008|884|88|7013|
20171116|685 |0|2|16929|1208|1462|868|3122|1047|24636|
20171116|685 |1|1|3619|339|824|838|589|360|6569|
20171116|685 |1|2|17344|1353|1406|983|3464|1138|25688|
20171117|101 |0|1|18642|445|953|676|169|327|21212|
20171117|101 |0|2|75645|2721|9559|1387|1021|3571|93904|
20171117|101 |1|1|16959|525|980|985|239|1654|21342|
20171117|101 |1|2|73596|3183|9862|1989|1446|3765|93841|
20171117|190 |0|1|11210|406|1119|826|205|155|13921|
20171117|190 |0|2|48824|2591|2945|1600|1526|2217|59703|
20171117|190 |1|1|11011|486|895|985|262|941|14580|
20171117|190 |1|2|46985|2726|2912|1799|1666|2399|58487|
20171117|253 |0|1|15898|573|1171|913|308|327|19190|
20171117|253 |0|2|74171|2772|2106|1955|2499|4092|87595|
20171117|253 |1|1|14067|561|979|1188|436|1527|18758|
20171117|253 |1|2|68958|2846|2158|2312|3054|4170|83498|
20171117|254 |0|1|7393|374|830|916|482|218|10213|
20171117|254 |0|2|35371|1745|1474|1115|3242|2405|45352|
20171117|254 |1|1|7290|354|793|868|457|874|10636|
20171117|254 |1|2|33364|1532|1248|921|2895|2242|42202|
20171117|651 |0|1|7258|152|248|180|57|162|8057|
20171117|651 |0|2|30180|658|1182|349|498|1605|34472|
20171117|651 |1|1|5899|185|333|170|39|638|7264|
20171117|651 |1|2|25031|648|1109|325|432|1546|29091|
20171117|685 |0|1|4892|306|911|1018|829|91|8047|
20171117|685 |0|2|21337|1233|1524|902|3018|1252|29266|
20171117|685 |1|1|4100|330|827|780|493|383|6913|
20171117|685 |1|2|19293|1339|1354|958|3243|1166|27353|
20171118|101 |0|1|22261|308|581|303|109|301|23863|
20171118|101 |0|2|75424|1756|9389|672|577|2935|90753|
20171118|101 |1|1|20629|364|740|598|150|1630|24111|
20171118|101 |1|2|71602|2209|9681|1122|916|2940|88470|
20171118|190 |0|1|16299|269|565|461|98|161|17853|
20171118|190 |0|2|56879|1452|2378|673|863|2123|64368|
20171118|190 |1|1|13606|294|494|538|155|1153|16240|
20171118|190 |1|2|49954|1621|2390|1133|1008|1962|58068|
20171118|253 |0|1|20373|348|656|418|179|316|22290|
20171118|253 |0|2|74285|1393|1116|727|1530|3467|82518|
20171118|253 |1|1|17868|299|527|580|262|1691|21227|
20171118|253 |1|2|68623|1515|1225|1036|2107|3416|77922|
20171118|254 |0|1|7871|200|390|410|252|142|9265|
20171118|254 |0|2|38645|913|1142|486|1866|2169|45221|
20171118|254 |1|1|9487|208|394|481|246|1034|11850|
20171118|254 |1|2|34226|830|981|529|1652|1976|40194|
20171118|651 |0|1|9631|88|148|95|19|166|10147|
20171118|651 |0|2|35833|435|1133|177|330|1621|39529|
20171118|651 |1|1|7324|118|207|80|13|721|8463|
20171118|651 |1|2|29024|415|1147|114|282|1413|32395|
20171118|685 |0|1|7146|151|458|423|323|97|8598|
20171118|685 |0|2|21685|496|1049|351|1610|926|26117|
20171118|685 |1|1|5543|149|364|409|295|454|7214|
20171118|685 |1|2|19900|572|1011|471|1913|924|24791|
20171119|101 |0|1|20641|171|304|170|34|235|21555|
20171119|101 |0|2|70255|942|7693|409|208|2749|82256|
20171119|101 |1|1|20965|233|462|304|51|1617|23632|
20171119|101 |1|2|69403|986|8450|748|295|2690|82572|
20171119|190 |0|1|13067|159|292|179|35|103|13835|
20171119|190 |0|2|47010|762|2248|420|233|1872|52545|
20171119|190 |1|1|14427|151|184|229|57|923|15971|
20171119|190 |1|2|49577|597|1948|423|215|1762|54522|
20171119|253 |0|1|18151|178|249|171|60|245|19054|
20171119|253 |0|2|66791|725|915|338|533|3234|72536|
20171119|253 |1|1|18816|139|208|173|88|1565|20989|
20171119|253 |1|2|65840|623|743|361|485|2901|70953|
20171119|254 |0|1|7210|84|131|131|85|111|7752|
20171119|254 |0|2|33443|395|762|175|331|1688|36794|
20171119|254 |1|1|9656|73|118|120|72|911|10950|
20171119|254 |1|2|31941|319|744|172|289|1633|35098|
20171119|651 |0|1|6789|50|55|38|5|124|7061|
20171119|651 |0|2|24500|141|923|49|55|1135|26803|
20171119|651 |1|1|8631|69|95|62|10|779|9646|
20171119|651 |1|2|32489|177|874|56|47|1413|35056|
20171119|685 |0|1|5905|51|148|138|83|72|6397|
20171119|685 |0|2|19007|243|1145|163|461|906|21925|
20171119|685 |1|1|6435|54|112|108|77|561|7347|
20171119|685 |1|2|21466|254|926|149|379|890|24064|
20171120|101 |0|1|18778|470|953|636|184|325|21346|
20171120|101 |0|2|71814|2402|8584|1221|852|3380|88253|
20171120|101 |1|1|15679|488|830|843|242|1476|19558|
20171120|101 |1|2|69255|2972|9048|1676|1247|3490|87688|
20171120|190 |0|1|10196|406|1130|1019|183|154|13088|
20171120|190 |0|2|44297|2693|2731|1619|1456|2174|54970|
20171120|190 |1|1|8764|455|765|822|222|764|11792|
20171120|190 |1|2|36979|2427|2603|1474|1419|1912|46814|
20171120|253 |0|1|14751|551|1204|943|308|351|18108|
20171120|253 |0|2|69576|2733|1874|1952|2297|4184|82616|
20171120|253 |1|1|12882|475|1009|1092|427|1364|17249|
20171120|253 |1|2|62780|2825|2007|1960|2873|3957|76402|
20171120|254 |0|1|6899|343|778|922|528|198|9668|
20171120|254 |0|2|34161|1752|1467|1162|3280|2434|44256|
20171120|254 |1|1|6535|289|758|682|474|800|9538|
20171120|254 |1|2|29506|1418|1213|703|2679|2058|37577|
20171120|651 |0|1|5515|167|243|169|48|166|6308|
20171120|651 |0|2|22497|640|970|276|509|1381|26273|
20171120|651 |1|1|5441|185|273|146|32|622|6699|
20171120|651 |1|2|23307|685|962|291|429|1511|27185|
20171120|685 |0|1|4843|305|928|907|701|88|7772|
20171120|685 |0|2|17390|1143|1419|847|2885|1019|24703|
20171120|685 |1|1|3742|308|799|738|587|384|6558|
20171120|685 |1|2|17152|1258|1393|802|2882|1144|24631|
20171121|101 |0|1|16117|434|976|682|190|331|18730|
20171121|101 |0|2|71051|2786|8777|1466|1040|3447|88567|
20171121|101 |1|1|15152|529|1035|1034|249|1397|19396|
20171121|101 |1|2|68699|3253|9186|2110|1520|3479|88247|
20171121|190 |0|1|8403|445|1187|787|177|119|11118|
20171121|190 |0|2|39939|2841|2915|1975|1614|2011|51295|
20171121|190 |1|1|8747|481|978|1064|276|838|12384|
20171121|190 |1|2|39294|2872|2821|2019|1774|2067|50847|
20171121|253 |0|1|13615|587|1289|1064|375|345|17275|
20171121|253 |0|2|67488|2899|2198|2153|2807|4012|81557|
20171121|253 |1|1|12265|533|1121|1239|544|1310|17012|
20171121|253 |1|2|61907|2851|2155|2383|3330|3839|76465|
20171121|254 |0|1|6369|353|793|1029|617|200|9361|
20171121|254 |0|2|32013|1801|1419|1134|3508|2272|42147|
20171121|254 |1|1|6620|381|842|882|565|746|10036|
20171121|254 |1|2|30336|1502|1255|882|2966|2011|38952|
20171121|651 |0|1|5211|139|219|189|54|177|5989|
20171121|651 |0|2|21968|713|1066|341|617|1410|26115|
20171121|651 |1|1|4938|179|305|152|52|542|6168|
20171121|651 |1|2|21336|702|1007|276|514|1412|25247|
20171121|685 |0|1|3822|319|997|1047|994|80|7259|
20171121|685 |0|2|16340|1221|1404|876|3114|1060|24015|
20171121|685 |1|1|3546|324|820|854|540|368|6452|
20171121|685 |1|2|17202|1344|1464|979|3537|1118|25644|
20171122|101 |0|1|15821|418|866|682|188|274|18249|
20171122|101 |0|2|69204|2677|8617|1436|1058|3328|86320|
20171122|101 |1|1|14737|526|938|1059|233|1364|18857|
20171122|101 |1|2|66685|3142|9023|1979|1555|3303|85687|
20171122|190 |0|1|9070|416|1210|816|226|168|11906|
20171122|190 |0|2|41351|2865|2964|1884|1561|2072|52697|
20171122|190 |1|1|9746|523|967|1043|329|902|13510|
20171122|190 |1|2|39771|2799|2819|1843|1690|2045|50967|
20171122|253 |0|1|13133|583|1310|1012|350|337|16725|
20171122|253 |0|2|66054|2864|2097|2077|2614|4052|79758|
20171122|253 |1|1|12463|526|1002|1169|446|1321|16927|
20171122|253 |1|2|61774|2951|2141|2423|3177|3686|76152|
20171122|254 |0|1|6582|358|863|998|645|168|9614|
20171122|254 |0|2|32910|1898|1535|1237|3712|2376|43668|
20171122|254 |1|1|6662|322|815|892|510|783|9984|
20171122|254 |1|2|31362|1621|1287|950|3149|2157|40526|
20171122|651 |0|1|5227|144|239|188|53|157|6008|
20171122|651 |0|2|22073|651|1073|359|497|1382|26035|
20171122|651 |1|1|5034|168|262|180|49|520|6213|
20171122|651 |1|2|21722|665|996|319|429|1411|25542|
20171122|685 |0|1|3788|319|878|917|858|88|6848|
20171122|685 |0|2|15667|1115|1294|871|2835|967|22749|
20171122|685 |1|1|3549|328|776|776|540|344|6313|
20171122|685 |1|2|16820|1223|1351|943|3250|1047|24634|
20171123|101 |0|1|16344|423|941|692|171|311|18882|
20171123|101 |0|2|69368|2729|8757|1373|994|3333|86554|
20171123|101 |1|1|15015|535|921|1020|284|1386|19161|
20171123|101 |1|2|67866|3150|9161|2096|1469|3334|87076|
20171123|190 |0|1|9328|436|1210|941|209|179|12303|
20171123|190 |0|2|42462|2879|3113|1682|1563|2121|53820|
20171123|190 |1|1|8980|480|908|955|268|838|12429|
20171123|190 |1|2|39809|2877|2976|1927|1638|1951|51178|
20171123|253 |0|1|13169|570|1363|976|332|362|16772|
20171123|253 |0|2|65146|2834|2182|2112|2696|3889|78859|
20171123|253 |1|1|12243|542|1066|1191|463|1305|16810|
20171123|253 |1|2|61839|2849|2282|2396|3344|3700|76410|
20171123|254 |0|1|6429|403|801|947|562|185|9327|
20171123|254 |0|2|32548|1798|1517|1191|3507|2316|42877|
20171123|254 |1|1|6376|338|810|824|473|720|9541|
20171123|254 |1|2|30163|1557|1334|953|3090|2068|39165|
20171123|651 |0|1|5362|154|256|202|49|154|6177|
20171123|651 |0|2|21880|694|1067|325|636|1363|25965|
20171123|651 |1|1|5106|161|299|187|36|535|6324|
20171123|651 |1|2|21815|672|1031|323|561|1407|25809|
20171123|685 |0|1|3564|339|896|1015|787|87|6688|
20171123|685 |0|2|16565|1171|1417|870|3103|1032|24158|
20171123|685 |1|1|3256|312|756|780|508|312|5924|
20171123|685 |1|2|16051|1251|1331|947|3346|1054|23980|
20171124|101 |0|1|17459|393|896|661|176|357|19942|
20171124|101 |0|2|71090|2702|9439|1439|903|3325|88898|
20171124|101 |1|1|15953|522|986|1030|324|1511|20326|
20171124|101 |1|2|69046|3107|9742|1997|1269|3472|88633|
20171124|190 |0|1|10665|417|1075|876|213|133|13379|
20171124|190 |0|2|46711|2712|3025|1613|1538|2241|57840|
20171124|190 |1|1|9319|426|757|961|260|832|12555|
20171124|190 |1|2|39692|2529|2862|1768|1679|1957|50487|
20171124|253 |0|1|15099|526|1202|966|323|336|18452|
20171124|253 |0|2|72644|2857|2180|2022|2526|4067|86296|
20171124|253 |1|1|13085|491|1004|1154|381|1377|17492|
20171124|253 |1|2|64545|2763|2135|2165|2781|3815|78204|
20171124|254 |0|1|6778|363|738|901|493|189|9462|
20171124|254 |0|2|31858|1652|1395|983|2920|2117|40925|
20171124|254 |1|1|6755|370|759|876|439|771|9970|
20171124|254 |1|2|31600|1553|1296|913|2874|2029|40265|
20171124|651 |0|1|6197|133|235|196|41|207|7009|
20171124|651 |0|2|26478|634|1114|308|561|1462|30557|
20171124|651 |1|1|5372|162|306|176|39|597|6652|
20171124|651 |1|2|22833|684|1101|295|478|1414|26805|
20171124|685 |0|1|4525|297|827|978|806|88|7521|
20171124|685 |0|2|19564|1205|1417|878|2923|1136|27123|
20171124|685 |1|1|3954|305|759|789|498|387|6692|
20171124|685 |1|2|18449|1319|1279|889|3089|1141|26166|
20171125|101 |0|1|21592|282|609|306|105|260|23154|
20171125|101 |0|2|73739|1706|8978|692|534|2846|88495|
20171125|101 |1|1|19497|336|651|633|213|1616|22946|
20171125|101 |1|2|67886|2157|9074|1117|823|2746|83803|
20171125|190 |0|1|14544|239|571|436|101|151|16042|
20171125|190 |0|2|52175|1413|2352|664|809|1948|59361|
20171125|190 |1|1|12616|252|430|481|149|1025|14953|
20171125|190 |1|2|45370|1541|2393|1088|1005|1833|53230|
20171125|253 |0|1|18834|296|571|436|168|257|20562|
20171125|253 |0|2|72526|1355|1059|704|1597|3287|80528|
20171125|253 |1|1|17073|280|501|637|247|1499|20237|
20171125|253 |1|2|65806|1400|1135|959|2071|3324|74695|
20171125|254 |0|1|9099|193|437|443|295|156|10623|
20171125|254 |0|2|36686|882|1042|508|1852|1930|42900|
20171125|254 |1|1|8455|187|354|477|280|858|10611|
20171125|254 |1|2|31051|786|882|541|1681|1616|36557|
20171125|651 |0|1|7895|79|124|104|19|244|8465|
20171125|651 |0|2|30334|399|1009|199|257|1385|33583|
20171125|651 |1|1|6342|98|173|79|17|638|7347|
20171125|651 |1|2|24983|392|949|136|234|1223|27917|
20171125|685 |0|1|6257|116|386|438|291|83|7571|
20171125|685 |0|2|20935|472|1079|392|1661|872|25411|
20171125|685 |1|1|5469|135|409|411|256|481|7161|
20171125|685 |1|2|19588|582|1024|504|1981|907|24586|
20171126|101 |0|1|20852|170|328|151|27|246|21774|
20171126|101 |0|2|72665|869|7502|341|228|2657|84262|
20171126|101 |1|1|21260|226|390|344|77|1593|23890|
20171126|101 |1|2|72466|857|8126|645|333|2730|85157|
20171126|190 |0|1|12931|126|248|164|28|101|13598|
20171126|190 |0|2|46012|774|2194|416|217|1744|51357|
20171126|190 |1|1|13746|136|188|231|41|1006|15348|
20171126|190 |1|2|48740|600|1829|440|208|1714|53531|
20171126|253 |0|1|18337|157|243|162|63|233|19195|
20171126|253 |0|2|67084|680|786|360|505|3120|72535|
20171126|253 |1|1|18763|119|167|250|67|1543|20909|
20171126|253 |1|2|65994|573|701|364|513|2824|70969|
20171126|254 |0|1|8997|78|127|161|54|132|9549|
20171126|254 |0|2|33115|377|804|221|444|1780|36741|
20171126|254 |1|1|9525|93|131|151|69|884|10853|
20171126|254 |1|2|31610|306|765|181|355|1595|34812|
20171126|651 |0|1|5944|65|54|45|14|251|6373|
20171126|651 |0|2|21791|168|893|65|98|1064|24079|
20171126|651 |1|1|7772|77|106|51|9|639|8654|
20171126|651 |1|2|28961|222|902|66|70|1216|31437|
20171126|685 |0|1|5822|42|144|120|93|80|6301|
20171126|685 |0|2|18892|197|1127|159|647|818|21840|
20171126|685 |1|1|6152|44|102|97|79|508|6982|
20171126|685 |1|2|21289|201|898|160|612|876|24036|
20171127|101 |0|1|17188|419|894|625|170|308|19604|
20171127|101 |0|2|73017|2573|8640|1303|938|3523|89994|
20171127|101 |1|1|15626|465|852|786|204|1522|19455|
20171127|101 |1|2|68858|2992|9002|1645|1207|3452|87156|
20171127|190 |0|1|9877|419|1042|884|177|134|12533|
20171127|190 |0|2|43069|2642|2816|1537|1353|2070|53487|
20171127|190 |1|1|8337|432|696|751|218|725|11159|
20171127|190 |1|2|35277|2319|2657|1345|1358|1741|44697|
20171127|253 |0|1|14655|513|1197|990|325|366|18046|
20171127|253 |0|2|69151|2696|2023|1975|2429|4010|82284|
20171127|253 |1|1|12925|479|936|952|426|1344|17062|
20171127|253 |1|2|63373|2770|2082|2001|2846|3770|76842|
20171127|254 |0|1|7133|384|801|1016|560|170|10064|
20171127|254 |0|2|35810|1790|1526|1164|3380|2583|46253|
20171127|254 |1|1|6788|296|791|685|452|779|9791|
20171127|254 |1|2|30829|1477|1253|803|2826|2145|39333|
20171127|651 |0|1|5361|136|218|182|51|261|6209|
20171127|651 |0|2|22071|626|952|295|436|1356|25736|
20171127|651 |1|1|5221|173|273|160|42|593|6462|
20171127|651 |1|2|22502|656|954|267|390|1496|26265|
20171127|685 |0|1|4809|312|955|996|884|95|8051|
20171127|685 |0|2|16597|1140|1301|874|2843|1020|23775|
20171127|685 |1|1|3672|302|734|771|494|382|6355|
20171127|685 |1|2|17139|1299|1433|863|3218|1121|25073|
20171128|101 |0|1|16232|456|968|656|195|288|18795|
20171128|101 |0|2|69737|2809|8935|1479|973|3349|87282|
20171128|101 |1|1|14718|578|1343|1014|221|1431|19305|
20171128|101 |1|2|67462|3270|8937|2073|1410|3407|86559|
20171128|190 |0|1|8524|435|1148|915|241|122|11385|
20171128|190 |0|2|39259|2812|2894|1700|1312|1960|49937|
20171128|190 |1|1|7842|473|830|997|283|677|11102|
20171128|190 |1|2|34082|2689|2672|1823|1553|1694|44513|
20171128|253 |0|1|13301|577|1272|994|379|326|16849|
20171128|253 |0|2|66813|2928|2167|2148|2605|3979|80640|
20171128|253 |1|1|12356|548|1062|1209|424|1331|16930|
20171128|253 |1|2|62541|2956|2190|2445|3041|3867|77040|
20171128|254 |0|1|6650|407|834|964|589|204|9648|
20171128|254 |0|2|32811|1825|1623|1307|3796|2361|43723|
20171128|254 |1|1|6579|372|812|883|476|766|9888|
20171128|254 |1|2|30705|1596|1322|961|2932|2141|39657|
20171128|651 |0|1|5004|130|275|189|54|237|5889|
20171128|651 |0|2|21285|720|1061|368|505|1352|25291|
20171128|651 |1|1|5015|157|313|142|49|484|6160|
20171128|651 |1|2|21052|706|1006|302|391|1390|24847|
20171128|685 |0|1|3496|308|977|1103|944|101|6929|
20171128|685 |0|2|16869|1251|1470|947|3066|1054|24657|
20171128|685 |1|1|3416|315|839|916|532|352|6370|
20171128|685 |1|2|17179|1318|1459|1038|3431|1120|25545|
20171129|101 |0|1|16134|464|955|698|226|329|18806|
20171129|101 |0|2|67438|2732|8377|1450|988|3389|84374|
20171129|101 |1|1|13957|525|1271|1019|247|1369|18388|
20171129|101 |1|2|67583|3221|8587|1995|1460|3392|86238|
20171129|190 |0|1|8644|431|1122|986|210|141|11534|
20171129|190 |0|2|40149|2903|2966|1749|1444|2117|51328|
20171129|190 |1|1|8618|508|890|1036|323|801|12176|
20171129|190 |1|2|38733|2881|2916|1906|1586|2042|50064|
20171129|253 |0|1|13273|608|1323|946|336|309|16795|
20171129|253 |0|2|66064|2937|2091|2067|2487|3941|79587|
20171129|253 |1|1|12149|553|1069|1193|445|1268|16677|
20171129|253 |1|2|61562|3029|2164|2357|2913|3726|75751|
20171129|254 |0|1|6409|402|774|920|560|173|9238|
20171129|254 |0|2|32968|1804|1494|1163|3333|2322|43084|
20171129|254 |1|1|6306|329|759|828|502|767|9491|
20171129|254 |1|2|30728|1528|1290|930|2848|2106|39430|
20171129|685 |0|1|3650|303|914|1036|818|88|6809|
20171129|685 |0|2|16861|1234|1508|957|3068|1107|24735|
20171129|685 |1|1|3318|328|792|815|534|336|6123|
20171129|685 |1|2|17235|1295|1402|1010|3373|1121|25436|
20171130|190 |0|1|8587|449|1133|901|204|133|11407|
20171130|190 |0|2|39285|2859|2961|1631|1518|2073|50327|
20171130|190 |1|1|7405|431|747|942|247|636|10408|
20171130|190 |1|2|32152|2499|2608|1730|1568|1651|42208|
20171130|253 |0|1|13169|582|1251|1005|344|334|16685|
20171130|253 |0|2|65696|2918|2147|2052|2465|3883|79161|
20171130|253 |1|1|12218|585|1028|1124|435|1326|16716|
20171130|253 |1|2|62125|2976|2157|2270|2899|3801|76228|
20171130|254 |0|1|5966|380|813|883|536|174|8752|
20171130|254 |0|2|32589|1752|1437|1180|3367|2332|42657|
20171130|254 |1|1|6500|351|783|904|450|795|9783|
20171130|254 |1|2|31417|1528|1272|906|2824|2118|40065|
