20181001|101 |0|1|14527|365|868|555|186|279|16780|
20181001|101 |0|2|71637|2537|8573|1297|970|3428|88442|
20181001|101 |1|1|13751|442|890|702|199|1416|17400|
20181001|101 |1|2|72457|3061|8862|1703|1375|3634|91092|
20181001|190 |0|1|9053|390|1259|1118|241|138|12199|
20181001|190 |0|2|47089|2944|3030|1870|1570|2361|58864|
20181001|190 |1|1|7920|414|861|1055|271|787|11308|
20181001|190 |1|2|41248|2841|2991|1804|1705|2127|52716|
20181001|253 |0|1|12496|456|1162|919|271|308|15612|
20181001|253 |0|2|70348|2835|2121|2052|2592|4088|84036|
20181001|253 |1|1|10888|504|937|917|368|1250|14864|
20181001|253 |1|2|62953|2889|2196|2154|3040|3835|77067|
20181001|254 |0|1|5884|315|766|984|466|128|8543|
20181001|254 |0|2|33636|1743|1425|1279|3239|2258|43580|
20181001|254 |1|1|5601|277|673|689|369|687|8296|
20181001|254 |1|2|30456|1437|1163|877|2689|2032|38654|
20181001|651 |0|1|5406|114|285|157|49|127|6138|
20181001|651 |0|2|24961|684|956|287|481|1468|28837|
20181001|651 |1|1|5193|126|266|176|36|548|6345|
20181001|651 |1|2|25108|722|954|314|438|1574|29110|
20181001|685 |0|1|3994|249|865|860|424|96|6488|
20181001|685 |0|2|18369|1283|1434|1054|3255|1002|26397|
20181001|685 |1|1|3295|265|809|740|435|382|5926|
20181001|685 |1|2|18316|1408|1534|953|3192|1114|26517|
20181002|101 |0|1|15430|372|967|643|187|301|17900|
20181002|101 |0|2|72558|2775|9024|1409|1061|3550|90377|
20181002|101 |1|1|14650|481|1040|871|250|1462|18754|
20181002|101 |1|2|76348|3329|9456|2040|1471|3845|96489|
20181002|190 |0|1|9244|438|1314|1123|229|139|12487|
20181002|190 |0|2|47485|3010|3213|2023|1894|2313|59938|
20181002|190 |1|1|8618|488|962|1284|296|825|12473|
20181002|190 |1|2|45183|3050|3147|2280|2008|2196|57864|
20181002|253 |0|1|13206|529|1227|1000|302|306|16570|
20181002|253 |0|2|72822|2996|2408|2193|2798|4161|87378|
20181002|253 |1|1|12040|519|1020|1154|418|1323|16474|
20181002|253 |1|2|68035|3147|2384|2495|3378|4039|83478|
20181002|254 |0|1|6047|388|780|894|456|135|8700|
20181002|254 |0|2|33224|1757|1364|1182|3254|2217|42998|
20181002|254 |1|1|6121|354|762|903|419|704|9263|
20181002|254 |1|2|32964|1552|1262|1004|3037|2149|41968|
20181002|651 |0|1|6016|157|302|216|71|129|6891|
20181002|651 |0|2|28843|688|1046|373|471|1618|33039|
20181002|651 |1|1|5125|162|279|202|54|558|6380|
20181002|651 |1|2|25904|704|1038|345|437|1559|29987|
20181002|685 |0|1|3983|296|972|985|547|82|6865|
20181002|685 |0|2|19898|1412|1663|1115|3641|1169|28898|
20181002|685 |1|1|3609|317|890|888|488|369|6561|
20181002|685 |1|2|19729|1546|1539|1110|3472|1201|28597|
20181003|101 |0|1|16025|277|679|364|110|187|17642|
20181003|101 |0|2|69191|1844|6957|938|838|2661|82429|
20181003|101 |1|1|15685|344|681|569|159|1299|18737|
20181003|101 |1|2|68921|2190|7143|1409|1102|2699|83464|
20181003|190 |0|1|9326|253|808|488|144|104|11123|
20181003|190 |0|2|42849|1841|2444|987|1078|1640|50839|
20181003|190 |1|1|8991|296|572|679|184|782|11504|
20181003|190 |1|2|42352|1795|2459|1480|1290|1650|51026|
20181003|253 |0|1|13273|304|666|501|180|194|15118|
20181003|253 |0|2|61182|1624|1153|863|1528|2933|69283|
20181003|253 |1|1|12805|282|598|610|233|1179|15707|
20181003|253 |1|2|59671|1593|1165|1150|1859|2837|68275|
20181003|254 |0|1|6723|158|421|390|180|110|7982|
20181003|254 |0|2|31991|948|1037|568|1325|1832|37701|
20181003|254 |1|1|6714|170|401|453|168|661|8567|
20181003|254 |1|2|31372|838|1013|639|1195|1704|36761|
20181003|651 |0|1|7357|102|202|136|31|140|7968|
20181003|651 |0|2|33037|449|968|224|278|1391|36347|
20181003|651 |1|1|6844|115|272|129|24|630|8014|
20181003|651 |1|2|28936|430|851|216|248|1269|31950|
20181003|685 |0|1|4005|125|470|430|251|67|5348|
20181003|685 |0|2|17311|613|1355|545|1968|875|22667|
20181003|685 |1|1|3709|127|421|419|270|377|5323|
20181003|685 |1|2|16884|611|1314|543|1799|867|22018|
20181004|101 |0|1|16641|477|950|699|270|328|19365|
20181004|101 |0|2|71337|2518|8806|1159|942|3282|88044|
20181004|101 |1|1|13448|415|900|682|204|1327|16976|
20181004|101 |1|2|71548|3099|9290|1680|1320|3376|90313|
20181004|190 |0|1|9032|456|1178|1024|195|145|12030|
20181004|190 |0|2|47586|3026|3175|1920|1686|2214|59607|
20181004|190 |1|1|8473|457|909|921|219|787|11766|
20181004|190 |1|2|44583|2940|3131|1799|1719|2170|56342|
20181004|253 |0|1|12679|538|1247|933|295|335|16027|
20181004|253 |0|2|71629|3018|2284|2057|2500|4094|85582|
20181004|253 |1|1|11915|509|1102|934|411|1407|16278|
20181004|253 |1|2|67903|3124|2344|2251|3183|3954|82759|
20181004|254 |0|1|6071|338|870|984|464|152|8879|
20181004|254 |0|2|35395|1919|1450|1305|3451|2353|45873|
20181004|254 |1|1|5966|296|697|743|381|651|8734|
20181004|254 |1|2|32100|1563|1231|852|2931|2139|40816|
20181004|651 |0|1|5405|140|268|153|44|122|6132|
20181004|651 |0|2|26219|707|1079|323|452|1468|30248|
20181004|651 |1|1|5369|152|294|187|51|543|6596|
20181004|651 |1|2|26789|713|1040|328|409|1625|30904|
20181004|685 |0|1|3786|272|938|888|504|97|6485|
20181004|685 |0|2|18575|1365|1618|1109|3608|1079|27354|
20181004|685 |1|1|3372|316|899|792|468|354|6201|
20181004|685 |1|2|18443|1449|1533|1021|3338|1133|26917|
20181005|101 |0|1|14212|363|931|669|205|245|16625|
20181005|101 |0|2|66971|2455|9359|1237|1065|3250|84337|
20181005|101 |1|1|14487|451|921|807|228|1395|18289|
20181005|101 |1|2|73467|3062|9887|1855|1442|3621|93334|
20181005|190 |0|1|9100|392|1211|951|195|134|11983|
20181005|190 |0|2|45168|2797|3264|1920|1695|2138|56982|
20181005|190 |1|1|9258|432|916|1147|239|887|12879|
20181005|190 |1|2|47116|2898|3282|2242|1817|2286|59641|
20181005|253 |0|1|11670|448|1110|888|319|256|14691|
20181005|253 |0|2|66456|2628|2289|2042|2433|3618|79466|
20181005|253 |1|1|12677|436|1058|1097|404|1331|17003|
20181005|253 |1|2|69367|2720|2433|2328|3317|3879|84044|
20181005|254 |0|1|5450|292|840|854|431|135|8002|
20181005|254 |0|2|32355|1671|1451|1180|3132|2078|41867|
20181005|254 |1|1|5636|294|737|808|395|659|8529|
20181005|254 |1|2|31273|1474|1201|1023|2700|1974|39645|
20181005|651 |0|1|5584|128|245|167|25|110|6259|
20181005|651 |0|2|27132|714|1084|334|421|1438|31123|
20181005|651 |1|1|5168|142|339|147|33|528|6357|
20181005|651 |1|2|25211|718|1086|285|384|1496|29180|
20181005|685 |0|1|3569|234|837|834|503|81|6058|
20181005|685 |0|2|19353|1301|1650|1032|3419|1140|27895|
20181005|685 |1|1|3657|261|768|827|453|344|6310|
20181005|685 |1|2|19350|1367|1478|1072|3276|1045|27588|
20181006|101 |0|1|15485|208|442|252|70|166|16623|
20181006|101 |0|2|63108|1464|8149|727|504|2506|76458|
20181006|101 |1|1|14512|287|562|379|84|1197|17021|
20181006|101 |1|2|60471|1883|8095|1006|639|2516|74610|
20181006|190 |0|1|10363|169|483|302|71|93|11481|
20181006|190 |0|2|44293|1158|2292|704|571|1709|50727|
20181006|190 |1|1|9140|206|354|423|86|764|10973|
20181006|190 |1|2|40654|1308|2348|1077|692|1725|47804|
20181006|253 |0|1|14009|190|396|352|100|194|15241|
20181006|253 |0|2|63204|1096|971|648|1039|3002|69960|
20181006|253 |1|1|12762|171|376|465|145|1232|15151|
20181006|253 |1|2|59962|1206|1040|906|1396|2848|67358|
20181006|254 |0|1|6809|113|349|324|171|104|7870|
20181006|254 |0|2|31667|665|980|427|1217|1623|36579|
20181006|254 |1|1|7018|125|292|405|142|745|8727|
20181006|254 |1|2|32122|675|974|532|1135|1682|37120|
20181006|651 |0|1|7597|66|91|56|13|98|7921|
20181006|651 |0|2|32551|365|966|212|178|1350|35622|
20181006|651 |1|1|5254|74|148|57|14|503|6050|
20181006|651 |1|2|22831|370|937|118|122|1142|25520|
20181006|685 |0|1|4820|82|340|270|213|67|5792|
20181006|685 |0|2|20290|476|1344|447|1495|895|24947|
20181006|685 |1|1|4063|87|305|345|219|384|5403|
20181006|685 |1|2|17361|505|1302|491|1488|832|21979|
20181007|101 |0|1|18504|143|307|146|30|169|19299|
20181007|101 |0|2|73070|971|7671|453|210|2623|84998|
20181007|101 |1|1|17062|201|513|213|39|1378|19406|
20181007|101 |1|2|69660|1052|7941|651|292|2654|82250|
20181007|190 |0|1|11848|142|299|184|23|97|12593|
20181007|190 |0|2|50540|808|2315|518|263|1934|56378|
20181007|190 |1|1|10612|152|174|245|35|851|12069|
20181007|190 |1|2|46121|657|2203|535|233|1706|51455|
20181007|253 |0|1|16243|156|242|134|55|189|17019|
20181007|253 |0|2|69282|725|818|305|440|3141|74711|
20181007|253 |1|1|14541|118|181|147|54|1311|16352|
20181007|253 |1|2|62503|636|798|300|445|2840|67522|
20181007|254 |0|1|7647|81|124|152|48|104|8156|
20181007|254 |0|2|34473|394|766|182|313|1662|37790|
20181007|254 |1|1|7358|72|115|130|33|749|8457|
20181007|254 |1|2|32166|298|785|174|231|1567|35221|
20181007|651 |0|1|8544|62|126|67|14|146|8959|
20181007|651 |0|2|36645|178|1494|84|64|1399|39864|
20181007|651 |1|1|7638|66|119|77|9|678|8587|
20181007|651 |1|2|34246|196|1350|149|59|1327|37327|
20181007|685 |0|1|5344|60|164|132|82|74|5856|
20181007|685 |0|2|20215|254|1130|194|496|856|23145|
20181007|685 |1|1|4456|49|114|107|53|394|5173|
20181007|685 |1|2|17712|254|1014|170|376|742|20268|
20181008|101 |0|1|17714|381|841|546|169|280|19931|
20181008|101 |0|2|75482|2412|8580|1237|891|3463|92065|
20181008|101 |1|1|15216|412|844|659|198|1523|18852|
20181008|101 |1|2|75166|2953|8984|1523|1175|3567|93368|
20181008|190 |0|1|11065|478|1183|977|204|188|14095|
20181008|190 |0|2|54208|2912|3053|1895|1418|2411|65897|
20181008|190 |1|1|10508|465|1001|898|235|953|14060|
20181008|190 |1|2|47924|2823|2854|1782|1510|2193|59086|
20181008|253 |0|1|14402|479|1073|858|233|340|17385|
20181008|253 |0|2|75026|2586|2038|1896|2179|4229|87954|
20181008|253 |1|1|12912|496|910|894|348|1436|16996|
20181008|253 |1|2|69721|2790|2134|1961|2770|4052|83428|
20181008|254 |0|1|7000|316|746|905|409|168|9544|
20181008|254 |0|2|36519|1800|1350|1117|3032|2375|46193|
20181008|254 |1|1|6606|259|650|698|370|751|9334|
20181008|254 |1|2|33648|1490|1252|865|2485|2144|41884|
20181008|651 |0|1|7912|124|276|155|42|159|8668|
20181008|651 |0|2|35427|715|1038|339|411|1732|39662|
20181008|651 |1|1|6865|150|351|172|52|659|8249|
20181008|651 |1|2|32005|707|987|342|353|1681|36075|
20181008|685 |0|1|4810|264|920|875|519|94|7482|
20181008|685 |0|2|20765|1278|1583|1068|3364|1139|29197|
20181008|685 |1|1|3774|321|894|751|469|437|6646|
20181008|685 |1|2|19795|1433|1517|984|3204|1132|28065|
20181009|101 |0|1|16338|258|645|429|147|213|18030|
20181009|101 |0|2|71376|2045|7268|999|926|2653|85267|
20181009|101 |1|1|16320|331|754|572|204|1380|19561|
20181009|101 |1|2|71065|2351|7613|1430|1212|2734|86405|
20181009|190 |0|1|9938|282|878|665|171|92|12026|
20181009|190 |0|2|45316|1869|2629|1117|1058|1644|53633|
20181009|190 |1|1|10348|263|605|785|189|815|13005|
20181009|190 |1|2|47303|1778|2523|1532|1369|1657|56162|
20181009|253 |0|1|13766|323|718|559|181|189|15736|
20181009|253 |0|2|63174|1687|1187|925|1662|2990|71625|
20181009|253 |1|1|13689|298|603|647|241|1340|16818|
20181009|253 |1|2|62588|1640|1162|1203|2234|2979|71806|
20181009|254 |0|1|6865|176|431|432|247|106|8257|
20181009|254 |0|2|32830|963|1022|594|1693|1762|38864|
20181009|254 |1|1|6817|174|390|471|252|770|8874|
20181009|254 |1|2|31772|862|1024|656|1406|1718|37438|
20181009|651 |0|1|7618|115|194|154|50|110|8241|
20181009|651 |0|2|33182|502|1145|283|325|1392|36829|
20181009|651 |1|1|7927|127|277|152|34|614|9131|
20181009|651 |1|2|32110|482|921|220|252|1332|35317|
20181009|685 |0|1|4126|113|522|464|256|72|5553|
20181009|685 |0|2|17399|663|1419|598|1982|877|22938|
20181009|685 |1|1|3993|128|437|470|253|375|5656|
20181009|685 |1|2|18488|739|1348|558|2024|848|24005|
20181010|101 |0|1|15418|417|897|608|188|311|17839|
20181010|101 |0|2|71701|2547|9095|1346|1037|3350|89076|
20181010|101 |1|1|14140|452|1022|756|245|1462|18077|
20181010|101 |1|2|74320|3105|9508|1668|1349|3651|93601|
20181010|190 |0|1|8885|392|1225|1006|235|122|11865|
20181010|190 |0|2|46103|2978|3207|1892|1559|2220|57959|
20181010|190 |1|1|8607|445|932|948|262|816|12010|
20181010|190 |1|2|43353|2982|3172|1848|1598|2149|55102|
20181010|253 |0|1|11903|475|1107|944|255|266|14950|
20181010|253 |0|2|67646|2854|2231|2048|2365|3866|81010|
20181010|253 |1|1|11326|473|930|908|356|1255|15248|
20181010|253 |1|2|64145|2921|2308|2119|2961|3762|78216|
20181010|254 |0|1|6194|326|802|893|417|160|8792|
20181010|254 |0|2|34928|1807|1424|1174|3197|2311|44841|
20181010|254 |1|1|5855|285|709|801|424|673|8747|
20181010|254 |1|2|32310|1543|1316|890|2767|2042|40868|
20181010|651 |0|1|5359|142|280|178|47|107|6113|
20181010|651 |0|2|25276|711|1131|362|437|1432|29349|
20181010|651 |1|1|5321|178|277|191|34|532|6533|
20181010|651 |1|2|26180|700|1114|340|373|1558|30265|
20181010|685 |0|1|4023|271|995|965|552|85|6891|
20181010|685 |0|2|18735|1335|1693|1110|3717|1041|27631|
20181010|685 |1|1|3252|294|827|823|494|336|6026|
20181010|685 |1|2|18204|1414|1636|1060|3328|1115|26757|
20181011|101 |0|1|14932|383|904|636|187|265|17307|
20181011|101 |0|2|71918|2741|9599|1470|1204|3411|90343|
20181011|101 |1|1|14299|460|1020|912|305|1358|18354|
20181011|101 |1|2|74392|3273|9880|2002|1528|3614|94689|
20181011|190 |0|1|8922|420|1315|1109|226|121|12113|
20181011|190 |0|2|46495|3141|3428|2087|1877|2206|59234|
20181011|190 |1|1|8312|459|887|1189|284|738|11869|
20181011|190 |1|2|43715|3090|3412|2331|2062|2099|56709|
20181011|253 |0|1|11703|472|1213|956|296|300|14940|
20181011|253 |0|2|66014|2839|2438|2170|2458|3790|79709|
20181011|253 |1|1|11665|509|1057|1087|409|1277|16004|
20181011|253 |1|2|66663|3064|2507|2620|3272|3933|82059|
20181011|254 |0|1|6286|354|885|956|492|153|9126|
20181011|254 |0|2|34741|1852|1587|1294|3581|2327|45382|
20181011|254 |1|1|6051|302|745|820|426|650|8994|
20181011|254 |1|2|32699|1576|1331|1042|3029|2132|41809|
20181011|651 |0|1|5565|142|312|194|55|153|6421|
20181011|651 |0|2|26144|744|1274|411|504|1429|30506|
20181011|651 |1|1|5191|170|329|178|50|538|6456|
20181011|651 |1|2|25741|750|1196|355|427|1462|29931|
20181011|685 |0|1|3598|250|897|912|527|84|6268|
20181011|685 |0|2|18223|1350|1545|1114|3613|1076|26921|
20181011|685 |1|1|3354|278|870|827|526|368|6223|
20181011|685 |1|2|18554|1484|1585|1120|3451|1120|27314|
20181012|101 |0|1|16408|400|928|618|236|307|18897|
20181012|101 |0|2|76263|2748|10254|1396|1118|3526|95305|
20181012|101 |1|1|15860|481|1085|872|300|1566|20164|
20181012|101 |1|2|78858|3303|10574|1943|1543|3793|100014|
20181012|190 |0|1|10579|446|1273|1125|295|147|13865|
20181012|190 |0|2|52350|3032|3411|1947|1799|2433|64972|
20181012|190 |1|1|9678|452|959|1151|250|935|13425|
20181012|190 |1|2|49464|3083|3361|2255|2071|2465|62699|
20181012|253 |0|1|14215|505|1172|915|293|318|17418|
20181012|253 |0|2|75270|2909|2555|2082|2505|4108|89429|
20181012|253 |1|1|13084|508|1043|1088|462|1475|17660|
20181012|253 |1|2|71536|3007|2563|2365|3309|4071|86851|
20181012|254 |0|1|6629|331|844|920|426|151|9301|
20181012|254 |0|2|36204|1782|1516|1156|3453|2322|46433|
20181012|254 |1|1|6465|290|756|872|406|730|9519|
20181012|254 |1|2|34010|1519|1357|1004|2855|2169|42914|
20181012|651 |0|1|6940|138|269|204|51|144|7746|
20181012|651 |0|2|33759|767|1267|397|465|1694|38349|
20181012|651 |1|1|5721|181|343|171|62|537|7015|
20181012|651 |1|2|27390|779|1255|345|400|1641|31810|
20181012|685 |0|1|4234|260|896|888|534|104|6916|
20181012|685 |0|2|21318|1368|1702|1061|3580|1213|30242|
20181012|685 |1|1|3886|306|859|897|561|394|6903|
20181012|685 |1|2|20584|1508|1637|1068|3357|1193|29347|
20181013|101 |0|1|19848|260|505|336|126|227|21302|
20181013|101 |0|2|78296|1714|9776|812|763|2994|94355|
20181013|101 |1|1|18790|351|801|532|184|1562|22220|
20181013|101 |1|2|77047|2205|9752|1145|1045|3059|94253|
20181013|190 |0|1|14701|224|607|461|113|133|16239|
20181013|190 |0|2|58289|1383|2646|815|847|2143|66123|
20181013|190 |1|1|11939|257|435|641|154|1036|14462|
20181013|190 |1|2|51302|1565|2620|1314|1108|2058|59967|
20181013|253 |0|1|17511|288|572|461|147|244|19223|
20181013|253 |0|2|76831|1337|1341|766|1550|3520|85345|
20181013|253 |1|1|15972|271|516|576|245|1565|19145|
20181013|253 |1|2|71636|1496|1400|1057|2251|3428|81268|
20181013|254 |0|1|8220|187|337|389|197|139|9469|
20181013|254 |0|2|37629|864|1123|529|1719|1933|43797|
20181013|254 |1|1|8293|188|365|420|177|863|10306|
20181013|254 |1|2|36976|816|1039|604|1610|1914|42959|
20181013|651 |0|1|10327|92|140|101|36|186|10882|
20181013|651 |0|2|43952|471|1440|206|241|1761|48071|
20181013|651 |1|1|8101|108|265|82|22|730|9308|
20181013|651 |1|2|34354|444|1349|110|241|1501|37999|
20181013|685 |0|1|6252|109|445|400|258|91|7555|
20181013|685 |0|2|24356|495|1294|459|2047|1010|29661|
20181013|685 |1|1|5059|104|430|413|240|505|6751|
20181013|685 |1|2|21687|607|1266|530|2029|992|27111|
20181014|101 |0|1|18377|155|270|138|34|204|19178|
20181014|101 |0|2|73708|858|7989|414|227|2725|85921|
20181014|101 |1|1|19304|209|561|226|48|1610|21958|
20181014|101 |1|2|76791|993|8880|639|286|2930|90519|
20181014|190 |0|1|11894|128|295|201|34|101|12653|
20181014|190 |0|2|48683|788|2464|453|299|1848|54535|
20181014|190 |1|1|12285|152|190|253|55|937|13872|
20181014|190 |1|2|51517|626|2197|559|302|1796|56997|
20181014|253 |0|1|16308|148|229|160|65|183|17093|
20181014|253 |0|2|68089|706|969|307|488|3247|73806|
20181014|253 |1|1|16583|140|189|223|60|1506|18701|
20181014|253 |1|2|69300|620|901|327|530|3085|74763|
20181014|254 |0|1|8241|94|125|126|58|85|8729|
20181014|254 |0|2|35096|376|831|190|383|1760|38636|
20181014|254 |1|1|8351|89|97|122|49|830|9538|
20181014|254 |1|2|33868|302|835|194|285|1607|37091|
20181014|651 |0|1|7589|56|114|56|7|116|7938|
20181014|651 |0|2|31438|225|1789|81|71|1335|34939|
20181014|651 |1|1|9082|46|130|91|19|774|10142|
20181014|651 |1|2|37945|256|1468|104|71|1484|41328|
20181014|685 |0|1|5273|49|154|130|43|80|5729|
20181014|685 |0|2|19949|239|1208|184|505|950|23035|
20181014|685 |1|1|5396|52|126|120|63|456|6213|
20181014|685 |1|2|22144|244|1089|155|422|855|24909|
20181015|101 |0|1|15764|335|891|620|170|299|18079|
20181015|101 |0|2|75543|2531|9235|1291|1022|3530|93152|
20181015|101 |1|1|14723|427|931|760|212|1505|18558|
20181015|101 |1|2|76134|3060|9528|1709|1353|3777|95561|
20181015|190 |0|1|9697|398|1197|994|195|119|12600|
20181015|190 |0|2|48852|2881|3100|1946|1477|2405|60661|
20181015|190 |1|1|8718|436|898|1007|246|793|12098|
20181015|190 |1|2|43086|2836|3108|1661|1572|2116|54379|
20181015|253 |0|1|13215|502|1169|930|290|299|16405|
20181015|253 |0|2|71963|2674|2171|2132|2382|4068|85390|
20181015|253 |1|1|11761|450|914|913|416|1307|15761|
20181015|253 |1|2|66474|2834|2316|2210|3111|3849|80794|
20181015|254 |0|1|6754|347|820|907|395|160|9383|
20181015|254 |0|2|35953|1858|1461|1210|3266|2380|46128|
20181015|254 |1|1|6192|292|699|676|356|657|8872|
20181015|254 |1|2|32254|1471|1242|836|2681|2129|40613|
20181015|651 |0|1|5940|121|302|156|44|115|6678|
20181015|651 |0|2|27522|723|1230|353|433|1512|31773|
20181015|651 |1|1|5803|149|334|196|43|597|7122|
20181015|651 |1|2|27659|709|1129|320|389|1658|31864|
20181015|685 |0|1|4549|272|901|889|560|89|7260|
20181015|685 |0|2|18686|1291|1522|1061|3611|1000|27171|
20181015|685 |1|1|3514|291|829|709|518|372|6233|
20181015|685 |1|2|18857|1429|1591|958|3273|1096|27204|
20181016|101 |0|1|14515|394|924|624|215|260|16932|
20181016|101 |0|2|71728|2687|9383|1460|1151|3491|89900|
20181016|101 |1|1|14097|458|996|902|268|1375|18096|
20181016|101 |1|2|73495|3200|9940|2075|1573|3695|93978|
20181016|190 |0|1|8825|423|1321|1122|217|129|12037|
20181016|190 |0|2|45913|3164|3340|2036|1848|2202|58503|
20181016|190 |1|1|8349|491|1024|1217|366|823|12270|
20181016|190 |1|2|42842|3123|3203|2199|1975|2054|55396|
20181016|253 |0|1|12465|497|1178|972|317|259|15688|
20181016|253 |0|2|68774|2861|2569|2212|2802|4024|83242|
20181016|253 |1|1|11786|494|1056|1130|445|1279|16190|
20181016|253 |1|2|65069|2994|2606|2534|3510|3834|80547|
20181016|254 |0|1|6208|366|863|993|465|168|9063|
20181016|254 |0|2|34303|1872|1597|1246|3554|2233|44805|
20181016|254 |1|1|6140|340|787|926|453|702|9348|
20181016|254 |1|2|32557|1574|1472|1019|3100|2089|41811|
20181016|651 |0|1|5546|160|277|167|41|133|6324|
20181016|651 |0|2|26154|759|1316|446|517|1528|30720|
20181016|651 |1|1|5575|169|319|201|37|579|6880|
20181016|651 |1|2|26888|787|1266|361|478|1586|31366|
20181016|685 |0|1|3549|257|932|955|512|90|6295|
20181016|685 |0|2|18549|1350|1653|1138|3764|1087|27541|
20181016|685 |1|1|3094|294|858|799|552|328|5925|
20181016|685 |1|2|17428|1372|1476|1055|3402|1053|25786|
20181017|101 |0|1|14292|375|900|648|201|252|16668|
20181017|101 |0|2|71501|2604|9681|1367|1126|3448|89727|
20181017|101 |1|1|14089|498|991|882|282|1341|18083|
20181017|101 |1|2|74464|3290|10221|1942|1572|3613|95102|
20181017|190 |0|1|8907|406|1297|1056|191|128|11985|
20181017|190 |0|2|46142|3049|3505|1970|1808|2230|58704|
20181017|190 |1|1|8262|426|936|1065|264|786|11739|
20181017|190 |1|2|42612|2961|3357|2175|1949|2107|55161|
20181017|253 |0|1|12312|518|1280|965|310|288|15673|
20181017|253 |0|2|68787|2900|2435|2001|2751|3962|82836|
20181017|253 |1|1|11922|528|1065|1006|454|1299|16274|
20181017|253 |1|2|66895|3070|2589|2353|3506|3998|82411|
20181017|254 |0|1|6001|319|808|861|451|157|8597|
20181017|254 |0|2|34117|1838|1549|1187|3258|2228|44177|
20181017|254 |1|1|5804|263|729|739|436|690|8661|
20181017|254 |1|2|31360|1560|1314|991|2798|2070|40093|
20181017|651 |0|1|5525|128|273|214|55|124|6319|
20181017|651 |0|2|25966|733|1267|371|496|1427|30260|
20181017|651 |1|1|5179|170|343|172|52|479|6395|
20181017|651 |1|2|25703|723|1225|332|402|1478|29863|
20181017|685 |0|1|3596|238|862|894|520|97|6207|
20181017|685 |0|2|18498|1283|1680|1144|4037|1115|27757|
20181017|685 |1|1|3280|272|865|795|538|356|6106|
20181017|685 |1|2|18098|1417|1581|1095|3643|1073|26907|
20181018|101 |0|1|14747|378|942|548|184|269|17068|
20181018|101 |0|2|72485|2709|9841|1367|1236|3440|91078|
20181018|101 |1|1|14378|528|1061|847|275|1421|18510|
20181018|101 |1|2|73170|3194|10194|1874|1610|3567|93609|
20181018|190 |0|1|8832|410|1292|1063|260|105|11962|
20181018|190 |0|2|45975|3043|3477|1994|1695|2200|58384|
20181018|190 |1|1|8562|460|941|1165|286|809|12223|
20181018|190 |1|2|45186|3022|3388|2166|1923|2161|57846|
20181018|253 |0|1|12297|473|1204|928|312|291|15505|
20181018|253 |0|2|69308|2897|2474|2103|2599|3922|83303|
20181018|253 |1|1|11963|485|1034|1042|443|1334|16301|
20181018|253 |1|2|67490|3010|2578|2415|3286|3984|82763|
20181018|254 |0|1|5923|315|824|853|453|164|8532|
20181018|254 |0|2|34395|1834|1589|1196|3357|2317|44688|
20181018|254 |1|1|5775|291|734|764|407|707|8678|
20181018|254 |1|2|32339|1511|1333|950|2804|2078|41015|
20181018|651 |0|1|5549|138|263|177|69|123|6319|
20181018|651 |0|2|26832|757|1367|348|490|1469|31263|
20181018|651 |1|1|5165|158|353|169|58|508|6411|
20181018|651 |1|2|25889|772|1265|313|435|1526|30200|
20181018|685 |0|1|3496|258|911|948|650|80|6343|
20181018|685 |0|2|18570|1308|1596|1155|3694|1131|27454|
20181018|685 |1|1|3506|301|827|804|527|360|6325|
20181018|685 |1|2|19233|1404|1663|1145|3651|1163|28259|
20181019|101 |0|1|16603|361|989|556|161|307|18977|
20181019|101 |0|2|78570|2695|10679|1320|1141|3563|97968|
20181019|101 |1|1|16188|503|1062|844|230|1571|20398|
20181019|101 |1|2|78956|3197|10871|1860|1577|3813|100274|
20181019|190 |0|1|10713|396|1185|1046|225|155|13720|
20181019|190 |0|2|53274|2909|3542|1920|1695|2373|65713|
20181019|190 |1|1|9634|401|883|1056|277|871|13122|
20181019|190 |1|2|48703|2837|3418|2163|1954|2360|61435|
20181019|253 |0|1|14245|488|1197|889|315|308|17442|
20181019|253 |0|2|76046|2702|2503|2062|2643|4118|90074|
20181019|253 |1|1|13276|497|997|1041|403|1459|17673|
20181019|253 |1|2|72427|2993|2623|2370|3380|4163|87956|
20181019|254 |0|1|6548|350|870|963|608|162|9501|
20181019|254 |0|2|36837|1825|1521|1134|3178|2421|46916|
20181019|254 |1|1|6190|307|680|822|379|715|9093|
20181019|254 |1|2|33658|1561|1289|947|2726|2166|42347|
20181019|651 |0|1|7640|136|277|191|63|157|8464|
20181019|651 |0|2|36314|739|1526|388|494|1710|41171|
20181019|651 |1|1|5986|170|389|182|46|636|7409|
20181019|651 |1|2|28937|730|1565|305|413|1627|33577|
20181019|685 |0|1|4543|264|866|845|511|92|7121|
20181019|685 |0|2|20830|1277|1692|1064|3618|1135|29616|
20181019|685 |1|1|3939|287|853|801|453|404|6737|
20181019|685 |1|2|20885|1409|1561|1129|3508|1181|29673|
20181020|101 |0|1|19954|269|530|288|108|232|21381|
20181020|101 |0|2|78118|1659|10173|745|651|3016|94362|
20181020|101 |1|1|19093|381|802|511|153|1574|22514|
20181020|101 |1|2|79994|2246|10049|1125|965|3187|97566|
20181020|190 |0|1|15683|225|620|497|120|104|17249|
20181020|190 |0|2|57419|1302|2476|710|839|2174|64920|
20181020|190 |1|1|12060|230|445|576|121|1020|14452|
20181020|190 |1|2|52642|1537|2589|1156|1138|2106|61168|
20181020|253 |0|1|17718|290|544|452|143|236|19383|
20181020|253 |0|2|75222|1331|1289|741|1486|3475|83544|
20181020|253 |1|1|16328|247|510|575|247|1535|19442|
20181020|253 |1|2|72309|1463|1382|1006|2185|3445|81790|
20181020|254 |0|1|8751|161|403|399|219|149|10082|
20181020|254 |0|2|39341|879|1200|503|1726|2031|45680|
20181020|254 |1|1|8572|172|375|401|185|888|10593|
20181020|254 |1|2|36746|798|1050|554|1571|1961|42680|
20181020|651 |0|1|10392|86|153|101|24|168|10924|
20181020|651 |0|2|43576|457|1391|200|227|1735|47586|
20181020|651 |1|1|7973|112|234|85|23|728|9155|
20181020|651 |1|2|34499|463|1389|123|187|1495|38156|
20181020|685 |0|1|6178|94|386|356|233|73|7320|
20181020|685 |0|2|24415|486|1284|468|1923|1043|29619|
20181020|685 |1|1|5221|113|384|407|241|479|6845|
20181020|685 |1|2|21522|623|1243|570|2084|1034|27076|
20181021|101 |0|1|18081|133|281|125|32|175|18827|
20181021|101 |0|2|74368|1003|8117|462|247|2869|87066|
20181021|101 |1|1|18485|224|587|211|49|1442|20998|
20181021|101 |1|2|75429|1120|9103|676|345|2826|89499|
20181021|190 |0|1|11990|112|303|183|41|61|12690|
20181021|190 |0|2|50197|854|2429|467|275|1945|56167|
20181021|190 |1|1|12411|141|208|232|48|981|14021|
20181021|190 |1|2|52784|669|2067|537|235|1891|58183|
20181021|253 |0|1|16068|161|254|154|72|189|16898|
20181021|253 |0|2|68806|735|1008|315|755|3154|74773|
20181021|253 |1|1|16254|157|189|179|77|1483|18339|
20181021|253 |1|2|69769|634|999|353|759|2948|75462|
20181021|254 |0|1|7956|81|146|145|51|101|8480|
20181021|254 |0|2|34454|401|916|195|386|1743|38095|
20181021|254 |1|1|8047|86|125|124|56|868|9306|
20181021|254 |1|2|33181|339|957|189|287|1680|36633|
20181021|651 |0|1|7868|39|135|39|12|111|8204|
20181021|651 |0|2|33088|215|1399|77|76|1413|36268|
20181021|651 |1|1|9368|59|165|85|11|782|10470|
20181021|651 |1|2|38933|255|1133|92|73|1541|42027|
20181021|685 |0|1|5319|70|149|140|71|84|5833|
20181021|685 |0|2|19909|255|1251|180|645|919|23159|
20181021|685 |1|1|5474|65|132|127|72|480|6350|
20181021|685 |1|2|22208|246|1084|176|546|898|25158|
20181022|101 |0|1|15670|366|873|576|178|297|17960|
20181022|101 |0|2|75690|2473|9176|1284|1144|3708|93475|
20181022|101 |1|1|14737|462|848|698|214|1437|18396|
20181022|101 |1|2|76438|3003|9378|1678|1467|3812|95776|
20181022|190 |0|1|9919|405|1249|1072|248|147|13040|
20181022|190 |0|2|46970|2845|3007|1851|1486|2306|58465|
20181022|190 |1|1|8740|425|882|1024|234|866|12171|
20181022|190 |1|2|43831|2832|3138|1763|1656|2171|55391|
20181022|253 |0|1|13123|487|1172|888|294|277|16241|
20181022|253 |0|2|71197|2672|2196|2056|2514|4014|84649|
20181022|253 |1|1|11955|476|940|947|367|1276|15961|
20181022|253 |1|2|66816|2714|2380|2123|3102|3874|81009|
20181022|254 |0|1|6516|335|747|914|439|159|9110|
20181022|254 |0|2|35411|1795|1439|1201|3255|2415|45516|
20181022|254 |1|1|6027|286|643|681|367|653|8657|
20181022|254 |1|2|31621|1444|1248|783|2665|2048|39809|
20181022|651 |0|1|6156|147|308|149|55|119|6934|
20181022|651 |0|2|27743|680|1222|331|443|1461|31880|
20181022|651 |1|1|6173|152|358|165|63|596|7507|
20181022|651 |1|2|29045|683|1183|317|366|1599|33193|
20181022|685 |0|1|4611|273|928|880|526|104|7322|
20181022|685 |0|2|18019|1159|1598|1118|3406|991|26291|
20181022|685 |1|1|3619|308|806|733|458|378|6302|
20181022|685 |1|2|18959|1367|1665|988|3251|1139|27369|
20181023|101 |0|1|14010|359|912|581|217|263|16342|
20181023|101 |0|2|70430|2631|9377|1445|1180|3335|88398|
20181023|101 |1|1|13785|460|986|855|242|1314|17642|
20181023|101 |1|2|72450|3134|9755|1967|1503|3571|92380|
20181023|190 |0|1|8267|391|1174|1015|237|125|11209|
20181023|190 |0|2|43945|2992|3276|1994|1663|2112|55982|
20181023|190 |1|1|8078|435|922|1109|278|733|11555|
20181023|190 |1|2|42562|3000|3283|2244|1935|2154|55178|
20181023|253 |0|1|11737|459|1205|956|285|260|14902|
20181023|253 |0|2|65711|2793|2377|2080|2543|3722|79226|
20181023|253 |1|1|11201|498|991|1112|412|1250|15464|
20181023|253 |1|2|63774|2913|2472|2388|3283|3757|78587|
20181023|254 |0|1|5911|325|755|949|453|146|8539|
20181023|254 |0|2|33653|1734|1529|1183|3390|2192|43681|
20181023|254 |1|1|5741|301|745|787|422|689|8685|
20181023|254 |1|2|31527|1489|1356|987|2841|2138|40338|
20181023|651 |0|1|5527|136|254|172|65|111|6265|
20181023|651 |0|2|25357|705|1314|371|443|1421|29611|
20181023|651 |1|1|5331|142|332|159|53|523|6540|
20181023|651 |1|2|25714|718|1252|305|412|1499|29900|
20181023|685 |0|1|3353|248|881|919|551|66|6018|
20181023|685 |0|2|17762|1234|1657|1069|3739|1060|26521|
20181023|685 |1|1|3337|266|822|857|497|341|6120|
20181023|685 |1|2|18244|1351|1621|1067|3597|1097|26977|
20181024|101 |0|1|14903|415|975|586|201|279|17359|
20181024|101 |0|2|73021|2658|9658|1404|1159|3530|91430|
20181024|101 |1|1|14211|485|999|778|231|1338|18042|
20181024|101 |1|2|74917|3157|10009|1931|1564|3744|95322|
20181024|190 |0|1|8847|402|1190|1014|201|131|11785|
20181024|190 |0|2|45725|2972|3371|1838|1677|2197|57780|
20181024|190 |1|1|8393|430|909|1015|270|757|11774|
20181024|190 |1|2|43171|2956|3307|2095|1934|2177|55640|
20181024|253 |0|1|11926|507|1169|860|305|283|15050|
20181024|253 |0|2|67244|2788|1909|1518|2454|3866|79779|
20181024|253 |1|1|11287|485|1069|1036|432|1285|15594|
20181024|253 |1|2|66084|2947|2050|1902|3200|3940|80123|
20181024|254 |0|1|6055|349|871|1039|688|166|9168|
20181024|254 |0|2|34133|1760|1442|1082|3061|2268|43746|
20181024|254 |1|1|5551|299|721|801|437|636|8445|
20181024|254 |1|2|31002|1463|1258|992|2813|2012|39540|
20181024|651 |0|1|5557|131|266|168|51|120|6293|
20181024|651 |0|2|26644|688|1307|375|474|1443|30931|
20181024|651 |1|1|5249|151|317|182|43|509|6451|
20181024|651 |1|2|26143|705|1225|301|420|1447|30241|
20181024|685 |0|1|3556|235|899|900|547|87|6224|
20181024|685 |0|2|18444|1276|1661|1169|3678|1056|27284|
20181024|685 |1|1|3334|242|856|846|501|346|6125|
20181024|685 |1|2|18279|1386|1651|1113|3549|1085|27063|
20181025|101 |0|1|14950|410|923|590|223|260|17356|
20181025|101 |0|2|73593|2701|9736|1370|1218|3525|92143|
20181025|101 |1|1|14300|508|1118|812|244|1356|18338|
20181025|101 |1|2|73667|3180|10135|1904|1624|3642|94152|
20181025|190 |0|1|8978|385|1295|1170|212|127|12167|
20181025|190 |0|2|46367|3015|3519|1879|1769|2206|58755|
20181025|190 |1|1|8681|436|972|1212|248|790|12339|
20181025|190 |1|2|45151|3029|3375|2069|1942|2209|57775|
20181025|253 |0|1|12057|498|1191|883|295|276|15200|
20181025|253 |0|2|68588|2832|2434|2045|2813|3970|82682|
20181025|253 |1|1|12013|485|1030|967|449|1310|16254|
20181025|253 |1|2|67491|2953|2496|2386|3571|3952|82849|
20181025|254 |0|1|5955|351|799|883|439|141|8568|
20181025|254 |0|2|34125|1775|1550|1149|3290|2277|44166|
20181025|254 |1|1|6040|316|736|755|379|683|8909|
20181025|254 |1|2|32792|1520|1348|946|2931|2114|41651|
20181025|651 |0|1|5972|154|308|190|75|122|6821|
20181025|651 |0|2|27256|741|1361|351|449|1465|31623|
20181025|651 |1|1|5490|174|406|156|51|530|6807|
20181025|651 |1|2|27069|761|1280|317|411|1519|31357|
20181025|685 |0|1|3518|266|868|915|533|102|6202|
20181025|685 |0|2|18334|1325|1651|1089|3717|1140|27256|
20181025|685 |1|1|3416|295|859|820|500|352|6242|
20181025|685 |1|2|18751|1487|1669|1056|3376|1145|27484|
20181026|101 |0|1|15446|348|842|502|200|242|17580|
20181026|101 |0|2|73648|2509|10261|1259|1025|3454|92156|
20181026|101 |1|1|15120|444|982|756|252|1401|18955|
20181026|101 |1|2|76091|2899|10434|1759|1347|3662|96192|
20181026|190 |0|1|9946|378|1115|886|181|133|12639|
20181026|190 |0|2|51336|2708|3303|1746|1407|2287|62787|
20181026|190 |1|1|9160|384|825|964|231|875|12439|
20181026|190 |1|2|47342|2751|3264|1973|1626|2311|59267|
20181026|253 |0|1|12992|419|1035|776|272|259|15753|
20181026|253 |0|2|71201|2542|2323|1904|2385|3969|84324|
20181026|253 |1|1|12571|433|917|869|350|1366|16506|
20181026|253 |1|2|69933|2591|2308|2188|2841|4193|84054|
20181026|254 |0|1|6238|280|686|747|378|142|8471|
20181026|254 |0|2|34506|1576|1467|1095|2931|2222|43797|
20181026|254 |1|1|6284|262|683|745|377|739|9090|
20181026|254 |1|2|33200|1384|1306|958|2623|2118|41589|
20181026|651 |0|1|6499|125|266|173|51|142|7256|
20181026|651 |0|2|32194|704|1320|329|384|1603|36534|
20181026|651 |1|1|5458|160|341|144|30|556|6689|
20181026|651 |1|2|26716|688|1325|274|378|1554|30935|
20181026|685 |0|1|3869|231|799|752|438|84|6173|
20181026|685 |0|2|19769|1168|1727|1013|3239|1199|28115|
20181026|685 |1|1|3686|224|773|750|398|405|6236|
20181026|685 |1|2|20412|1261|1580|1034|3263|1182|28732|
20181027|101 |0|1|19654|252|473|299|100|213|20991|
20181027|101 |0|2|77884|1705|10140|740|611|2900|93980|
20181027|101 |1|1|18617|364|803|451|112|1563|21910|
20181027|101 |1|2|78634|2231|9986|1022|903|3024|95800|
20181027|190 |0|1|15036|207|552|448|113|108|16464|
20181027|190 |0|2|57487|1306|2449|638|798|1992|64670|
20181027|190 |1|1|11937|253|424|558|163|969|14304|
20181027|190 |1|2|52396|1523|2495|1076|1063|2027|60580|
20181027|253 |0|1|17078|330|518|406|131|225|18688|
20181027|253 |0|2|73649|1291|1230|658|1524|3326|81678|
20181027|253 |1|1|15477|248|482|533|249|1531|18520|
20181027|253 |1|2|70517|1468|1262|888|2061|3468|79664|
20181027|254 |0|1|8498|173|391|386|199|152|9799|
20181027|254 |0|2|39442|855|1258|553|1611|2041|45760|
20181027|254 |1|1|8362|185|420|399|201|899|10466|
20181027|254 |1|2|36898|778|1068|545|1430|1900|42619|
20181027|651 |0|1|10067|100|166|110|36|154|10633|
20181027|651 |0|2|42736|493|1359|158|192|1665|46603|
20181027|651 |1|1|7346|119|224|69|25|660|8443|
20181027|651 |1|2|32728|476|1228|125|192|1466|36215|
20181027|685 |0|1|6059|113|381|351|216|80|7200|
20181027|685 |0|2|23783|484|1248|423|1859|1064|28861|
20181027|685 |1|1|4999|99|390|420|206|489|6603|
20181027|685 |1|2|20994|578|1261|493|2014|973|26313|
20181028|101 |0|1|17537|163|301|141|25|172|18339|
20181028|101 |0|2|69814|832|8111|396|238|2588|81979|
20181028|101 |1|1|18392|235|570|240|40|1451|20928|
20181028|101 |1|2|73309|975|8974|650|290|2743|86941|
20181028|190 |0|1|10897|124|272|162|37|65|11557|
20181028|190 |0|2|46274|763|2306|428|205|1752|51728|
20181028|190 |1|1|11768|143|181|210|39|946|13287|
20181028|190 |1|2|51378|603|2023|503|214|1734|56455|
20181028|253 |0|1|15186|157|250|160|53|172|15978|
20181028|253 |0|2|64869|698|970|379|421|2950|70287|
20181028|253 |1|1|15451|129|165|170|54|1363|17332|
20181028|253 |1|2|65648|556|897|386|429|2836|70752|
20181028|254 |0|1|7535|81|117|112|49|94|7988|
20181028|254 |0|2|32535|363|833|197|319|1577|35824|
20181028|254 |1|1|8017|69|101|104|44|744|9079|
20181028|254 |1|2|31873|273|850|186|248|1547|34977|
20181028|651 |0|1|6659|67|113|43|13|92|6987|
20181028|651 |0|2|28556|256|1567|75|71|1162|31687|
20181028|651 |1|1|8367|73|134|73|18|630|9295|
20181028|651 |1|2|36121|276|1400|69|57|1327|39250|
20181028|685 |0|1|5122|49|135|134|63|80|5583|
20181028|685 |0|2|18963|222|1207|169|577|853|21991|
20181028|685 |1|1|5214|47|100|123|62|404|5950|
20181028|685 |1|2|21410|216|1079|161|558|820|24244|
20181029|101 |0|1|15638|336|858|505|175|276|17788|
20181029|101 |0|2|77074|2558|8896|1284|989|3608|94409|
20181029|101 |1|1|14463|432|924|687|200|1459|18165|
20181029|101 |1|2|74514|2930|9232|1629|1291|3788|93384|
20181029|190 |0|1|9625|379|1127|1003|193|150|12477|
20181029|190 |0|2|48296|2876|3095|1830|1407|2403|59907|
20181029|190 |1|1|8467|407|826|884|215|783|11582|
20181029|190 |1|2|43640|2772|3085|1630|1552|2155|54834|
20181029|253 |0|1|12920|477|1151|913|274|290|16025|
20181029|253 |0|2|71313|2645|2109|1966|2503|4076|84612|
20181029|253 |1|1|11502|469|932|874|396|1275|15448|
20181029|253 |1|2|64810|2761|2194|2036|3015|3832|78648|
20181029|254 |0|1|6430|329|789|894|421|162|9025|
20181029|254 |0|2|35495|1744|1430|1186|3015|2379|45249|
20181029|254 |1|1|5913|290|656|633|388|695|8575|
20181029|254 |1|2|31351|1410|1222|785|2497|2099|39364|
20181029|651 |0|1|5513|121|263|138|48|118|6201|
20181029|651 |0|2|26136|716|1158|306|390|1464|30170|
20181029|651 |1|1|5584|141|355|144|49|578|6851|
20181029|651 |1|2|27653|707|1091|280|342|1639|31712|
20181029|685 |0|1|4268|293|968|941|696|87|7253|
20181029|685 |0|2|18994|1203|1518|1077|3151|1023|26966|
20181029|685 |1|1|3556|314|909|723|399|381|6282|
20181029|685 |1|2|18832|1385|1563|1003|3248|1103|27134|
20181030|101 |0|1|14296|368|979|553|184|256|16636|
20181030|101 |0|2|71856|2709|9242|1406|1190|3429|89832|
20181030|101 |1|1|14108|474|1002|901|257|1353|18095|
20181030|101 |1|2|72903|3187|9542|1996|1596|3613|92837|
20181030|190 |0|1|8761|400|1229|1046|201|130|11767|
20181030|190 |0|2|44770|3076|3346|2045|1708|2199|57144|
20181030|190 |1|1|8302|442|920|1136|280|772|11852|
20181030|190 |1|2|43334|3050|3339|2347|1957|2075|56102|
20181030|253 |0|1|12078|491|1234|976|304|248|15331|
20181030|253 |0|2|67762|2862|2344|2161|2848|3917|81894|
20181030|253 |1|1|11415|499|1019|1109|463|1241|15746|
20181030|253 |1|2|65039|2948|2436|2419|3454|3895|80191|
20181030|254 |0|1|6093|308|788|883|439|146|8657|
20181030|254 |0|2|34167|1824|1461|1185|3305|2247|44189|
20181030|254 |1|1|5932|289|757|849|439|685|8951|
20181030|254 |1|2|31677|1515|1312|952|2801|2090|40347|
20181030|651 |0|1|5090|146|258|189|56|131|5870|
20181030|651 |0|2|24908|736|1206|393|449|1438|29130|
20181030|651 |1|1|4971|149|332|155|44|504|6155|
20181030|651 |1|2|25057|774|1164|303|408|1468|29174|
20181030|685 |0|1|3444|252|874|914|607|77|6168|
20181030|685 |0|2|18636|1345|1787|1142|3773|1141|27824|
20181030|685 |1|1|3190|275|898|854|546|350|6113|
20181030|685 |1|2|18502|1426|1688|1126|3493|1121|27356|
20181031|101 |0|1|14504|380|933|605|181|281|16884|
20181031|101 |0|2|70577|2560|9197|1301|1142|3529|88306|
20181031|101 |1|1|14040|492|1035|874|253|1315|18009|
20181031|101 |1|2|73205|3111|9652|1957|1626|3661|93212|
20181031|190 |0|1|8567|397|1237|1050|223|110|11584|
20181031|190 |0|2|43733|2992|3250|1952|1734|2194|55855|
20181031|190 |1|1|7985|455|844|1111|285|731|11411|
20181031|190 |1|2|41536|2963|3202|2199|1964|2128|53992|
20181031|253 |0|1|11953|495|1193|878|334|294|15147|
20181031|253 |0|2|67494|2817|2288|2079|2753|3896|81327|
20181031|253 |1|1|11317|520|1019|1076|432|1239|15603|
20181031|253 |1|2|64841|2953|2337|2405|3285|3730|79551|
20181031|254 |0|1|5887|301|784|891|419|137|8419|
20181031|254 |0|2|33011|1692|1405|1193|3122|2202|42625|
20181031|254 |1|1|5791|286|771|804|449|702|8803|
20181031|254 |1|2|31598|1442|1226|965|2688|2036|39955|
