20160301|101 |0|1|23296|572|835|527|230|357|25817|
20160301|101 |0|2|61332|1783|6724|519|436|2569|73363|
20160301|101 |1|1|22634|627|904|899|269|1760|27093|
20160301|101 |1|2|59035|1988|6828|828|664|2475|71818|
20160301|190 |0|1|13498|502|890|685|272|210|16057|
20160301|190 |0|2|36198|1612|2266|476|484|1542|42578|
20160301|190 |1|1|13820|499|763|886|337|1012|17317|
20160301|190 |1|2|37920|1573|2278|662|646|1592|44671|
20160301|253 |0|1|20455|573|804|709|380|411|23332|
20160301|253 |0|2|56360|1349|846|528|1002|2820|62905|
20160301|253 |1|1|19291|583|761|878|487|1664|23664|
20160301|253 |1|2|61158|1569|930|637|1416|3025|68735|
20160301|254 |0|1|9438|274|454|497|582|219|11464|
20160301|254 |0|2|28109|754|881|266|1261|1631|32902|
20160301|254 |1|1|9854|354|472|589|566|988|12823|
20160301|254 |1|2|28033|720|858|276|949|1647|32483|
20160301|651 |0|1|7028|141|162|114|182|160|7787|
20160301|651 |0|2|19284|298|690|92|153|989|21506|
20160301|651 |1|1|8126|173|192|105|163|723|9482|
20160301|651 |1|2|22775|371|775|66|132|1077|25196|
20160301|685 |0|1|4715|191|468|425|465|89|6353|
20160301|685 |0|2|14269|412|1187|292|1141|711|18012|
20160301|685 |1|1|4605|206|449|446|419|421|6546|
20160301|685 |1|2|14132|434|1162|320|1198|751|17997|
20160302|101 |0|1|19337|770|1269|926|332|494|23128|
20160302|101 |0|2|66823|2540|8568|804|661|3468|82864|
20160302|101 |1|1|17367|891|1222|1086|392|1624|22582|
20160302|101 |1|2|61283|2914|8796|1022|954|3243|78212|
20160302|190 |0|1|11467|846|1502|1337|439|276|15867|
20160302|190 |0|2|40022|2812|2846|979|794|2167|49620|
20160302|190 |1|1|10637|833|1215|1198|468|966|15317|
20160302|190 |1|2|36045|2625|2868|892|847|2047|45324|
20160302|253 |0|1|17739|1097|1823|1612|642|559|23472|
20160302|253 |0|2|64235|2875|1765|1526|1702|4144|76247|
20160302|253 |1|1|15545|1127|1542|1574|894|1698|22380|
20160302|253 |1|2|69259|3442|1937|1430|2089|4601|82758|
20160302|254 |0|1|7965|616|974|1125|1279|270|12229|
20160302|254 |0|2|31441|1683|1250|630|2522|2381|39907|
20160302|254 |1|1|8105|673|871|987|1091|970|12697|
20160302|254 |1|2|29569|1482|1160|458|1907|2226|36802|
20160302|651 |0|1|4949|201|279|176|223|155|5983|
20160302|651 |0|2|15736|457|788|140|322|1104|18547|
20160302|651 |1|1|4764|242|328|213|209|501|6257|
20160302|651 |1|2|16052|522|810|128|299|1106|18917|
20160302|685 |0|1|4156|454|980|1007|1140|137|7874|
20160302|685 |0|2|17354|1179|1422|636|2351|1149|24091|
20160302|685 |1|1|3697|490|899|898|919|379|7282|
20160302|685 |1|2|15811|1224|1339|584|2192|1065|22215|
20160303|101 |0|1|19138|765|1296|1037|362|433|23031|
20160303|101 |0|2|65335|2679|8526|827|792|3284|81443|
20160303|101 |1|1|17962|980|1317|1366|466|1694|23785|
20160303|101 |1|2|63540|3123|8814|1311|1207|3369|81364|
20160303|190 |0|1|11362|906|1598|1323|446|268|15903|
20160303|190 |0|2|39833|2852|2973|1062|981|2111|49812|
20160303|190 |1|1|10906|947|1304|1548|540|950|16195|
20160303|190 |1|2|38082|2778|2927|1162|1174|2061|48184|
20160303|253 |0|1|17374|1139|1887|1693|703|533|23329|
20160303|253 |0|2|62785|2911|1891|1550|1843|4103|75083|
20160303|253 |1|1|16095|1122|1616|1864|983|1696|23376|
20160303|253 |1|2|71345|3492|1963|1636|2378|4764|85578|
20160303|254 |0|1|7774|656|974|1253|1289|298|12244|
20160303|254 |0|2|30569|1640|1259|702|2688|2375|39233|
20160303|254 |1|1|8274|728|950|1173|1139|923|13187|
20160303|254 |1|2|30332|1458|1208|560|2049|2226|37833|
20160303|651 |0|1|5118|185|258|203|134|162|6060|
20160303|651 |0|2|16384|536|851|177|320|1109|19377|
20160303|651 |1|1|4899|230|330|191|145|537|6332|
20160303|651 |1|2|16237|564|833|123|307|1142|19206|
20160303|685 |0|1|4017|471|1035|1041|1330|140|8034|
20160303|685 |0|2|16301|1208|1416|601|2448|1062|23036|
20160303|685 |1|1|3911|483|917|1028|1039|374|7752|
20160303|685 |1|2|16334|1260|1446|630|2441|1058|23169|
20160304|101 |0|1|20886|736|1219|924|363|462|24590|
20160304|101 |0|2|69847|2517|9049|866|742|3500|86521|
20160304|101 |1|1|20442|916|1238|1316|487|1889|26288|
20160304|101 |1|2|69900|3003|9353|1211|1125|3608|88200|
20160304|190 |0|1|12645|920|1396|1308|448|293|17010|
20160304|190 |0|2|44097|2805|2954|924|959|2285|54024|
20160304|190 |1|1|12734|949|1304|1513|555|1066|18121|
20160304|190 |1|2|44242|2788|2978|1131|1098|2382|54619|
20160304|253 |0|1|18250|1067|1778|1661|766|549|24071|
20160304|253 |0|2|65679|2788|1764|1513|1870|4278|77892|
20160304|253 |1|1|18356|1143|1637|1807|1066|1894|25903|
20160304|253 |1|2|76767|3392|1914|1634|2433|4969|91109|
20160304|254 |0|1|8337|639|946|1179|1346|287|12734|
20160304|254 |0|2|31878|1693|1284|648|2621|2449|40573|
20160304|254 |1|1|9287|725|902|1120|1210|986|14230|
20160304|254 |1|2|31170|1460|1085|517|1928|2321|38481|
20160304|651 |0|1|6288|196|287|199|127|157|7254|
20160304|651 |0|2|20334|493|945|164|274|1278|23488|
20160304|651 |1|1|5370|248|338|185|133|556|6830|
20160304|651 |1|2|18406|546|914|125|253|1270|21514|
20160304|685 |0|1|4603|479|1047|998|1122|108|8357|
20160304|685 |0|2|17610|1094|1355|599|2390|1133|24181|
20160304|685 |1|1|4717|506|912|1018|1005|477|8635|
20160304|685 |1|2|17944|1258|1351|627|2369|1168|24717|
20160305|101 |0|1|22904|405|678|410|186|354|24937|
20160305|101 |0|2|59957|1565|8026|373|374|2549|72844|
20160305|101 |1|1|20280|519|763|764|215|1583|24124|
20160305|101 |1|2|57443|2005|8124|662|483|2578|71295|
20160305|190 |0|1|12062|389|650|409|229|188|13927|
20160305|190 |0|2|40534|1315|2204|307|331|1679|46370|
20160305|190 |1|1|13065|407|615|712|263|1064|16126|
20160305|190 |1|2|38233|1329|2237|614|502|1782|44697|
20160305|253 |0|1|20516|490|760|661|377|428|23232|
20160305|253 |0|2|58125|1290|963|496|1078|3005|64957|
20160305|253 |1|1|19201|469|706|838|439|1772|23425|
20160305|253 |1|2|65004|1561|1080|658|1247|3386|72936|
20160305|254 |0|1|8940|248|478|482|584|214|10946|
20160305|254 |0|2|27543|685|926|245|1122|1709|32230|
20160305|254 |1|1|9474|323|473|634|554|993|12451|
20160305|254 |1|2|27706|702|904|294|1018|1739|32363|
20160305|651 |0|1|7979|109|138|108|55|196|8585|
20160305|651 |0|2|22947|281|827|74|155|1149|25433|
20160305|651 |1|1|5837|143|204|67|55|572|6878|
20160305|651 |1|2|17991|298|872|38|153|996|20348|
20160305|685 |0|1|5100|158|402|382|443|125|6610|
20160305|685 |0|2|15459|437|1187|254|1101|789|19227|
20160305|685 |1|1|5072|176|430|540|456|455|7129|
20160305|685 |1|2|15633|495|1176|349|1338|853|19844|
20160306|101 |0|1|22893|271|387|231|74|340|24196|
20160306|101 |0|2|63781|878|7139|225|192|2654|74869|
20160306|101 |1|1|22148|281|623|383|95|1728|25258|
20160306|101 |1|2|59757|872|7306|418|247|2460|71060|
20160306|190 |0|1|12946|233|293|234|51|204|13961|
20160306|190 |0|2|36286|685|2122|240|100|1567|41000|
20160306|190 |1|1|13705|225|308|308|91|1048|15685|
20160306|190 |1|2|38412|583|2095|292|98|1512|42992|
20160306|253 |0|1|21557|280|337|223|125|394|22916|
20160306|253 |0|2|57491|639|664|228|327|2888|62237|
20160306|253 |1|1|19661|233|303|262|157|1755|22371|
20160306|253 |1|2|59964|651|715|194|309|2949|64782|
20160306|254 |0|1|10045|147|199|212|186|237|11026|
20160306|254 |0|2|27821|345|775|121|263|1567|30892|
20160306|254 |1|1|10052|140|180|197|137|1057|11763|
20160306|254 |1|2|27056|273|760|93|200|1561|29943|
20160306|651 |0|1|6758|44|69|27|14|166|7078|
20160306|651 |0|2|18887|118|780|27|39|954|20805|
20160306|651 |1|1|8283|60|106|39|15|725|9228|
20160306|651 |1|2|24124|134|872|19|32|1080|26261|
20160306|685 |0|1|5137|71|156|172|157|111|5804|
20160306|685 |0|2|13846|161|1021|102|299|691|16120|
20160306|685 |1|1|4795|84|114|132|121|427|5673|
20160306|685 |1|2|13629|174|1004|97|271|660|15835|
20160307|101 |0|1|20817|698|1169|964|368|494|24510|
20160307|101 |0|2|69703|2345|8492|806|681|3649|85676|
20160307|101 |1|1|18450|802|1114|1101|397|1735|23599|
20160307|101 |1|2|63734|2745|8745|1004|1005|3563|80796|
20160307|190 |0|1|12344|890|1487|1358|401|324|16804|
20160307|190 |0|2|42733|2677|2756|1034|821|2250|52271|
20160307|190 |1|1|10683|811|1101|1259|421|1009|15284|
20160307|190 |1|2|36921|2490|2811|909|903|2053|46087|
20160307|253 |0|1|19109|1010|1671|1560|616|575|24541|
20160307|253 |0|2|64688|2666|1806|1436|1607|4218|76421|
20160307|253 |1|1|15559|1035|1377|1398|839|1703|21911|
20160307|253 |1|2|69469|3248|1962|1302|2030|4729|82740|
20160307|254 |0|1|8314|612|880|1152|1213|299|12470|
20160307|254 |0|2|31694|1602|1226|668|2570|2470|40230|
20160307|254 |1|1|8278|625|887|941|1039|944|12714|
20160307|254 |1|2|30013|1353|1156|468|1891|2348|37229|
20160307|651 |0|1|5362|220|228|168|143|181|6302|
20160307|651 |0|2|16883|495|795|152|268|1218|19811|
20160307|651 |1|1|5192|239|318|178|123|580|6630|
20160307|651 |1|2|16973|566|785|124|260|1270|19978|
20160307|685 |0|1|4822|463|1056|954|1150|134|8579|
20160307|685 |0|2|17419|1112|1340|577|2237|1108|23793|
20160307|685 |1|1|3955|466|830|960|993|414|7618|
20160307|685 |1|2|16029|1223|1421|538|2249|1073|22533|
20160308|101 |0|1|19363|772|1258|997|329|441|23160|
20160308|101 |0|2|66593|2591|8569|859|809|3374|82795|
20160308|101 |1|1|18108|956|1304|1395|459|1687|23909|
20160308|101 |1|2|64435|3068|8831|1281|1146|3412|82173|
20160308|190 |0|1|11008|916|1483|1302|449|272|15430|
20160308|190 |0|2|40253|2864|2916|996|871|2130|50030|
20160308|190 |1|1|10592|852|1236|1576|519|955|15730|
20160308|190 |1|2|37958|2753|2978|1179|1079|2045|47992|
20160308|253 |0|1|17024|1103|1805|1657|744|467|22800|
20160308|253 |0|2|62649|2897|1884|1551|1952|3951|74884|
20160308|253 |1|1|15386|1145|1627|1791|1078|1613|22640|
20160308|253 |1|2|70857|3417|2023|1694|2521|4497|85009|
20160308|254 |0|1|7574|609|967|1190|1272|238|11850|
20160308|254 |0|2|30394|1641|1288|652|2785|2355|39115|
20160308|254 |1|1|7951|655|904|1138|1140|828|12616|
20160308|254 |1|2|29306|1442|1105|553|2037|2189|36632|
20160308|651 |0|1|5329|207|288|237|140|155|6356|
20160308|651 |0|2|16933|552|792|157|307|1140|19881|
20160308|651 |1|1|5138|253|357|217|106|527|6598|
20160308|651 |1|2|16953|617|840|115|277|1169|19971|
20160308|685 |0|1|3915|462|1002|979|1219|111|7688|
20160308|685 |0|2|15890|1202|1342|619|2537|1071|22661|
20160308|685 |1|1|3895|499|888|1064|1069|379|7794|
20160308|685 |1|2|15713|1280|1374|639|2484|1097|22587|
20160309|101 |0|1|19128|709|1260|971|323|455|22846|
20160309|101 |0|2|66457|2559|8618|825|812|3456|82727|
20160309|101 |1|1|18143|872|1222|1324|418|1710|23689|
20160309|101 |1|2|63994|2961|8731|1197|1203|3375|81461|
20160309|190 |0|1|10565|903|1434|1276|411|222|14811|
20160309|190 |0|2|39364|2807|2855|951|889|2106|48972|
20160309|190 |1|1|10376|816|1172|1348|543|874|15129|
20160309|190 |1|2|38153|2716|2909|1099|1089|2085|48051|
20160309|253 |0|1|16783|1019|1859|1616|703|500|22480|
20160309|253 |0|2|61743|2885|1835|1485|1978|4093|74019|
20160309|253 |1|1|15628|1097|1551|1735|969|1634|22614|
20160309|253 |1|2|70949|3367|2012|1602|2477|4641|85048|
20160309|254 |0|1|7688|579|999|1151|1250|268|11935|
20160309|254 |0|2|31257|1670|1375|677|2761|2427|40167|
20160309|254 |1|1|8163|647|916|1078|1108|916|12828|
20160309|254 |1|2|30472|1468|1259|525|2013|2238|37975|
20160309|651 |0|1|4939|174|287|196|120|138|5854|
20160309|651 |0|2|16355|495|810|152|238|1120|19170|
20160309|651 |1|1|4825|230|370|226|166|478|6295|
20160309|651 |1|2|16494|570|799|110|167|1173|19313|
20160309|685 |0|1|3688|432|981|899|1058|119|7177|
20160309|685 |0|2|15017|1113|1242|575|2296|996|21239|
20160309|685 |1|1|3816|496|839|968|955|438|7512|
20160309|685 |1|2|15341|1222|1348|604|2327|1067|21909|
20160310|101 |0|1|19694|737|1225|984|354|405|23399|
20160310|101 |0|2|66974|2599|8502|812|753|3429|83069|
20160310|101 |1|1|18238|925|1308|1256|437|1589|23753|
20160310|101 |1|2|64682|3000|8816|1259|1134|3417|82308|
20160310|190 |0|1|10832|892|1437|1330|443|258|15192|
20160310|190 |0|2|39693|2671|2917|975|869|2067|49192|
20160310|190 |1|1|10785|793|1222|1386|512|972|15670|
20160310|190 |1|2|38832|2648|3002|1102|1028|2015|48627|
20160310|253 |0|1|17038|1092|1809|1622|753|518|22832|
20160310|253 |0|2|62777|2860|1879|1511|2055|4094|75176|
20160310|253 |1|1|15830|1165|1620|1750|1072|1690|23127|
20160310|253 |1|2|71459|3365|2037|1625|2514|4702|85702|
20160310|254 |0|1|7750|618|1006|1113|1277|268|12032|
20160310|254 |0|2|30705|1590|1290|672|2605|2331|39193|
20160310|254 |1|1|8169|667|1002|1133|1222|920|13113|
20160310|254 |1|2|30528|1460|1197|544|2122|2291|38142|
20160310|651 |0|1|5004|211|248|196|122|146|5927|
20160310|651 |0|2|17174|519|860|147|319|1159|20178|
20160310|651 |1|1|4898|252|325|179|122|458|6234|
20160310|651 |1|2|16750|577|856|134|283|1177|19777|
20160310|685 |0|1|3819|437|1007|926|1143|126|7458|
20160310|685 |0|2|15494|1125|1333|569|2385|1030|21936|
20160310|685 |1|1|3766|470|868|994|897|370|7365|
20160310|685 |1|2|15565|1138|1341|529|2133|1066|21772|
20160311|101 |0|1|21230|749|1193|887|352|520|24931|
20160311|101 |0|2|71667|2577|9163|832|736|3689|88664|
20160311|101 |1|1|20417|862|1263|1311|432|1884|26169|
20160311|101 |1|2|69508|2944|9309|1185|1142|3729|87817|
20160311|190 |0|1|12614|853|1363|1322|421|315|16888|
20160311|190 |0|2|44192|2748|2989|935|926|2305|54095|
20160311|190 |1|1|12495|822|1146|1436|469|1076|17444|
20160311|190 |1|2|43674|2704|2902|1068|1093|2280|53721|
20160311|253 |0|1|19044|961|1726|1531|725|555|24542|
20160311|253 |0|2|67900|2824|1904|1463|1983|4393|80467|
20160311|253 |1|1|17758|969|1542|1701|984|1797|24751|
20160311|253 |1|2|76070|3225|2025|1640|2454|4980|90394|
20160311|254 |0|1|6428|554|901|1086|1223|246|10438|
20160311|254 |0|2|31562|1608|1204|635|2454|2414|39877|
20160311|254 |1|1|9000|675|867|1103|1146|1030|13821|
20160311|254 |1|2|32499|1408|1170|551|2008|2375|40011|
20160311|651 |0|1|6548|221|246|231|120|157|7523|
20160311|651 |0|2|21019|543|922|153|320|1259|24216|
20160311|651 |1|1|5392|261|356|205|113|560|6887|
20160311|651 |1|2|18441|599|927|145|271|1245|21628|
20160311|685 |0|1|4559|453|973|897|1054|141|8077|
20160311|685 |0|2|17909|1181|1442|599|2382|1090|24603|
20160311|685 |1|1|4671|478|876|998|960|476|8459|
20160311|685 |1|2|18229|1306|1340|601|2386|1161|25023|
20160312|101 |0|1|26378|467|799|479|250|399|28772|
20160312|101 |0|2|72801|1593|8300|414|428|2895|86431|
20160312|101 |1|1|24128|629|899|909|308|1904|28777|
20160312|101 |1|2|68568|2028|8404|758|733|2973|83464|
20160312|190 |0|1|14610|544|754|532|266|253|16959|
20160312|190 |0|2|47123|1417|2266|342|556|2032|53736|
20160312|190 |1|1|15268|479|629|778|286|1226|18666|
20160312|190 |1|2|44602|1430|2406|587|763|2030|51818|
20160312|253 |0|1|24393|590|909|916|430|491|27729|
20160312|253 |0|2|67607|1457|1249|868|1138|3510|75829|
20160312|253 |1|1|21245|545|911|1116|638|2002|26457|
20160312|253 |1|2|72304|1771|1402|1068|1714|3860|82119|
20160312|254 |0|1|10683|301|510|538|608|262|12902|
20160312|254 |0|2|31416|846|935|315|1652|1990|37154|
20160312|254 |1|1|11258|380|524|614|650|1209|14635|
20160312|254 |1|2|32796|821|904|314|1277|2023|38135|
20160312|651 |0|1|10190|121|154|135|71|222|10893|
20160312|651 |0|2|29253|316|884|95|181|1385|32114|
20160312|651 |1|1|7382|143|235|108|59|708|8635|
20160312|651 |1|2|22791|329|943|63|123|1160|25409|
20160312|685 |0|1|6348|176|472|472|539|135|8142|
20160312|685 |0|2|18988|511|1254|319|1417|951|23440|
20160312|685 |1|1|5739|208|475|565|527|575|8089|
20160312|685 |1|2|17885|552|1168|370|1442|997|22414|
20160313|101 |0|1|23451|276|379|247|78|319|24750|
20160313|101 |0|2|62838|789|7180|229|226|2711|73973|
20160313|101 |1|1|23242|322|544|414|89|1846|26457|
20160313|101 |1|2|62261|837|7410|456|338|2598|73900|
20160313|190 |0|1|13800|259|291|245|103|225|14923|
20160313|190 |0|2|37727|653|2076|233|204|1583|42476|
20160313|190 |1|1|15125|206|273|378|99|1143|17224|
20160313|190 |1|2|41125|555|1970|286|190|1672|45798|
20160313|253 |0|1|22074|277|296|246|118|396|23407|
20160313|253 |0|2|58896|635|671|260|391|3014|63867|
20160313|253 |1|1|21154|234|266|291|159|1902|24006|
20160313|253 |1|2|66003|638|706|216|438|3150|71151|
20160313|254 |0|1|10366|122|174|195|141|230|11228|
20160313|254 |0|2|28310|337|765|115|260|1635|31422|
20160313|254 |1|1|10504|129|153|179|134|1078|12177|
20160313|254 |1|2|27509|277|727|90|224|1634|30461|
20160313|651 |0|1|6725|63|71|32|16|161|7068|
20160313|651 |0|2|18827|126|888|35|36|942|20854|
20160313|651 |1|1|9186|81|132|61|14|749|10223|
20160313|651 |1|2|26061|148|899|35|29|1159|28331|
20160313|685 |0|1|5085|65|169|128|137|85|5669|
20160313|685 |0|2|14196|177|1067|74|331|742|16587|
20160313|685 |1|1|5570|73|132|105|110|490|6480|
20160313|685 |1|2|16150|173|1052|91|276|756|18498|
20160314|101 |0|1|20666|677|1185|947|343|489|24307|
20160314|101 |0|2|71203|2423|8493|850|727|3775|87471|
20160314|101 |1|1|18504|830|1128|1101|378|1907|23848|
20160314|101 |1|2|65253|2830|8807|1055|996|3628|82569|
20160314|190 |0|1|12362|822|1456|1342|450|281|16713|
20160314|190 |0|2|42759|2636|2820|959|1019|2322|52515|
20160314|190 |1|1|10911|758|1039|1188|451|1010|15357|
20160314|190 |1|2|37548|2444|2871|832|1049|2132|46876|
20160314|253 |0|1|18431|927|1680|1562|649|560|23809|
20160314|253 |0|2|65580|2639|1777|1468|1722|4254|77440|
20160314|253 |1|1|16374|989|1405|1436|925|1794|22923|
20160314|253 |1|2|71930|3148|1908|1342|2225|4798|85351|
20160314|254 |0|1|8657|600|958|1167|1263|287|12932|
20160314|254 |0|2|32782|1638|1220|652|2702|2526|41520|
20160314|254 |1|1|8500|605|908|945|1060|959|12977|
20160314|254 |1|2|30152|1386|1139|421|1864|2296|37258|
20160314|651 |0|1|5464|159|253|200|117|172|6365|
20160314|651 |0|2|17332|504|794|137|248|1180|20195|
20160314|651 |1|1|5285|212|303|247|84|568|6699|
20160314|651 |1|2|17296|531|789|132|199|1261|20208|
20160314|685 |0|1|5301|453|984|969|1054|143|8904|
20160314|685 |0|2|17420|1103|1317|606|2344|1128|23918|
20160314|685 |1|1|4045|467|848|826|926|402|7514|
20160314|685 |1|2|16073|1149|1341|519|2262|1119|22463|
20160315|101 |0|1|20020|786|1302|1066|386|442|24002|
20160315|101 |0|2|67618|2614|8672|896|766|3447|84013|
20160315|101 |1|1|18043|918|1320|1473|535|1640|23929|
20160315|101 |1|2|64522|3023|8820|1292|1159|3358|82174|
20160315|190 |0|1|11579|974|1447|1335|453|296|16084|
20160315|190 |0|2|38978|2792|2784|1006|1046|2135|48741|
20160315|190 |1|1|10679|894|1292|1581|560|947|15953|
20160315|190 |1|2|37315|2714|2844|1168|1147|2052|47240|
20160315|253 |0|1|17597|1101|1873|1685|756|517|23529|
20160315|253 |0|2|62571|2848|1931|1614|2037|4054|75055|
20160315|253 |1|1|15686|1126|1573|1799|1056|1601|22841|
20160315|253 |1|2|71076|3334|2078|1665|2704|4593|85450|
20160315|254 |0|1|7775|625|955|1207|1283|273|12118|
20160315|254 |0|2|30636|1618|1265|692|2878|2395|39484|
20160315|254 |1|1|8291|699|960|1154|1195|964|13263|
20160315|254 |1|2|30716|1466|1209|545|2218|2286|38440|
20160315|651 |0|1|5423|215|287|219|131|169|6444|
20160315|651 |0|2|17253|518|887|203|341|1157|20359|
20160315|651 |1|1|5182|228|398|200|124|543|6675|
20160315|651 |1|2|16994|551|827|138|286|1184|19980|
20160315|685 |0|1|4142|478|1054|1075|1297|123|8169|
20160315|685 |0|2|16685|1132|1411|618|2279|1076|23201|
20160315|685 |1|1|3830|507|945|1022|1017|425|7746|
20160315|685 |1|2|15576|1207|1399|594|2369|1034|22179|
20160316|101 |0|1|19240|708|1249|965|327|416|22905|
20160316|101 |0|2|67099|2591|8648|855|798|3496|83487|
20160316|101 |1|1|18539|906|1278|1310|457|1649|24139|
20160316|101 |1|2|66230|3103|8976|1325|1219|3432|84285|
20160316|190 |0|1|10908|884|1509|1406|488|279|15474|
20160316|190 |0|2|40165|2778|2850|1020|1013|2062|49888|
20160316|190 |1|1|10743|824|1233|1495|568|945|15808|
20160316|190 |1|2|38765|2752|2871|1196|1258|2064|48906|
20160316|253 |0|1|17210|1024|1807|1579|775|504|22899|
20160316|253 |0|2|63209|2949|1977|1568|2052|4066|75821|
20160316|253 |1|1|15628|1089|1507|1722|1134|1649|22729|
20160316|253 |1|2|69906|3414|1996|1612|2431|4696|84055|
20160316|254 |0|1|7811|558|930|1082|1271|284|11936|
20160316|254 |0|2|30920|1619|1261|656|2760|2380|39596|
20160316|254 |1|1|8194|643|904|1091|1258|933|13023|
20160316|254 |1|2|30587|1509|1173|534|2004|2328|38135|
20160316|651 |0|1|5228|212|286|209|114|138|6187|
20160316|651 |0|2|17683|521|818|171|325|1191|20709|
20160316|651 |1|1|5106|241|400|183|109|486|6525|
20160316|651 |1|2|17365|605|832|148|275|1149|20374|
20160316|685 |0|1|3946|469|1003|966|1181|123|7688|
20160316|685 |0|2|16221|1211|1372|628|2567|1037|23036|
20160316|685 |1|1|4062|491|934|1030|1115|422|8054|
20160316|685 |1|2|16092|1212|1377|550|2328|1063|22622|
20160317|101 |0|1|19586|708|1264|938|362|408|23266|
20160317|101 |0|2|68723|2636|8668|855|834|3388|85104|
20160317|101 |1|1|19128|927|1344|1388|489|1668|24944|
20160317|101 |1|2|68418|3034|8908|1295|1243|3528|86426|
20160317|190 |0|1|11051|878|1402|1314|436|292|15373|
20160317|190 |0|2|40802|2771|2886|939|995|2137|50530|
20160317|190 |1|1|10972|822|1212|1456|568|924|15954|
20160317|190 |1|2|39566|2705|2884|1081|1256|2094|49586|
20160317|253 |0|1|17286|1020|1785|1549|764|545|22949|
20160317|253 |0|2|62909|2899|1880|1485|2044|4202|75419|
20160317|253 |1|1|16504|1104|1580|1676|997|1733|23594|
20160317|253 |1|2|73441|3438|1990|1670|2707|4695|87941|
20160317|254 |0|1|7878|618|968|1154|1193|263|12074|
20160317|254 |0|2|31381|1560|1274|670|2713|2399|39997|
20160317|254 |1|1|8443|649|873|1077|1091|933|13066|
20160317|254 |1|2|31145|1438|1172|537|2033|2341|38666|
20160317|651 |0|1|5353|202|260|206|124|162|6307|
20160317|651 |0|2|18241|540|920|159|310|1167|21337|
20160317|651 |1|1|5196|245|342|199|114|517|6613|
20160317|651 |1|2|17920|582|870|132|259|1163|20926|
20160317|685 |0|1|3957|430|987|979|1116|121|7590|
20160317|685 |0|2|16193|1124|1349|603|2459|1030|22758|
20160317|685 |1|1|3953|470|967|999|976|391|7756|
20160317|685 |1|2|16620|1197|1420|564|2546|1154|23501|
20160318|101 |0|1|21976|713|1236|957|334|494|25710|
20160318|101 |0|2|72443|2606|9427|803|743|3714|89736|
20160318|101 |1|1|20862|870|1238|1233|404|1884|26491|
20160318|101 |1|2|71215|2940|9558|1176|1123|3667|89679|
20160318|190 |0|1|13198|824|1434|1238|457|286|17437|
20160318|190 |0|2|46119|2725|3088|982|993|2327|56234|
20160318|190 |1|1|12408|805|1148|1307|523|1048|17239|
20160318|190 |1|2|43154|2602|2911|1072|1121|2322|53182|
20160318|253 |0|1|19373|960|1678|1468|706|571|24756|
20160318|253 |0|2|68588|2780|1885|1473|2002|4453|81181|
20160318|253 |1|1|18050|973|1544|1602|972|1956|25097|
20160318|253 |1|2|79145|3330|2075|1598|2628|5111|93887|
20160318|254 |0|1|8310|529|806|965|1121|306|12037|
20160318|254 |0|2|32343|1613|1243|644|2535|2420|40798|
20160318|254 |1|1|9105|598|916|1104|1121|990|13834|
20160318|254 |1|2|32852|1451|1153|597|2005|2349|40407|
20160318|651 |0|1|7257|195|260|223|163|198|8296|
20160318|651 |0|2|22548|503|951|153|351|1365|25871|
20160318|651 |1|1|5760|253|318|203|130|570|7234|
20160318|651 |1|2|19407|550|979|117|278|1286|22617|
20160318|685 |0|1|4885|445|984|974|1138|129|8555|
20160318|685 |0|2|18639|1150|1405|623|2483|1219|25519|
20160318|685 |1|1|4674|445|901|986|969|502|8477|
20160318|685 |1|2|18680|1226|1356|602|2386|1276|25526|
20160319|101 |0|1|28363|481|775|457|212|410|30698|
20160319|101 |0|2|71634|1582|8701|419|473|2838|85647|
20160319|101 |1|1|25249|594|910|856|296|1958|29863|
20160319|101 |1|2|70361|2082|8969|737|736|2998|85883|
20160319|190 |0|1|15471|503|719|558|257|265|17773|
20160319|190 |0|2|50466|1458|2202|388|524|2063|57101|
20160319|190 |1|1|14959|440|640|768|307|1183|18297|
20160319|190 |1|2|43744|1458|2326|639|730|1874|50771|
20160319|253 |0|1|25211|577|892|824|389|530|28423|
20160319|253 |0|2|69352|1479|1383|919|1317|3444|77894|
20160319|253 |1|1|22258|576|930|1096|583|2060|27503|
20160319|253 |1|2|74252|1813|1513|1064|1851|3993|84486|
20160319|254 |0|1|11650|285|549|561|675|264|13984|
20160319|254 |0|2|34511|821|1004|323|1658|2035|40352|
20160319|254 |1|1|11968|386|521|594|653|1251|15373|
20160319|254 |1|2|34680|781|951|347|1220|2056|40035|
20160319|651 |0|1|11713|124|165|141|93|253|12489|
20160319|651 |0|2|32962|311|980|102|272|1485|36112|
20160319|651 |1|1|8523|141|235|105|96|791|9891|
20160319|651 |1|2|25529|345|1003|57|211|1303|28448|
20160319|685 |0|1|6687|245|495|471|567|134|8599|
20160319|685 |0|2|19595|498|1219|283|1414|939|23948|
20160319|685 |1|1|6025|222|471|553|564|542|8377|
20160319|685 |1|2|17968|566|1199|335|1541|997|22606|
20160320|101 |0|1|24763|273|435|236|70|351|26128|
20160320|101 |0|2|67669|876|7571|233|177|2783|79309|
20160320|101 |1|1|24439|336|602|443|94|1969|27883|
20160320|101 |1|2|67066|992|7961|452|267|2715|79453|
20160320|190 |0|1|14337|278|331|262|106|240|15554|
20160320|190 |0|2|39850|718|2236|239|207|1763|45013|
20160320|190 |1|1|15079|218|279|361|119|1106|17162|
20160320|190 |1|2|41301|636|2012|286|212|1682|46129|
20160320|253 |0|1|23315|282|349|266|150|429|24791|
20160320|253 |0|2|61663|694|758|263|435|3097|66910|
20160320|253 |1|1|22776|242|328|314|167|2015|25842|
20160320|253 |1|2|69559|700|844|253|488|3277|75121|
20160320|254 |0|1|10558|106|191|183|166|219|11423|
20160320|254 |0|2|29580|355|761|106|227|1688|32717|
20160320|254 |1|1|11362|144|199|184|116|1140|13145|
20160320|254 |1|2|29902|272|748|96|218|1673|32909|
20160320|651 |0|1|7601|51|76|53|28|175|7984|
20160320|651 |0|2|21275|112|875|31|26|1019|23338|
20160320|651 |1|1|10261|69|145|80|19|937|11511|
20160320|651 |1|2|29470|130|889|26|25|1288|31828|
20160320|685 |0|1|5539|115|171|176|144|91|6236|
20160320|685 |0|2|15143|184|1117|111|358|793|17706|
20160320|685 |1|1|6098|71|157|146|136|535|7143|
20160320|685 |1|2|17187|195|1045|98|316|795|19636|
20160321|101 |0|1|21309|697|1184|954|349|483|24976|
20160321|101 |0|2|72250|2412|8596|843|686|3699|88486|
20160321|101 |1|1|19363|828|1167|1079|402|1833|24672|
20160321|101 |1|2|67623|2883|8994|1092|1025|3723|85340|
20160321|190 |0|1|12506|755|1399|1371|465|274|16770|
20160321|190 |0|2|43819|2703|2787|1047|996|2289|53641|
20160321|190 |1|1|11017|740|1058|1195|523|1006|15539|
20160321|190 |1|2|37962|2488|2807|916|1054|2119|47346|
20160321|253 |0|1|18730|969|1696|1511|716|549|24171|
20160321|253 |0|2|64086|2608|1786|1481|1888|4097|75946|
20160321|253 |1|1|16123|939|1373|1447|923|1743|22548|
20160321|253 |1|2|71708|3218|1989|1373|2327|4785|85400|
20160321|254 |0|1|8620|576|970|1181|1226|292|12865|
20160321|254 |0|2|32969|1656|1269|669|2866|2425|41854|
20160321|254 |1|1|8634|668|850|911|1115|939|13117|
20160321|254 |1|2|30698|1396|1158|462|2014|2303|38031|
20160321|651 |0|1|5614|197|264|207|165|144|6591|
20160321|651 |0|2|18018|479|863|158|371|1209|21098|
20160321|651 |1|1|5587|224|358|230|155|531|7085|
20160321|651 |1|2|18455|564|832|132|320|1254|21557|
20160321|685 |0|1|5663|496|1057|910|976|160|9262|
20160321|685 |0|2|16732|1043|1222|605|2234|1046|22882|
20160321|685 |1|1|4170|480|870|830|877|429|7656|
20160321|685 |1|2|15931|1148|1393|515|2163|1047|22197|
20160322|101 |0|1|20120|761|1301|1030|325|432|23969|
20160322|101 |0|2|69364|2694|8733|931|781|3501|86004|
20160322|101 |1|1|18845|889|1319|1405|475|1711|24644|
20160322|101 |1|2|67052|3132|8875|1271|1247|3453|85030|
20160322|190 |0|1|10937|872|1499|1322|434|283|15347|
20160322|190 |0|2|40230|2747|2808|1015|934|2155|49889|
20160322|190 |1|1|10643|849|1211|1582|535|967|15787|
20160322|190 |1|2|38304|2730|2935|1207|1106|2139|48421|
20160322|253 |0|1|17361|1040|1735|1660|761|526|23083|
20160322|253 |0|2|63413|2879|2020|1689|2129|4099|76229|
20160322|253 |1|1|15816|1027|1587|1831|962|1713|22936|
20160322|253 |1|2|70999|3323|2138|1755|2823|4691|85729|
20160322|254 |0|1|8099|572|924|1132|1207|299|12233|
20160322|254 |0|2|30801|1638|1270|667|2844|2433|39653|
20160322|254 |1|1|8228|702|892|1105|1108|923|12958|
20160322|254 |1|2|30896|1465|1200|531|2111|2343|38546|
20160322|651 |0|1|5492|203|289|246|142|176|6548|
20160322|651 |0|2|17815|528|879|156|394|1169|20941|
20160322|651 |1|1|5349|231|370|220|126|525|6821|
20160322|651 |1|2|17720|590|843|129|341|1174|20797|
20160322|685 |0|1|4014|500|984|1045|1169|118|7830|
20160322|685 |0|2|16741|1209|1435|636|2640|1103|23764|
20160322|685 |1|1|4022|527|852|940|1016|415|7772|
20160322|685 |1|2|15944|1255|1409|632|2560|1104|22904|
20160323|101 |0|1|19720|703|1241|916|319|416|23315|
20160323|101 |0|2|68377|2541|8848|824|724|3423|84737|
20160323|101 |1|1|18423|843|1255|1319|452|1607|23899|
20160323|101 |1|2|64544|2984|8945|1289|1182|3387|82331|
20160323|190 |0|1|10619|841|1461|1212|394|276|14803|
20160323|190 |0|2|39512|2686|2885|973|959|2077|49092|
20160323|190 |1|1|10560|823|1177|1410|523|909|15402|
20160323|190 |1|2|38781|2636|2915|1101|1169|2084|48686|
20160323|253 |0|1|17250|1021|1817|1548|698|486|22820|
20160323|253 |0|2|63444|2930|2062|1617|2066|4140|76259|
20160323|253 |1|1|16269|1034|1564|1685|977|1715|23244|
20160323|253 |1|2|72471|3421|2217|1695|2675|4767|87246|
20160323|254 |0|1|7752|551|967|1103|1235|248|11856|
20160323|254 |0|2|31263|1622|1232|638|2736|2435|39926|
20160323|254 |1|1|8270|648|918|1048|1069|972|12925|
20160323|254 |1|2|30666|1476|1182|554|2143|2299|38320|
20160323|651 |0|1|5315|210|266|210|121|157|6279|
20160323|651 |0|2|17744|545|874|181|361|1168|20873|
20160323|651 |1|1|5186|249|409|203|115|503|6665|
20160323|651 |1|2|17764|576|861|137|303|1151|20792|
20160323|685 |0|1|4050|447|973|963|1060|135|7628|
20160323|685 |0|2|16697|1200|1462|638|2520|1074|23591|
20160323|685 |1|1|4128|476|908|944|949|415|7820|
20160323|685 |1|2|16292|1242|1384|608|2471|1093|23090|
20160324|101 |0|1|19824|717|1259|969|333|465|23567|
20160324|101 |0|2|69610|2636|8867|880|695|3476|86164|
20160324|101 |1|1|19003|898|1310|1333|452|1611|24607|
20160324|101 |1|2|66877|3018|9102|1375|1169|3463|85004|
20160324|190 |0|1|11057|812|1416|1373|443|265|15366|
20160324|190 |0|2|40065|2629|2772|1030|876|2066|49438|
20160324|190 |1|1|11140|840|1194|1410|505|960|16049|
20160324|190 |1|2|39547|2688|2885|1188|1055|2077|49440|
20160324|253 |0|1|17548|1032|1769|1595|761|524|23229|
20160324|253 |0|2|64403|2836|1968|1597|2125|4183|77112|
20160324|253 |1|1|16277|1053|1508|1692|1046|1718|23294|
20160324|253 |1|2|73668|3292|2108|1704|2817|4822|88411|
20160324|254 |0|1|8120|546|984|1122|1314|276|12362|
20160324|254 |0|2|31425|1546|1247|661|2738|2387|40004|
20160324|254 |1|1|8508|657|907|1055|1122|968|13217|
20160324|254 |1|2|31368|1414|1195|521|2116|2290|38904|
20160324|651 |0|1|5352|223|284|201|155|141|6356|
20160324|651 |0|2|18187|542|916|184|469|1186|21484|
20160324|651 |1|1|5224|246|361|212|131|509|6683|
20160324|651 |1|2|18255|578|877|137|385|1238|21470|
20160324|685 |0|1|4015|488|993|951|1171|120|7738|
20160324|685 |0|2|16839|1154|1384|613|2651|1149|23790|
20160324|685 |1|1|3921|489|881|914|985|405|7595|
20160324|685 |1|2|16142|1195|1318|595|2522|1113|22885|
20160325|101 |0|1|22425|734|1268|930|395|472|26224|
20160325|101 |0|2|74311|2630|9533|853|701|3705|91733|
20160325|101 |1|1|21214|905|1318|1304|442|1858|27041|
20160325|101 |1|2|73145|3061|9796|1259|1100|3754|92115|
20160325|190 |0|1|13004|793|1319|1135|393|305|16949|
20160325|190 |0|2|45806|2663|2956|921|987|2239|55572|
20160325|190 |1|1|12610|773|1178|1274|487|1140|17462|
20160325|190 |1|2|44127|2681|2890|1100|1171|2294|54263|
20160325|253 |0|1|19634|1001|1695|1482|679|550|25041|
20160325|253 |0|2|68869|2888|1997|1593|2098|4333|81778|
20160325|253 |1|1|18278|1034|1520|1687|1007|1916|25442|
20160325|253 |1|2|78848|3381|2121|1686|2686|5050|93772|
20160325|254 |0|1|8465|555|900|1080|1216|271|12487|
20160325|254 |0|2|32801|1637|1319|645|2720|2404|41526|
20160325|254 |1|1|9099|653|902|1058|1115|1011|13838|
20160325|254 |1|2|33024|1467|1154|600|2107|2301|40653|
20160325|651 |0|1|7366|218|289|210|150|187|8420|
20160325|651 |0|2|23418|551|1134|189|464|1403|27159|
20160325|651 |1|1|6022|257|409|240|116|560|7604|
20160325|651 |1|2|20136|584|1098|152|410|1320|23700|
20160325|685 |0|1|4928|441|998|895|1045|141|8448|
20160325|685 |0|2|19124|1182|1433|630|2542|1207|26118|
20160325|685 |1|1|4720|472|880|938|929|495|8434|
20160325|685 |1|2|18775|1260|1398|617|2436|1252|25738|
20160326|101 |0|1|28527|460|750|454|230|390|30811|
20160326|101 |0|2|73174|1607|9090|432|448|2909|87660|
20160326|101 |1|1|24667|642|926|835|274|1900|29244|
20160326|101 |1|2|68817|2082|9103|770|757|2939|84468|
20160326|190 |0|1|16653|455|704|503|216|260|18791|
20160326|190 |0|2|46934|1370|2015|341|544|1916|53120|
20160326|190 |1|1|15181|444|658|766|300|1203|18552|
20160326|190 |1|2|44594|1507|2282|635|760|1936|51714|
20160326|253 |0|1|24767|551|896|853|402|494|27963|
20160326|253 |0|2|68065|1513|1365|924|1353|3438|76658|
20160326|253 |1|1|22438|580|949|1089|594|2027|27677|
20160326|253 |1|2|75406|1841|1511|1142|1927|4017|85844|
20160326|254 |0|1|11422|282|483|551|661|242|13641|
20160326|254 |0|2|34368|842|1043|309|1773|2129|40464|
20160326|254 |1|1|11312|356|501|606|665|1086|14526|
20160326|254 |1|2|33269|793|921|328|1335|1991|38637|
20160326|651 |0|1|11596|130|170|138|92|266|12392|
20160326|651 |0|2|32958|298|1128|97|275|1490|36246|
20160326|651 |1|1|8370|159|232|118|74|758|9711|
20160326|651 |1|2|25684|323|1115|42|200|1248|28612|
20160326|685 |0|1|7068|245|553|478|544|143|9031|
20160326|685 |0|2|19295|495|1188|312|1430|917|23637|
20160326|685 |1|1|6045|221|477|546|553|566|8408|
20160326|685 |1|2|18646|606|1247|361|1630|1041|23531|
20160327|101 |0|1|25107|266|387|252|80|341|26433|
20160327|101 |0|2|68658|808|7647|231|188|2836|80368|
20160327|101 |1|1|25598|315|600|424|90|1916|28943|
20160327|101 |1|2|68442|897|7972|433|246|2783|80773|
20160327|190 |0|1|14504|253|281|258|99|225|15620|
20160327|190 |0|2|40473|710|2084|249|172|1754|45442|
20160327|190 |1|1|15278|231|246|343|100|1172|17370|
20160327|190 |1|2|41981|589|1855|291|192|1671|46579|
20160327|253 |0|1|23825|300|332|293|170|423|25343|
20160327|253 |0|2|62439|666|804|257|483|3057|67706|
20160327|253 |1|1|23025|239|317|319|189|2045|26134|
20160327|253 |1|2|70077|640|842|227|536|3289|75611|
20160327|254 |0|1|10670|117|183|224|157|231|11582|
20160327|254 |0|2|30029|338|811|109|299|1675|33261|
20160327|254 |1|1|11374|130|189|204|176|1151|13224|
20160327|254 |1|2|30141|298|786|91|228|1690|33234|
20160327|651 |0|1|7699|74|84|29|13|185|8084|
20160327|651 |0|2|21770|137|881|30|23|1051|23892|
20160327|651 |1|1|10311|91|187|67|20|938|11614|
20160327|651 |1|2|29924|161|962|25|19|1325|32416|
20160327|685 |0|1|5747|102|200|157|187|132|6525|
20160327|685 |0|2|15496|205|1133|115|409|724|18082|
20160327|685 |1|1|6219|80|135|133|146|569|7282|
20160327|685 |1|2|17642|188|1067|127|374|759|20157|
20160328|101 |0|1|22093|779|1278|902|333|470|25855|
20160328|101 |0|2|71858|2469|8739|871|703|3604|88244|
20160328|101 |1|1|19640|844|1197|1069|384|1818|24952|
20160328|101 |1|2|67882|2854|8984|1144|1068|3671|85603|
20160328|190 |0|1|12540|768|1441|1277|397|276|16699|
20160328|190 |0|2|43161|2562|2702|964|999|2226|52614|
20160328|190 |1|1|11445|769|1039|1098|449|999|15799|
20160328|190 |1|2|38700|2499|2875|876|1050|2103|48103|
20160328|253 |0|1|18641|959|1652|1468|627|567|23914|
20160328|253 |0|2|64397|2672|1858|1556|1825|4216|76524|
20160328|253 |1|1|16720|1033|1386|1406|868|1826|23239|
20160328|253 |1|2|73615|3267|2034|1405|2304|4999|87624|
20160328|254 |0|1|8564|560|956|1127|1216|308|12731|
20160328|254 |0|2|33441|1737|1311|660|2920|2537|42606|
20160328|254 |1|1|8511|613|827|912|1043|1004|12910|
20160328|254 |1|2|31071|1400|1181|452|2109|2377|38590|
20160328|651 |0|1|6069|194|282|208|133|157|7043|
20160328|651 |0|2|18827|558|910|160|363|1220|22038|
20160328|651 |1|1|5825|239|370|204|110|592|7340|
20160328|651 |1|2|19085|587|836|131|318|1303|22260|
20160328|685 |0|1|5950|459|1087|931|1074|147|9648|
20160328|685 |0|2|16560|1046|1282|609|2246|1056|22799|
20160328|685 |1|1|4181|449|839|877|904|453|7703|
20160328|685 |1|2|16150|1137|1428|519|2175|1094|22503|
20160329|101 |0|1|19574|770|1268|999|394|397|23402|
20160329|101 |0|2|68294|2656|8858|899|835|3451|84993|
20160329|101 |1|1|18635|864|1335|1412|546|1697|24489|
20160329|101 |1|2|67428|3172|9206|1401|1302|3502|86011|
20160329|190 |0|1|11055|791|1464|1271|427|293|15301|
20160329|190 |0|2|40500|2875|2920|1086|1111|2099|50591|
20160329|190 |1|1|10654|839|1178|1437|579|941|15628|
20160329|190 |1|2|38147|2751|2911|1201|1294|2163|48467|
20160329|253 |0|1|17381|909|1574|1435|662|505|22466|
20160329|253 |0|2|64696|3019|2247|1880|2157|4143|78142|
20160329|253 |1|1|15364|1048|1464|1839|971|1618|22304|
20160329|253 |1|2|70277|3326|2063|1780|2711|4457|84614|
20160329|254 |0|1|7743|491|901|1167|1141|245|11688|
20160329|254 |0|2|31501|1703|1369|790|3073|2355|40791|
20160329|254 |1|1|8069|653|888|1128|1139|907|12784|
20160329|254 |1|2|30126|1431|1112|553|2204|2223|37649|
20160329|651 |0|1|5627|235|286|200|123|179|6650|
20160329|651 |0|2|18311|567|963|223|372|1182|21618|
20160329|651 |1|1|5406|238|401|210|112|573|6940|
20160329|651 |1|2|18022|635|870|141|344|1159|21171|
20160329|685 |0|1|4021|487|983|1023|1152|140|7806|
20160329|685 |0|2|16232|1158|1387|629|2548|1046|23000|
20160329|685 |1|1|4039|486|893|1036|978|417|7849|
20160329|685 |1|2|16305|1257|1425|656|2562|1136|23341|
20160330|101 |0|1|19411|744|1222|1036|379|425|23217|
20160330|101 |0|2|68644|2672|8979|953|747|3498|85493|
20160330|101 |1|1|18847|889|1227|1344|462|1710|24479|
20160330|101 |1|2|66440|3152|9142|1428|1233|3472|84867|
20160330|190 |0|1|8964|720|1443|1224|375|202|12928|
20160330|190 |0|2|40223|2831|2904|1041|1082|2078|50159|
20160330|190 |1|1|10780|821|1229|1492|505|961|15788|
20160330|190 |1|2|38453|2721|2847|1187|1183|2066|48457|
20160330|253 |0|1|17198|880|1525|1333|621|561|22118|
20160330|253 |0|2|63995|2986|2290|1809|2009|4224|77313|
20160330|253 |1|1|16335|1041|1509|1722|943|1758|23308|
20160330|253 |1|2|72885|3492|2186|1705|2585|4737|87590|
20160330|254 |0|1|7560|528|909|1078|1086|289|11450|
20160330|254 |0|2|31611|1684|1359|784|2831|2421|40690|
20160330|254 |1|1|8233|656|897|1038|1187|921|12932|
20160330|254 |1|2|30992|1471|1208|555|1993|2267|38486|
20160330|651 |0|1|5514|207|287|224|129|162|6523|
20160330|651 |0|2|17906|608|965|239|372|1187|21277|
20160330|651 |1|1|5290|247|388|256|106|536|6823|
20160330|651 |1|2|17956|617|957|173|315|1191|21209|
20160330|685 |0|1|4111|464|990|959|1160|118|7802|
20160330|685 |0|2|16564|1187|1491|645|2631|1090|23608|
20160330|685 |1|1|3997|439|915|988|957|393|7689|
20160330|685 |1|2|16298|1208|1406|645|2613|1145|23315|
20160331|101 |0|1|20697|758|1227|954|391|445|24472|
20160331|101 |0|2|68873|2598|8933|894|697|3419|85414|
20160331|101 |1|1|19390|875|1260|1452|480|1739|25196|
20160331|101 |1|2|68751|3111|9141|1406|1277|3518|87204|
20160331|190 |0|1|11339|734|1495|1176|412|281|15437|
20160331|190 |0|2|40326|2766|2912|1104|1144|2155|50407|
20160331|190 |1|1|10619|845|1224|1409|537|950|15584|
20160331|190 |1|2|37590|2693|2727|1145|1222|2082|47459|
20160331|253 |0|1|17453|1000|1553|1447|653|507|22613|
20160331|253 |0|2|64385|2999|2104|1730|2131|4198|77547|
20160331|253 |1|1|16519|1105|1458|1641|971|1657|23351|
20160331|253 |1|2|72586|3452|2141|1737|2530|4832|87278|
20160331|254 |0|1|7680|484|825|1064|1043|271|11367|
20160331|254 |0|2|31371|1596|1365|735|2818|2400|40285|
20160331|254 |1|1|8591|615|856|1061|1042|979|13144|
20160331|254 |1|2|31644|1407|1212|568|2033|2394|39258|
