20160401|101 |0|1|23518|772|1213|961|371|483|27318|
20160401|101 |0|2|75617|2608|9792|849|682|3706|93254|
20160401|101 |1|1|21054|863|1279|1319|460|1830|26805|
20160401|101 |1|2|72000|3097|9791|1309|1176|3839|91212|
20160401|190 |0|1|14024|755|1366|1157|434|308|18044|
20160401|190 |0|2|48168|2732|3041|1006|1064|2332|58343|
20160401|190 |1|1|12703|808|1162|1363|513|1100|17649|
20160401|190 |1|2|43648|2677|2828|1122|1108|2196|53579|
20160401|253 |0|1|19965|900|1537|1341|576|597|24916|
20160401|253 |0|2|71013|2952|2171|1662|2094|4346|84238|
20160401|253 |1|1|18091|1013|1498|1596|957|1892|25047|
20160401|253 |1|2|78300|3466|2141|1624|2594|4961|93086|
20160401|254 |0|1|8359|551|844|959|983|278|11974|
20160401|254 |0|2|33363|1706|1358|705|2724|2437|42293|
20160401|254 |1|1|9212|637|905|1023|1082|1028|13887|
20160401|254 |1|2|33253|1474|1210|568|2056|2367|40928|
20160401|651 |0|1|8020|199|254|216|116|218|9023|
20160401|651 |0|2|25446|561|1248|198|334|1449|29236|
20160401|651 |1|1|6395|225|425|187|122|623|7977|
20160401|651 |1|2|20738|587|1195|146|294|1363|24323|
20160401|685 |0|1|5217|486|1050|903|1074|127|8857|
20160401|685 |0|2|20042|1252|1476|639|2517|1208|27134|
20160401|685 |1|1|4790|491|857|952|912|469|8471|
20160401|685 |1|2|18369|1279|1417|605|2436|1271|25377|
20160402|101 |0|1|30011|446|760|450|252|390|32309|
20160402|101 |0|2|76062|1571|9151|380|384|3011|90559|
20160402|101 |1|1|26194|596|924|816|321|1990|30841|
20160402|101 |1|2|72622|2107|9263|788|722|3020|88522|
20160402|190 |0|1|18099|474|667|511|176|250|20177|
20160402|190 |0|2|47563|1251|1873|389|580|1858|53514|
20160402|190 |1|1|15791|455|615|816|314|1224|19215|
20160402|190 |1|2|45318|1416|2258|675|760|1982|52409|
20160402|253 |0|1|26059|469|701|668|355|486|28738|
20160402|253 |0|2|69709|1445|1049|628|1140|3368|77339|
20160402|253 |1|1|22670|530|814|925|579|2134|27652|
20160402|253 |1|2|75820|1748|1209|769|1648|3957|85151|
20160402|254 |0|1|11333|255|524|508|558|252|13430|
20160402|254 |0|2|35737|905|1060|338|1665|2089|41794|
20160402|254 |1|1|11763|362|527|620|632|1221|15125|
20160402|254 |1|2|34215|857|928|339|1213|2061|39613|
20160402|651 |0|1|11839|109|150|128|70|276|12572|
20160402|651 |0|2|33073|331|1109|119|256|1469|36357|
20160402|651 |1|1|9544|156|237|96|72|835|10940|
20160402|651 |1|2|27217|364|1131|59|218|1342|30331|
20160402|685 |0|1|8361|332|661|489|642|154|10639|
20160402|685 |0|2|18957|379|1031|250|1266|854|22737|
20160402|685 |1|1|6356|203|468|545|567|543|8682|
20160402|685 |1|2|18776|525|1166|345|1540|966|23318|
20160403|101 |0|1|25446|267|395|208|75|332|26723|
20160403|101 |0|2|68188|873|7604|255|202|2719|79841|
20160403|101 |1|1|26773|305|636|375|92|1897|30078|
20160403|101 |1|2|69018|957|8468|496|269|2632|81840|
20160403|190 |0|1|15322|262|302|239|70|227|16422|
20160403|190 |0|2|41429|736|2207|254|140|1694|46460|
20160403|190 |1|1|16152|231|262|348|81|1172|18246|
20160403|190 |1|2|42961|620|1790|293|174|1619|47457|
20160403|253 |0|1|23675|242|293|223|92|411|24936|
20160403|253 |0|2|62614|697|776|250|403|3124|67864|
20160403|253 |1|1|23602|221|285|242|136|2023|26509|
20160403|253 |1|2|69355|693|763|231|390|3171|74603|
20160403|254 |0|1|10273|126|177|165|131|210|11082|
20160403|254 |0|2|29184|366|786|98|298|1585|32317|
20160403|254 |1|1|11463|145|200|177|148|1151|13284|
20160403|254 |1|2|30053|285|787|89|242|1622|33078|
20160403|651 |0|1|7242|51|56|39|19|171|7578|
20160403|651 |0|2|20727|104|853|30|34|966|22714|
20160403|651 |1|1|10425|75|191|52|19|813|11575|
20160403|651 |1|2|28935|125|886|20|21|1231|31218|
20160403|685 |0|1|6056|71|151|162|195|90|6725|
20160403|685 |0|2|16009|184|1105|112|338|779|18527|
20160403|685 |1|1|7108|80|131|151|170|583|8223|
20160403|685 |1|2|19763|176|1021|103|312|837|22212|
20160404|101 |0|1|23353|741|1247|940|349|496|27126|
20160404|101 |0|2|66427|2257|8563|841|606|3467|82161|
20160404|101 |1|1|19172|759|1144|976|373|1700|24124|
20160404|101 |1|2|65081|2737|9058|1095|998|3491|82460|
20160404|190 |0|1|12930|723|1319|1140|330|279|16721|
20160404|190 |0|2|43003|2604|2759|1043|966|2222|52597|
20160404|190 |1|1|11990|739|1108|1068|397|1011|16313|
20160404|190 |1|2|40503|2538|2884|906|1046|2296|50173|
20160404|253 |0|1|19055|908|1528|1392|586|503|23972|
20160404|253 |0|2|65995|2772|1936|1588|1912|4267|78470|
20160404|253 |1|1|17204|978|1384|1376|829|1780|23551|
20160404|253 |1|2|73747|3274|2091|1486|2469|4964|88031|
20160404|254 |0|1|8519|542|920|1126|1008|283|12398|
20160404|254 |0|2|33255|1675|1386|738|2770|2525|42349|
20160404|254 |1|1|8792|622|815|922|967|921|13039|
20160404|254 |1|2|30910|1437|1186|457|1853|2268|38111|
20160404|651 |0|1|6110|198|260|182|113|162|7025|
20160404|651 |0|2|19199|541|963|171|438|1290|22602|
20160404|651 |1|1|5848|224|400|204|96|531|7303|
20160404|651 |1|2|19091|614|863|133|332|1304|22337|
20160404|685 |0|1|6044|524|1173|875|971|175|9762|
20160404|685 |0|2|16450|1044|1235|600|2179|1009|22517|
20160404|685 |1|1|4149|458|802|869|852|433|7563|
20160404|685 |1|2|16100|1143|1420|548|2194|1085|22490|
20160405|101 |0|1|20714|713|1258|1027|368|425|24505|
20160405|101 |0|2|70255|2726|8928|991|690|3480|87070|
20160405|101 |1|1|19291|867|1278|1355|457|1612|24860|
20160405|101 |1|2|66817|3139|9225|1355|1180|3458|85174|
20160405|190 |0|1|12039|805|1431|1200|384|265|16124|
20160405|190 |0|2|41262|2846|2817|1130|1085|2069|51209|
20160405|190 |1|1|11712|832|1193|1409|473|979|16598|
20160405|190 |1|2|39504|2793|2855|1325|1288|2114|49879|
20160405|253 |0|1|18020|920|1510|1336|618|500|22904|
20160405|253 |0|2|64560|2936|1662|1365|2029|4167|76719|
20160405|253 |1|1|17302|1073|1368|1628|907|1783|24061|
20160405|253 |1|2|74257|3469|1800|1406|2488|4710|88130|
20160405|254 |0|1|8003|530|929|1018|1056|260|11796|
20160405|254 |0|2|32154|1693|1381|778|2947|2431|41384|
20160405|254 |1|1|8427|648|860|1069|1081|912|12997|
20160405|254 |1|2|30860|1510|1191|597|2201|2287|38646|
20160405|651 |0|1|5985|202|270|203|135|182|6977|
20160405|651 |0|2|19050|554|974|207|487|1235|22507|
20160405|651 |1|1|5748|247|395|188|137|534|7249|
20160405|651 |1|2|18985|592|883|149|415|1266|22290|
20160405|685 |0|1|4255|487|962|973|1047|111|7835|
20160405|685 |0|2|16825|1174|1365|622|2563|1058|23607|
20160405|685 |1|1|4210|513|880|937|961|384|7885|
20160405|685 |1|2|16527|1248|1319|632|2505|1103|23334|
20160406|101 |0|1|20510|774|1318|929|363|422|24316|
20160406|101 |0|2|68895|2634|9325|916|744|3388|85902|
20160406|101 |1|1|19532|921|1347|1309|490|1749|25348|
20160406|101 |1|2|69658|3157|9383|1446|1183|3522|88349|
20160406|190 |0|1|11149|792|1396|1177|391|267|15172|
20160406|190 |0|2|40549|2731|3004|1077|1092|2052|50505|
20160406|190 |1|1|11291|838|1175|1393|507|912|16116|
20160406|190 |1|2|39589|2774|2958|1234|1283|2083|49921|
20160406|253 |0|1|17667|1024|1553|1426|658|509|22837|
20160406|253 |0|2|63161|2948|2241|1765|2166|4035|76316|
20160406|253 |1|1|16932|1069|1532|1639|935|1728|23835|
20160406|253 |1|2|74169|3467|2277|1801|2751|4783|89248|
20160406|254 |0|1|7616|533|904|1038|1032|254|11377|
20160406|254 |0|2|30933|1664|1305|771|2835|2325|39833|
20160406|254 |1|1|8370|661|865|1024|968|897|12785|
20160406|254 |1|2|30467|1484|1181|552|2141|2215|38040|
20160406|651 |0|1|5764|205|295|214|111|176|6765|
20160406|651 |0|2|19337|555|1028|215|434|1236|22805|
20160406|651 |1|1|5629|251|382|204|128|541|7135|
20160406|651 |1|2|19085|590|954|153|357|1205|22344|
20160406|685 |0|1|4134|483|963|980|1107|111|7778|
20160406|685 |0|2|16532|1178|1446|590|2566|1130|23442|
20160406|685 |1|1|4254|484|914|893|947|427|7919|
20160406|685 |1|2|16364|1213|1400|650|2607|1089|23323|
20160407|101 |0|1|20138|655|1131|900|353|420|23597|
20160407|101 |0|2|68933|2470|9096|900|735|3428|85562|
20160407|101 |1|1|19279|757|1184|1185|409|1640|24454|
20160407|101 |1|2|68753|2894|9287|1316|1096|3528|86874|
20160407|190 |0|1|10695|707|1315|1143|368|244|14472|
20160407|190 |0|2|39169|2582|2946|1079|1058|1971|48805|
20160407|190 |1|1|10881|726|1153|1265|470|940|15435|
20160407|190 |1|2|39098|2541|2954|1172|1216|2017|48998|
20160407|253 |0|1|17093|928|1556|1350|649|482|22058|
20160407|253 |0|2|63606|2908|2090|1665|2030|4044|76343|
20160407|253 |1|1|16233|975|1360|1476|948|1720|22712|
20160407|253 |1|2|72325|3417|2168|1685|2389|4742|86726|
20160407|254 |0|1|7506|495|884|1014|953|273|11125|
20160407|254 |0|2|31313|1622|1347|750|2787|2382|40201|
20160407|254 |1|1|8476|648|881|988|1132|927|13052|
20160407|254 |1|2|31294|1442|1242|567|2015|2387|38947|
20160407|651 |0|1|5511|185|228|193|98|199|6414|
20160407|651 |0|2|19205|490|1004|218|322|1190|22429|
20160407|651 |1|1|5332|215|356|226|93|506|6728|
20160407|651 |1|2|18973|544|911|148|256|1198|22030|
20160407|685 |0|1|3981|437|935|961|1014|130|7458|
20160407|685 |0|2|16366|1173|1477|630|2480|1060|23186|
20160407|685 |1|1|3910|473|814|944|825|442|7408|
20160407|685 |1|2|15821|1195|1405|601|2440|1066|22528|
20160408|101 |0|1|24163|688|1246|897|340|515|27849|
20160408|101 |0|2|77224|2623|10037|878|753|3714|95229|
20160408|101 |1|1|21701|848|1304|1242|423|1947|27465|
20160408|101 |1|2|74113|3010|10271|1329|1202|3805|93730|
20160408|190 |0|1|13946|758|1373|1122|362|305|17866|
20160408|190 |0|2|48586|2751|2975|1078|1207|2356|58953|
20160408|190 |1|1|12415|806|1144|1256|502|1080|17203|
20160408|190 |1|2|43294|2713|2877|1206|1359|2229|53678|
20160408|253 |0|1|20587|998|1509|1363|700|585|25742|
20160408|253 |0|2|71263|2893|2177|1650|2093|4443|84519|
20160408|253 |1|1|18588|1093|1461|1548|999|1943|25632|
20160408|253 |1|2|78321|3369|2392|1729|2620|5156|93587|
20160408|254 |0|1|8542|528|883|958|1043|307|12261|
20160408|254 |0|2|34154|1705|1354|726|2898|2460|43297|
20160408|254 |1|1|8989|660|890|1035|1180|984|13738|
20160408|254 |1|2|32654|1531|1182|592|2084|2369|40412|
20160408|651 |0|1|8631|229|285|221|143|231|9740|
20160408|651 |0|2|27362|552|1202|212|385|1498|31211|
20160408|651 |1|1|6622|245|399|225|164|624|8279|
20160408|651 |1|2|22215|602|1168|167|320|1372|25844|
20160408|685 |0|1|5174|464|986|972|1081|158|8835|
20160408|685 |0|2|19996|1194|1515|623|2575|1238|27141|
20160408|685 |1|1|4662|465|831|952|901|454|8265|
20160408|685 |1|2|18235|1259|1418|653|2497|1200|25262|
20160409|101 |0|1|29583|454|780|450|234|420|31921|
20160409|101 |0|2|75118|1567|9818|461|427|2945|90336|
20160409|101 |1|1|26558|603|945|819|277|2012|31214|
20160409|101 |1|2|73410|2178|9805|797|732|3099|90021|
20160409|190 |0|1|17791|461|645|482|232|257|19868|
20160409|190 |0|2|46119|1281|2245|366|555|1895|52461|
20160409|190 |1|1|15510|388|624|717|312|1214|18765|
20160409|190 |1|2|44578|1441|2541|660|784|1977|51981|
20160409|253 |0|1|25570|480|718|605|359|500|28232|
20160409|253 |0|2|67911|1401|1146|610|1204|3434|75706|
20160409|253 |1|1|22678|526|741|889|568|2148|27550|
20160409|253 |1|2|75344|1774|1334|815|1788|3929|84984|
20160409|254 |0|1|11077|266|492|517|549|259|13160|
20160409|254 |0|2|34976|908|1083|347|1746|2050|41110|
20160409|254 |1|1|11352|379|521|618|544|1200|14614|
20160409|254 |1|2|33505|860|1004|368|1286|2002|39025|
20160409|651 |0|1|11809|143|161|114|75|255|12557|
20160409|651 |0|2|32737|291|1169|106|248|1416|35967|
20160409|651 |1|1|9166|165|239|113|68|806|10557|
20160409|651 |1|2|26418|346|1082|70|210|1267|29393|
20160409|685 |0|1|8263|222|613|472|539|159|10268|
20160409|685 |0|2|17693|418|1100|272|1197|816|21496|
20160409|685 |1|1|6165|213|429|513|503|580|8403|
20160409|685 |1|2|18556|540|1268|369|1542|960|23235|
20160410|101 |0|1|25249|256|417|226|69|334|26551|
20160410|101 |0|2|69034|861|8054|268|209|2905|81331|
20160410|101 |1|1|26719|340|671|422|97|2075|30324|
20160410|101 |1|2|71040|993|8861|516|309|2664|84383|
20160410|190 |0|1|14527|222|321|234|57|202|15563|
20160410|190 |0|2|39703|669|2208|244|192|1767|44783|
20160410|190 |1|1|16019|198|240|321|75|1130|17983|
20160410|190 |1|2|43309|571|1831|298|187|1798|47994|
20160410|253 |0|1|22571|261|332|233|190|426|24013|
20160410|253 |0|2|61202|688|1006|253|491|3044|66684|
20160410|253 |1|1|24364|247|302|289|229|1999|27430|
20160410|253 |1|2|72066|632|986|228|521|3302|77735|
20160410|254 |0|1|9927|99|161|172|127|197|10683|
20160410|254 |0|2|29032|330|790|115|365|1709|32341|
20160410|254 |1|1|11260|136|193|173|126|1065|12953|
20160410|254 |1|2|29434|279|777|92|280|1707|32569|
20160410|651 |0|1|8044|66|73|34|30|196|8443|
20160410|651 |0|2|22105|145|842|36|46|1068|24242|
20160410|651 |1|1|10830|86|139|75|26|917|12073|
20160410|651 |1|2|31167|169|892|27|37|1300|33592|
20160410|685 |0|1|5333|78|151|152|201|110|6025|
20160410|685 |0|2|14648|182|1120|112|488|757|17307|
20160410|685 |1|1|6991|79|141|155|177|618|8161|
20160410|685 |1|2|20269|183|1164|113|446|929|23104|
20160411|101 |0|1|21883|684|1365|917|399|440|25688|
20160411|101 |0|2|71843|2383|8960|893|804|3617|88500|
20160411|101 |1|1|20034|788|1217|1116|412|1819|25386|
20160411|101 |1|2|67989|2801|9194|1213|1168|3556|85921|
20160411|190 |0|1|12607|744|1385|1221|343|281|16581|
20160411|190 |0|2|41039|2591|2698|1065|1014|2072|50479|
20160411|190 |1|1|11850|786|1068|1116|418|1005|16243|
20160411|190 |1|2|40176|2564|2932|924|1174|2191|49961|
20160411|253 |0|1|19019|950|1505|1451|625|544|24094|
20160411|253 |0|2|65880|2847|2012|1702|2116|4266|78823|
20160411|253 |1|1|17239|977|1363|1375|894|1778|23626|
20160411|253 |1|2|74138|3279|2127|1503|2510|4992|88549|
20160411|254 |0|1|8207|538|912|1031|1057|293|12038|
20160411|254 |0|2|33210|1653|1418|706|2940|2519|42446|
20160411|254 |1|1|8637|628|786|868|964|959|12842|
20160411|254 |1|2|31314|1442|1257|477|2111|2312|38913|
20160411|651 |0|1|6424|172|277|199|108|192|7372|
20160411|651 |0|2|19890|537|1009|186|322|1306|23250|
20160411|651 |1|1|7704|261|517|238|165|704|9589|
20160411|651 |1|2|18741|530|782|131|222|1267|21673|
20160411|685 |0|1|5658|474|1072|948|976|142|9270|
20160411|685 |0|2|16994|1066|1355|659|2472|1067|23613|
20160411|685 |1|1|4474|473|799|902|792|439|7879|
20160411|685 |1|2|16769|1206|1398|557|2441|1140|23511|
20160412|101 |0|1|21670|770|1287|996|398|490|25611|
20160412|101 |0|2|72125|2680|9398|963|814|3616|89596|
20160412|101 |1|1|20560|907|1344|1418|501|1812|26542|
20160412|101 |1|2|70830|3178|9766|1477|1305|3651|90207|
20160412|190 |0|1|12108|771|1449|1191|391|322|16232|
20160412|190 |0|2|43240|2769|2974|1170|1063|2226|53442|
20160412|190 |1|1|12044|838|1278|1408|487|1074|17129|
20160412|190 |1|2|42797|2794|2920|1332|1240|2249|53332|
20160412|253 |0|1|18233|1005|1691|1497|682|509|23617|
20160412|253 |0|2|66145|3022|2326|1846|2220|4203|79762|
20160412|253 |1|1|18058|1193|1579|1773|1014|1833|25450|
20160412|253 |1|2|77133|3598|2394|1898|2876|4954|92853|
20160412|254 |0|1|7849|519|925|1109|1086|279|11767|
20160412|254 |0|2|33025|1792|1437|808|3091|2512|42665|
20160412|254 |1|1|8960|676|987|1146|1064|992|13825|
20160412|254 |1|2|32824|1535|1312|621|2369|2455|41116|
20160412|651 |0|1|6983|200|281|190|123|170|7947|
20160412|651 |0|2|22545|599|1025|238|340|1395|26142|
20160412|651 |1|1|6226|223|424|228|119|591|7811|
20160412|651 |1|2|21241|607|1039|170|285|1330|24672|
20160412|685 |0|1|4419|500|1085|1015|1248|135|8402|
20160412|685 |0|2|17226|1209|1488|651|2726|1094|24394|
20160412|685 |1|1|4700|509|946|1036|987|420|8598|
20160412|685 |1|2|18064|1328|1454|706|2756|1168|25476|
20160413|101 |0|1|20324|535|955|658|264|356|23092|
20160413|101 |0|2|62376|2033|6825|701|633|2797|75365|
20160413|101 |1|1|19877|660|990|937|314|1651|24429|
20160413|101 |1|2|62294|2347|6827|1071|904|2754|76197|
20160413|190 |0|1|10663|505|1004|852|276|237|13537|
20160413|190 |0|2|36061|1941|2305|774|654|1621|43356|
20160413|190 |1|1|10631|507|820|954|358|842|14112|
20160413|190 |1|2|35790|1887|2334|927|763|1704|43405|
20160413|253 |0|1|17701|606|962|814|387|428|20898|
20160413|253 |0|2|56613|1921|1020|817|1477|3153|65001|
20160413|253 |1|1|16760|645|865|964|546|1685|21465|
20160413|253 |1|2|62791|2196|1095|896|1894|3630|72502|
20160413|254 |0|1|7914|329|516|561|541|237|10098|
20160413|254 |0|2|28035|1028|1018|403|1773|1835|34092|
20160413|254 |1|1|8685|409|539|608|533|909|11683|
20160413|254 |1|2|28196|977|910|419|1320|1870|33692|
20160413|651 |0|1|7493|157|208|136|70|185|8249|
20160413|651 |0|2|23056|424|786|160|216|1128|25770|
20160413|651 |1|1|7248|212|318|156|66|657|8657|
20160413|651 |1|2|23276|460|736|121|176|1174|25943|
20160413|685 |0|1|3989|244|580|511|538|97|5959|
20160413|685 |0|2|14172|693|1188|333|1632|811|18829|
20160413|685 |1|1|4004|274|559|569|538|408|6352|
20160413|685 |1|2|14617|757|1179|363|1772|883|19571|
20160414|101 |0|1|21282|782|1227|891|351|435|24968|
20160414|101 |0|2|71410|2663|9310|886|737|3465|88471|
20160414|101 |1|1|18503|818|1192|1091|354|1586|23544|
20160414|101 |1|2|66629|3056|9544|1246|1124|3371|84970|
20160414|190 |0|1|11500|710|1454|1202|406|295|15567|
20160414|190 |0|2|43544|2749|2924|1106|1035|2172|53530|
20160414|190 |1|1|11082|722|1164|1108|477|979|15532|
20160414|190 |1|2|40334|2716|2905|1103|1100|2100|50258|
20160414|253 |0|1|17807|982|1544|1398|639|463|22833|
20160414|253 |0|2|64890|2876|2170|1756|2098|4103|77893|
20160414|253 |1|1|16440|1074|1453|1456|874|1748|23045|
20160414|253 |1|2|74910|3556|2375|1603|2557|4946|89947|
20160414|254 |0|1|8174|556|1000|1095|1106|290|12221|
20160414|254 |0|2|33318|1762|1448|821|3115|2494|42958|
20160414|254 |1|1|8508|661|967|920|994|986|13036|
20160414|254 |1|2|31576|1519|1261|616|2270|2273|39515|
20160414|651 |0|1|6142|223|270|177|95|162|7069|
20160414|651 |0|2|20824|615|1034|219|336|1280|24308|
20160414|651 |1|1|5861|256|444|178|123|580|7442|
20160414|651 |1|2|20770|611|950|162|305|1348|24146|
20160414|685 |0|1|5807|530|1105|937|1189|153|9721|
20160414|685 |0|2|15285|987|1240|580|2298|923|21313|
20160414|685 |1|1|4123|441|831|875|901|411|7582|
20160414|685 |1|2|16350|1180|1490|562|2474|1050|23106|
20160415|101 |0|1|22591|765|1242|953|350|490|26391|
20160415|101 |0|2|75908|2758|10097|971|837|3780|94351|
20160415|101 |1|1|21107|890|1314|1298|463|1821|26893|
20160415|101 |1|2|71809|3142|10346|1459|1283|3647|91686|
20160415|190 |0|1|13378|752|1425|1203|418|323|17499|
20160415|190 |0|2|48133|2774|3031|1096|1146|2348|58528|
20160415|190 |1|1|12162|833|1261|1364|544|1111|17275|
20160415|190 |1|2|43663|2742|2709|1247|1286|2382|54029|
20160415|253 |0|1|19808|1030|1673|1460|678|576|25225|
20160415|253 |0|2|69538|3024|2184|1684|2223|4393|83046|
20160415|253 |1|1|18603|1092|1494|1593|934|1916|25632|
20160415|253 |1|2|79986|3555|2373|1838|2922|5273|95947|
20160415|254 |0|1|8379|535|938|1053|1090|284|12279|
20160415|254 |0|2|33147|1680|1404|749|3066|2420|42466|
20160415|254 |1|1|9224|715|896|1157|1068|1020|14080|
20160415|254 |1|2|33233|1548|1237|611|2143|2391|41163|
20160415|651 |0|1|8084|204|302|224|115|201|9130|
20160415|651 |0|2|26771|597|1195|233|414|1458|30668|
20160415|651 |1|1|6504|253|458|212|117|614|8158|
20160415|651 |1|2|22411|631|1193|164|356|1394|26149|
20160415|685 |0|1|5108|471|1027|904|1120|149|8779|
20160415|685 |0|2|19481|1188|1517|644|2561|1227|26618|
20160415|685 |1|1|5002|501|969|989|919|518|8898|
20160415|685 |1|2|18892|1300|1437|678|2652|1227|26186|
20160416|101 |0|1|27398|513|793|458|248|365|29775|
20160416|101 |0|2|72534|1628|9756|497|438|2748|87601|
20160416|101 |1|1|24244|590|932|828|306|1856|28756|
20160416|101 |1|2|68828|2201|9790|844|749|2927|85339|
20160416|190 |0|1|15910|417|657|505|212|248|17949|
20160416|190 |0|2|45216|1349|2146|395|569|1834|51509|
20160416|190 |1|1|14433|430|594|756|297|1124|17634|
20160416|190 |1|2|42902|1486|2330|692|782|1919|50111|
20160416|253 |0|1|24676|514|735|637|351|466|27379|
20160416|253 |0|2|66113|1441|1243|580|1339|3264|73980|
20160416|253 |1|1|21694|537|768|905|522|1949|26375|
20160416|253 |1|2|74244|1818|1384|795|1902|3906|84049|
20160416|254 |0|1|10383|288|517|518|576|248|12530|
20160416|254 |0|2|33179|841|1136|371|1682|1944|39153|
20160416|254 |1|1|11380|364|552|660|568|1145|14669|
20160416|254 |1|2|32884|804|1014|384|1295|1904|38285|
20160416|651 |0|1|11011|131|180|116|88|262|11788|
20160416|651 |0|2|31960|365|1177|97|266|1393|35258|
20160416|651 |1|1|8299|186|262|126|71|753|9697|
20160416|651 |1|2|25966|368|1094|60|225|1185|28898|
20160416|685 |0|1|6553|196|477|429|507|123|8285|
20160416|685 |0|2|18585|500|1279|272|1405|829|22870|
20160416|685 |1|1|6072|213|474|559|507|496|8321|
20160416|685 |1|2|18269|570|1263|349|1644|957|23052|
20160417|101 |0|1|23793|285|442|194|57|301|25072|
20160417|101 |0|2|66665|955|7953|253|217|2800|78843|
20160417|101 |1|1|24393|314|725|404|80|1789|27705|
20160417|101 |1|2|65516|1045|8716|536|260|2579|78652|
20160417|190 |0|1|13459|229|277|228|50|200|14443|
20160417|190 |0|2|37607|726|2303|262|123|1614|42635|
20160417|190 |1|1|14456|194|246|299|63|1111|16369|
20160417|190 |1|2|40425|634|2040|326|135|1621|45181|
20160417|253 |0|1|21975|244|308|188|75|364|23154|
20160417|253 |0|2|59722|671|905|249|320|3058|64925|
20160417|253 |1|1|22305|197|293|258|122|1878|25053|
20160417|253 |1|2|69089|712|978|235|331|3189|74534|
20160417|254 |0|1|9527|82|157|170|120|184|10240|
20160417|254 |0|2|28409|326|910|114|295|1631|31685|
20160417|254 |1|1|10320|115|172|160|96|1035|11898|
20160417|254 |1|2|27415|262|846|95|205|1640|30463|
20160417|651 |0|1|7438|65|74|41|26|165|7809|
20160417|651 |0|2|20747|141|926|38|45|1014|22911|
20160417|651 |1|1|10024|72|170|67|14|797|11144|
20160417|651 |1|2|28860|182|912|27|27|1240|31248|
20160417|685 |0|1|5288|71|146|159|111|99|5874|
20160417|685 |0|2|14624|158|1183|100|305|728|17098|
20160417|685 |1|1|5966|78|136|152|100|501|6933|
20160417|685 |1|2|17334|176|1154|100|237|757|19758|
20160418|101 |0|1|21232|685|1196|893|293|425|24724|
20160418|101 |0|2|71779|2500|9295|909|718|3705|88906|
20160418|101 |1|1|19171|765|1146|993|341|1741|24157|
20160418|101 |1|2|66433|2821|9505|1128|1092|3465|84444|
20160418|190 |0|1|12036|697|1289|1195|342|266|15825|
20160418|190 |0|2|43139|2666|2766|1118|1039|2196|52924|
20160418|190 |1|1|11438|693|1074|1066|397|983|15651|
20160418|190 |1|2|39118|2528|2867|924|1109|2210|48756|
20160418|253 |0|1|19097|968|1496|1462|665|582|24270|
20160418|253 |0|2|65157|2658|2118|1647|1969|4228|77777|
20160418|253 |1|1|16819|959|1314|1301|853|1809|23055|
20160418|253 |1|2|73235|3244|2310|1487|2511|4852|87639|
20160418|254 |0|1|8207|495|912|1038|1000|249|11901|
20160418|254 |0|2|32650|1691|1431|752|2965|2495|41984|
20160418|254 |1|1|8559|624|836|906|946|914|12785|
20160418|254 |1|2|30748|1462|1241|475|2078|2305|38309|
20160418|651 |0|1|6315|204|286|190|93|172|7260|
20160418|651 |0|2|20125|558|1109|194|331|1331|23648|
20160418|651 |1|1|6177|246|396|181|97|601|7698|
20160418|651 |1|2|20335|610|1026|153|285|1394|23803|
20160418|685 |0|1|6426|502|1083|925|1039|174|10149|
20160418|685 |0|2|15904|990|1186|622|2283|977|21962|
20160418|685 |1|1|4346|453|803|838|772|445|7657|
20160418|685 |1|2|16288|1167|1449|577|2308|1097|22886|
20160419|101 |0|1|23198|841|1327|1000|395|463|27224|
20160419|101 |0|2|65758|2557|9538|930|827|3345|82955|
20160419|101 |1|1|18647|868|1369|1282|439|1656|24261|
20160419|101 |1|2|67504|3217|9849|1421|1320|3580|86891|
20160419|190 |0|1|11172|796|1422|1255|406|280|15331|
20160419|190 |0|2|40854|2705|3018|1209|1091|2020|50897|
20160419|190 |1|1|11111|867|1138|1425|544|991|16076|
20160419|190 |1|2|39255|2701|3091|1293|1315|2056|49711|
20160419|253 |0|1|17633|989|1656|1490|700|517|22985|
20160419|253 |0|2|64558|2914|2343|1791|2447|4178|78231|
20160419|253 |1|1|16169|990|1523|1593|901|1691|22867|
20160419|253 |1|2|73094|3375|2501|1879|2911|4710|88470|
20160419|254 |0|1|7721|519|932|1070|1007|289|11538|
20160419|254 |0|2|31904|1731|1409|755|2914|2435|41148|
20160419|254 |1|1|8305|636|927|1026|1012|966|12872|
20160419|254 |1|2|31269|1550|1343|586|2242|2362|39352|
20160419|651 |0|1|6180|185|276|187|112|178|7118|
20160419|651 |0|2|20504|563|1107|201|388|1295|24058|
20160419|651 |1|1|6002|233|383|162|120|574|7474|
20160419|651 |1|2|19991|610|1027|153|339|1288|23408|
20160419|685 |0|1|4171|474|952|978|1178|115|7868|
20160419|685 |0|2|16738|1164|1497|650|2641|1144|23834|
20160419|685 |1|1|4027|485|879|939|870|414|7614|
20160419|685 |1|2|15936|1228|1448|683|2627|1088|23010|
20160420|101 |0|1|19284|693|1246|983|335|387|22928|
20160420|101 |0|2|68318|2665|9759|958|839|3283|85822|
20160420|101 |1|1|19025|879|1341|1233|437|1677|24592|
20160420|101 |1|2|68940|3293|10250|1476|1419|3519|88897|
20160420|190 |0|1|10773|714|1377|1171|376|250|14661|
20160420|190 |0|2|40860|2730|3067|1119|1129|2169|51074|
20160420|190 |1|1|11091|831|1241|1357|555|947|16022|
20160420|190 |1|2|39169|2700|2990|1246|1282|2117|49504|
20160420|253 |0|1|17196|964|1605|1442|559|518|22284|
20160420|253 |0|2|64158|3125|2390|1759|2171|4061|77664|
20160420|253 |1|1|16557|1021|1545|1525|934|1655|23237|
20160420|253 |1|2|69415|3420|2470|1739|2688|4525|84257|
20160420|254 |0|1|7778|528|908|1022|1038|275|11549|
20160420|254 |0|2|31940|1735|1456|797|2902|2447|41277|
20160420|254 |1|1|8141|623|893|1101|1060|934|12752|
20160420|254 |1|2|30985|1543|1288|632|2093|2231|38772|
20160420|651 |0|1|6039|184|284|190|83|134|6914|
20160420|651 |0|2|19866|596|1133|199|345|1227|23366|
20160420|651 |1|1|5749|204|392|202|93|509|7149|
20160420|651 |1|2|19827|586|1071|152|310|1274|23220|
20160420|685 |0|1|4188|464|980|983|1145|127|7887|
20160420|685 |0|2|16680|1159|1510|651|2695|1118|23813|
20160420|685 |1|1|4077|444|885|984|841|394|7625|
20160420|685 |1|2|15825|1238|1461|666|2618|1082|22890|
20160421|101 |0|1|19064|641|1122|844|290|373|22334|
20160421|101 |0|2|67655|2511|9603|944|795|3435|84943|
20160421|101 |1|1|18446|744|1254|1229|375|1648|23696|
20160421|101 |1|2|66783|2987|9904|1306|1155|3501|85636|
20160421|190 |0|1|10437|639|1259|1099|373|256|14063|
20160421|190 |0|2|38213|2598|2978|1071|987|2017|47864|
20160421|190 |1|1|10679|716|1076|1252|502|961|15186|
20160421|190 |1|2|39069|2610|3067|1148|1116|2093|49103|
20160421|253 |0|1|16477|845|1478|1288|568|466|21122|
20160421|253 |0|2|61122|2692|2389|1741|1879|3929|73752|
20160421|253 |1|1|15623|870|1329|1396|798|1644|21660|
20160421|253 |1|2|70837|3186|2532|1760|2330|4643|85288|
20160421|254 |0|1|7338|462|906|978|957|248|10889|
20160421|254 |0|2|30074|1526|1440|736|2679|2364|38819|
20160421|254 |1|1|8056|599|836|1022|902|885|12300|
20160421|254 |1|2|30195|1392|1296|589|1951|2257|37680|
20160421|651 |0|1|5737|165|276|179|96|152|6605|
20160421|651 |0|2|19264|569|1214|199|311|1189|22746|
20160421|651 |1|1|5560|215|379|176|78|528|6936|
20160421|651 |1|2|19076|573|1121|170|258|1256|22454|
20160421|685 |0|1|3702|385|874|800|984|122|6867|
20160421|685 |0|2|15143|1046|1458|681|2325|1000|21653|
20160421|685 |1|1|3931|448|811|911|783|371|7255|
20160421|685 |1|2|15875|1138|1481|637|2375|1060|22566|
20160422|101 |0|1|23175|706|1180|899|297|502|26759|
20160422|101 |0|2|76827|2652|10713|917|799|3757|95665|
20160422|101 |1|1|20941|859|1295|1300|396|1886|26677|
20160422|101 |1|2|73769|3095|10729|1406|1243|3783|94025|
20160422|190 |0|1|13649|740|1346|1144|368|316|17563|
20160422|190 |0|2|48120|2743|3048|1084|1182|2338|58515|
20160422|190 |1|1|12309|792|1110|1324|467|1095|17097|
20160422|190 |1|2|42453|2676|2882|1196|1259|2165|52631|
20160422|253 |0|1|20077|960|1454|1251|596|589|24927|
20160422|253 |0|2|75172|3100|2423|1821|2063|4677|89256|
20160422|253 |1|1|17739|998|1451|1544|861|1913|24506|
20160422|253 |1|2|72520|3161|2351|1801|2616|4660|87109|
20160422|254 |0|1|8288|551|886|1030|1041|263|12059|
20160422|254 |0|2|33017|1691|1405|735|2802|2462|42112|
20160422|254 |1|1|9062|661|880|1039|976|982|13600|
20160422|254 |1|2|32915|1555|1214|641|2144|2374|40843|
20160422|651 |0|1|8756|208|267|192|102|259|9784|
20160422|651 |0|2|28826|592|1332|228|473|1508|32959|
20160422|651 |1|1|6792|249|421|192|125|646|8425|
20160422|651 |1|2|22933|613|1325|157|382|1387|26797|
20160422|685 |0|1|5373|466|939|949|1018|149|8894|
20160422|685 |0|2|20166|1186|1543|665|2630|1181|27371|
20160422|685 |1|1|5046|497|892|964|851|492|8742|
20160422|685 |1|2|18921|1206|1494|655|2499|1268|26043|
20160423|101 |0|1|28128|461|767|451|212|395|30414|
20160423|101 |0|2|75624|1684|9863|512|453|2998|91134|
20160423|101 |1|1|25295|604|919|853|270|2022|29963|
20160423|101 |1|2|72454|2166|9833|853|760|3004|89070|
20160423|190 |0|1|16698|442|637|450|185|254|18666|
20160423|190 |0|2|46896|1309|2173|388|665|1963|53394|
20160423|190 |1|1|14934|440|581|692|293|1149|18089|
20160423|190 |1|2|43471|1443|2398|678|861|1986|50837|
20160423|253 |0|1|25767|542|827|772|385|471|28764|
20160423|253 |0|2|76778|1629|1633|1026|1438|3803|86307|
20160423|253 |1|1|22123|557|928|1015|585|1996|27204|
20160423|253 |1|2|68046|1693|1652|1242|1967|3584|78184|
20160423|254 |0|1|11093|298|495|538|538|286|13248|
20160423|254 |0|2|34603|914|1172|381|1645|2047|40762|
20160423|254 |1|1|11334|441|542|624|568|1241|14750|
20160423|254 |1|2|33453|883|1071|397|1238|1994|39036|
20160423|651 |0|1|12198|114|158|127|70|255|12922|
20160423|651 |0|2|34200|366|1303|150|235|1458|37712|
20160423|651 |1|1|9165|141|255|112|55|851|10579|
20160423|651 |1|2|28046|375|1194|85|204|1254|31158|
20160423|685 |0|1|8211|215|586|459|526|143|10140|
20160423|685 |0|2|19184|446|1151|310|1252|847|23190|
20160423|685 |1|1|6332|241|529|575|623|576|8876|
20160423|685 |1|2|19306|573|1196|380|1426|1032|23913|
20160424|101 |0|1|25290|278|418|248|72|342|26648|
20160424|101 |0|2|70539|955|8081|261|188|2918|82942|
20160424|101 |1|1|26295|324|666|382|100|1990|29757|
20160424|101 |1|2|70421|1097|8884|523|282|2697|83904|
20160424|190 |0|1|14286|264|306|230|69|239|15394|
20160424|190 |0|2|40000|720|2264|297|184|1753|45218|
20160424|190 |1|1|15712|216|249|367|99|1196|17839|
20160424|190 |1|2|42107|635|1888|340|177|1642|46789|
20160424|253 |0|1|23011|297|311|198|137|415|24369|
20160424|253 |0|2|67330|798|1049|276|603|3403|73459|
20160424|253 |1|1|24118|239|293|294|146|2050|27140|
20160424|253 |1|2|67382|644|928|281|572|3158|72965|
20160424|254 |0|1|10188|93|207|176|131|199|10994|
20160424|254 |0|2|29648|366|872|117|337|1701|33041|
20160424|254 |1|1|11468|158|195|202|99|1123|13245|
20160424|254 |1|2|30403|301|885|91|258|1730|33668|
20160424|651 |0|1|8395|82|70|51|26|213|8837|
20160424|651 |0|2|23515|184|1026|36|47|1050|25858|
20160424|651 |1|1|11706|127|187|94|17|980|13111|
20160424|651 |1|2|32969|191|1065|31|37|1294|35587|
20160424|685 |0|1|5735|145|183|160|117|102|6442|
20160424|685 |0|2|15600|227|1216|145|352|816|18356|
20160424|685 |1|1|6803|78|147|166|110|546|7850|
20160424|685 |1|2|18714|220|1113|122|322|871|21362|
20160425|101 |0|1|21862|672|1217|912|373|488|25524|
20160425|101 |0|2|71775|2486|9182|920|811|3752|88926|
20160425|101 |1|1|19793|831|1178|1165|400|1870|25237|
20160425|101 |1|2|70455|2956|9606|1254|1217|3790|89278|
20160425|190 |0|1|12111|671|1392|1199|377|313|16063|
20160425|190 |0|2|42778|2667|2851|1195|869|2130|52490|
20160425|190 |1|1|12007|740|1002|1114|413|1063|16339|
20160425|190 |1|2|39834|2569|2905|1002|1009|2221|49540|
20160425|253 |0|1|18807|954|1529|1325|567|548|23730|
20160425|253 |0|2|74368|3105|2211|1776|2131|4844|88435|
20160425|253 |1|1|17301|968|1253|1375|797|1859|23553|
20160425|253 |1|2|67071|3106|2201|1645|2608|4620|81251|
20160425|254 |0|1|8354|536|922|1032|1025|286|12155|
20160425|254 |0|2|33655|1670|1477|773|3038|2521|43134|
20160425|254 |1|1|8955|614|868|917|925|975|13254|
20160425|254 |1|2|29753|1364|1285|522|2055|2206|37185|
20160425|651 |0|1|6499|175|262|184|94|228|7442|
20160425|651 |0|2|20882|573|1092|217|365|1313|24442|
20160425|651 |1|1|6510|211|353|238|92|637|8041|
20160425|651 |1|2|21362|606|1072|169|331|1431|24971|
20160425|685 |0|1|5646|460|1089|914|1021|136|9266|
20160425|685 |0|2|16584|1060|1353|661|2449|1045|23152|
20160425|685 |1|1|4151|440|853|824|824|437|7529|
20160425|685 |1|2|16061|1221|1370|571|2340|1083|22646|
20160426|101 |0|1|20725|815|1358|932|372|416|24618|
20160426|101 |0|2|66460|2654|9482|1031|754|3382|83763|
20160426|101 |1|1|18967|953|1313|1385|431|1667|24716|
20160426|101 |1|2|66921|3231|9824|1526|1287|3470|86259|
20160426|190 |0|1|11147|781|1435|1213|341|273|15190|
20160426|190 |0|2|40840|2775|3026|1126|1050|2075|50892|
20160426|190 |1|1|11072|861|1134|1345|538|1012|15962|
20160426|190 |1|2|39120|2782|3055|1335|1232|2045|49569|
20160426|253 |0|1|16939|1021|1610|1433|653|487|22143|
20160426|253 |0|2|70101|3168|2523|1884|2160|4536|84372|
20160426|253 |1|1|16159|1081|1530|1663|942|1712|23087|
20160426|253 |1|2|65631|3275|2514|1963|2749|4310|80442|
20160426|254 |0|1|7781|606|1063|1233|1311|298|12292|
20160426|254 |0|2|32394|1849|1579|777|3078|2498|42175|
20160426|254 |1|1|8418|724|1004|1221|1183|984|13534|
20160426|254 |1|2|31555|1654|1460|708|2597|2396|40370|
20160426|651 |0|1|6511|223|266|216|112|145|7473|
20160426|651 |0|2|20942|601|1143|231|415|1271|24603|
20160426|651 |1|1|6154|240|435|213|117|592|7751|
20160426|651 |1|2|20574|627|1088|169|356|1280|24094|
20160426|685 |0|1|4662|508|969|859|1080|131|8209|
20160426|685 |0|2|14834|964|1188|637|2382|909|20914|
20160426|685 |1|1|3966|413|733|805|804|437|7158|
20160426|685 |1|2|14799|1060|1226|593|2263|1006|20947|
20160427|101 |0|1|19528|697|1267|949|339|423|23203|
20160427|101 |0|2|70462|2755|9924|994|830|3600|88565|
20160427|101 |1|1|19194|854|1276|1268|441|1719|24752|
20160427|101 |1|2|69525|3272|10241|1442|1283|3600|89363|
20160427|190 |0|1|10979|724|1433|1203|344|295|14978|
20160427|190 |0|2|41268|2784|3174|1141|1066|2073|51506|
20160427|190 |1|1|11040|736|1170|1283|533|1033|15795|
20160427|190 |1|2|40166|2735|3123|1228|1281|2131|50664|
20160427|253 |0|1|17255|1040|1561|1428|644|486|22414|
20160427|253 |0|2|71808|3198|2546|1850|2294|4554|86250|
20160427|253 |1|1|16173|1037|1410|1630|966|1661|22877|
20160427|253 |1|2|65401|3202|2438|1892|2725|4277|79935|
20160427|254 |0|1|7705|487|920|1042|1023|266|11443|
20160427|254 |0|2|31749|1703|1466|793|2904|2457|41072|
20160427|254 |1|1|8476|640|914|1169|1009|955|13163|
20160427|254 |1|2|32024|1498|1309|659|2218|2370|40078|
20160427|651 |0|1|6117|214|318|179|117|120|7065|
20160427|651 |0|2|20272|580|1250|214|450|1305|24071|
20160427|651 |1|1|5873|250|450|208|123|545|7449|
20160427|651 |1|2|20375|628|1147|154|400|1299|24003|
20160427|685 |0|1|4098|447|905|923|1157|110|7640|
20160427|685 |0|2|16394|1148|1570|669|2654|1035|23470|
20160427|685 |1|1|4129|461|875|990|945|403|7803|
20160427|685 |1|2|16541|1240|1473|684|2609|1078|23625|
20160428|101 |0|1|20891|706|1280|932|342|485|24636|
20160428|101 |0|2|72753|2782|9775|972|840|3571|90693|
20160428|101 |1|1|19441|825|1289|1363|440|1690|25048|
20160428|101 |1|2|68887|3166|10024|1452|1239|3483|88251|
20160428|190 |0|1|11263|701|1393|1196|372|264|15189|
20160428|190 |0|2|41596|2756|3131|1192|1099|2130|51904|
20160428|190 |1|1|11406|798|1132|1292|497|945|16070|
20160428|190 |1|2|40825|2756|3152|1326|1289|2178|51526|
20160428|253 |0|1|17757|999|1578|1409|628|490|22861|
20160428|253 |0|2|72077|3193|2544|1932|2305|4765|86816|
20160428|253 |1|1|16569|1008|1389|1692|898|1762|23318|
20160428|253 |1|2|66669|3242|2422|1928|2836|4396|81493|
20160428|254 |0|1|6286|511|923|1077|1078|220|10095|
20160428|254 |0|2|32399|1673|1400|805|2797|2457|41531|
20160428|254 |1|1|8480|636|837|1058|951|954|12916|
20160428|254 |1|2|31773|1418|1287|630|2086|2432|39626|
20160428|651 |0|1|6343|233|259|218|124|152|7329|
20160428|651 |0|2|20683|610|1242|234|399|1297|24465|
20160428|651 |1|1|6073|252|452|223|103|577|7680|
20160428|651 |1|2|20636|624|1191|170|348|1355|24324|
20160428|685 |0|1|4246|465|926|950|1177|132|7896|
20160428|685 |0|2|17026|1186|1470|702|2727|1067|24178|
20160428|685 |1|1|4262|497|920|981|952|422|8034|
20160428|685 |1|2|16845|1281|1435|683|2673|1127|24044|
20160429|101 |0|1|23627|731|1272|950|379|519|27478|
20160429|101 |0|2|75925|2764|10689|1033|764|3578|94753|
20160429|101 |1|1|21429|899|1311|1353|440|1932|27364|
20160429|101 |1|2|73926|3255|10893|1485|1196|3821|94576|
20160429|190 |0|1|13820|648|1087|952|293|350|17150|
20160429|190 |0|2|48328|2799|3168|1102|1179|2303|58879|
20160429|190 |1|1|12706|811|1121|1328|484|1105|17555|
20160429|190 |1|2|43769|2757|3034|1269|1324|2294|54447|
20160429|253 |0|1|19864|1025|1606|1373|618|533|25019|
20160429|253 |0|2|75973|3138|2475|1706|2253|4679|90224|
20160429|253 |1|1|18259|1007|1465|1613|818|1842|25004|
20160429|253 |1|2|69598|3179|2374|1791|2842|4438|84222|
20160429|254 |0|1|8335|526|926|1008|987|268|12050|
20160429|254 |0|2|33758|1653|1432|809|2772|2459|42883|
20160429|254 |1|1|9062|671|884|1171|924|988|13700|
20160429|254 |1|2|32167|1436|1244|660|2152|2298|39957|
20160430|101 |0|1|28185|485|770|454|189|363|30446|
20160430|101 |0|2|74741|1735|9969|490|464|3026|90425|
20160430|101 |1|1|24869|627|912|861|257|2006|29532|
20160430|101 |1|2|71121|2222|9990|943|784|3068|88128|
20160430|190 |0|1|17257|432|513|360|130|261|18953|
20160430|190 |0|2|46105|1390|2181|393|627|1873|52569|
20160430|190 |1|1|15377|434|573|733|277|1188|18582|
20160430|190 |1|2|45215|1560|2450|722|900|1968|52815|
20160430|253 |0|1|24833|533|714|647|370|460|27557|
20160430|253 |0|2|74078|1588|1324|657|1454|3707|82808|
20160430|253 |1|1|22543|504|796|884|522|2099|27348|
20160430|253 |1|2|68223|1637|1398|899|1952|3637|77746|
20160430|254 |0|1|11037|293|518|529|550|253|13180|
20160430|254 |0|2|35099|900|1150|411|1605|2041|41206|
20160430|254 |1|1|11139|384|476|690|500|1115|14304|
20160430|254 |1|2|31841|779|959|434|1168|1881|37062|
