20190901|101 |0|1|18317|124|285|152|32|158|19068|
20190901|101 |0|2|80593|880|7255|589|220|2792|92329|
20190901|101 |1|1|17971|201|252|263|39|1380|20106|
20190901|101 |1|2|81018|977|8412|848|279|2814|94348|
20190901|190 |0|1|12375|115|363|181|46|86|13166|
20190901|190 |0|2|55627|854|1870|533|319|2077|61280|
20190901|190 |1|1|12694|109|170|258|44|991|14266|
20190901|190 |1|2|57335|616|1421|630|315|1898|62215|
20190901|253 |0|1|16031|124|258|149|46|163|16771|
20190901|253 |0|2|74886|669|653|389|416|3367|80380|
20190901|253 |1|1|15727|111|160|183|47|1343|17571|
20190901|253 |1|2|74822|578|669|364|424|2919|79776|
20190901|254 |0|1|7646|65|138|118|46|89|8102|
20190901|254 |0|2|36330|383|685|207|310|1814|39729|
20190901|254 |1|1|7779|70|119|119|24|792|8903|
20190901|254 |1|2|35953|320|718|208|244|1635|39078|
20190901|651 |0|1|7042|37|60|22|3|96|7260|
20190901|651 |0|2|33570|214|1049|101|63|1347|36344|
20190901|651 |1|1|9152|58|112|58|8|825|10213|
20190901|651 |1|2|43235|260|940|106|62|1695|46298|
20190901|685 |0|1|5668|49|119|119|59|63|6077|
20190901|685 |0|2|24139|233|1077|177|577|1003|27206|
20190901|685 |1|1|5567|32|103|104|60|479|6345|
20190901|685 |1|2|24966|223|773|153|491|930|27536|
20190902|101 |0|1|14593|386|837|588|217|234|16855|
20190902|101 |0|2|74462|2511|8728|1478|1043|3582|91804|
20190902|101 |1|1|12794|415|606|730|188|1296|16029|
20190902|101 |1|2|74826|2949|9418|1877|1461|3807|94338|
20190902|190 |0|1|8739|368|1257|966|202|126|11658|
20190902|190 |0|2|49992|2943|2808|2156|1946|2370|62215|
20190902|190 |1|1|8401|388|842|909|250|855|11645|
20190902|190 |1|2|46891|2969|2838|2216|1975|2349|59238|
20190902|253 |0|1|11559|408|1111|902|206|214|14400|
20190902|253 |0|2|71339|2608|1983|2076|2422|4008|84436|
20190902|253 |1|1|11129|412|924|909|305|1245|14924|
20190902|253 |1|2|69196|2850|2145|2279|3319|3915|83704|
20190902|254 |0|1|5745|258|780|899|344|129|8155|
20190902|254 |0|2|36774|1906|1358|1224|3167|2337|46766|
20190902|254 |1|1|5594|245|603|693|284|710|8129|
20190902|254 |1|2|33105|1527|1131|863|2547|2149|41322|
20190902|651 |0|1|5657|167|351|268|218|104|6765|
20190902|651 |0|2|28086|629|979|223|293|1603|31813|
20190902|651 |1|1|5355|121|294|157|36|613|6576|
20190902|651 |1|2|29548|680|993|340|428|1749|33738|
20190902|685 |0|1|4320|232|867|810|449|87|6765|
20190902|685 |0|2|19639|1290|1555|1147|3293|1106|28030|
20190902|685 |1|1|3385|269|803|751|404|372|5984|
20190902|685 |1|2|19665|1375|1527|953|3300|1129|27949|
20190903|101 |0|1|14039|365|973|660|191|232|16460|
20190903|101 |0|2|75067|2752|8693|1719|1201|3610|93042|
20190903|101 |1|1|12228|434|726|955|204|1258|15805|
20190903|101 |1|2|75659|3277|9331|2396|1611|3771|96045|
20190903|190 |0|1|8000|365|1359|1087|206|122|11139|
20190903|190 |0|2|48110|3222|3026|2396|2160|2299|61213|
20190903|190 |1|1|7883|420|900|1201|253|754|11411|
20190903|190 |1|2|46484|3267|3004|2841|2351|2178|60125|
20190903|253 |0|1|10562|432|1176|928|250|215|13563|
20190903|253 |0|2|68443|2846|2228|2342|2666|3794|82319|
20190903|253 |1|1|10740|446|1052|1093|359|1237|14927|
20190903|253 |1|2|68537|3165|2292|2663|3708|3956|84321|
20190903|254 |0|1|5410|294|907|1064|526|151|8352|
20190903|254 |0|2|34213|1801|1401|1220|3151|2195|43981|
20190903|254 |1|1|5351|278|743|882|351|666|8271|
20190903|254 |1|2|32672|1620|1319|1172|3136|2115|42034|
20190903|651 |0|1|5041|144|377|356|286|204|6408|
20190903|651 |0|2|27225|711|998|227|307|1566|31034|
20190903|651 |1|1|4964|123|304|138|37|569|6135|
20190903|651 |1|2|28369|794|1043|367|495|1634|32702|
20190903|685 |0|1|3705|255|895|905|435|84|6279|
20190903|685 |0|2|18789|1374|1563|1195|3569|1030|27520|
20190903|685 |1|1|3029|272|877|786|470|312|5746|
20190903|685 |1|2|17738|1458|1431|1091|3277|1016|26011|
20190904|101 |0|1|12073|317|772|595|114|201|14072|
20190904|101 |0|2|68552|2479|8601|1560|997|3428|85617|
20190904|101 |1|1|10851|346|580|766|152|1109|13804|
20190904|101 |1|2|69028|2934|9189|2080|1272|3509|88012|
20190904|190 |0|1|7163|305|1097|772|172|116|9625|
20190904|190 |0|2|42797|2844|3005|1963|1621|2110|54340|
20190904|190 |1|1|6963|357|759|972|201|715|9967|
20190904|190 |1|2|41942|2791|3070|2198|1688|2105|53794|
20190904|253 |0|1|10026|319|1050|821|195|225|12636|
20190904|253 |0|2|65620|2458|2076|2067|2201|3596|78018|
20190904|253 |1|1|9328|323|897|904|252|1149|12853|
20190904|253 |1|2|63374|2545|2124|2361|2574|3638|76616|
20190904|254 |0|1|4755|246|702|733|298|94|6828|
20190904|254 |0|2|31436|1591|1318|1173|2758|2163|40439|
20190904|254 |1|1|4864|208|569|687|256|604|7188|
20190904|254 |1|2|30050|1443|1141|974|2350|2032|37990|
20190904|651 |0|1|4135|83|236|137|20|154|4765|
20190904|651 |0|2|22538|596|1072|322|433|1436|26397|
20190904|651 |1|1|4081|93|233|141|36|450|5034|
20190904|651 |1|2|23277|615|1002|284|353|1460|26991|
20190904|685 |0|1|3010|205|750|724|378|58|5125|
20190904|685 |0|2|17667|1150|1527|1116|2938|1042|25440|
20190904|685 |1|1|2867|217|698|684|328|298|5092|
20190904|685 |1|2|17948|1242|1507|992|2962|992|25643|
20190905|101 |0|1|11785|284|717|522|135|188|13631|
20190905|101 |0|2|67609|2429|8549|1514|871|3200|84172|
20190905|101 |1|1|11164|360|588|797|151|1136|14196|
20190905|101 |1|2|68315|2873|9181|2064|1126|3460|87019|
20190905|190 |0|1|7426|327|1179|811|171|122|10036|
20190905|190 |0|2|63119|3218|3416|1881|1406|2726|75766|
20190905|190 |1|1|7002|357|762|985|158|738|10002|
20190905|190 |1|2|42785|2794|2928|2163|1510|2110|54290|
20190905|253 |0|1|9923|337|1005|783|216|217|12481|
20190905|253 |0|2|66968|2453|2158|2037|1982|3727|79325|
20190905|253 |1|1|9506|357|819|913|278|1143|13016|
20190905|253 |1|2|63702|2617|2181|2340|2349|3626|76815|
20190905|254 |0|1|4799|239|747|827|305|123|7040|
20190905|254 |0|2|32174|1615|1351|1187|2674|2080|41081|
20190905|254 |1|1|5046|244|621|760|292|596|7559|
20190905|254 |1|2|31732|1442|1210|1018|2306|2121|39829|
20190905|651 |0|1|4158|91|221|129|32|86|4717|
20190905|651 |0|2|23666|583|1048|313|377|1379|27366|
20190905|651 |1|1|3968|105|219|130|30|446|4898|
20190905|651 |1|2|23521|599|978|301|313|1466|27178|
20190905|685 |0|1|3104|206|769|748|372|60|5259|
20190905|685 |0|2|18919|1251|1547|1081|2957|1056|26811|
20190905|685 |1|1|2762|223|713|725|345|267|5035|
20190905|685 |1|2|18018|1293|1446|1057|2842|1093|25749|
20190906|101 |0|1|13580|337|826|559|117|216|15635|
20190906|101 |0|2|75734|2578|9146|1501|937|3547|93443|
20190906|101 |1|1|12870|403|668|766|158|1399|16264|
20190906|101 |1|2|79436|2976|9853|2066|1100|3877|99308|
20190906|190 |0|1|8346|324|1111|738|169|115|10803|
20190906|190 |0|2|49415|2813|2928|1990|1549|2345|61040|
20190906|190 |1|1|8249|364|839|965|184|878|11479|
20190906|190 |1|2|50478|2970|2926|2329|1746|2462|62911|
20190906|253 |0|1|11485|370|1037|770|219|266|14147|
20190906|253 |0|2|72701|2640|2153|2083|2038|4005|85620|
20190906|253 |1|1|11417|402|941|924|270|1322|15276|
20190906|253 |1|2|74669|2748|2230|2329|2504|4162|88642|
20190906|254 |0|1|5294|257|726|805|342|113|7537|
20190906|254 |0|2|35475|1677|1338|1185|2607|2261|44543|
20190906|254 |1|1|5628|238|677|853|312|666|8374|
20190906|254 |1|2|34722|1550|1319|1110|2488|2248|43437|
20190906|651 |0|1|5208|98|285|120|24|109|5844|
20190906|651 |0|2|29945|641|1048|306|351|1654|33945|
20190906|651 |1|1|4503|111|286|129|24|561|5614|
20190906|651 |1|2|27519|654|1069|330|334|1628|31534|
20190906|685 |0|1|3512|183|793|726|352|73|5639|
20190906|685 |0|2|20603|1284|1614|1071|2870|1124|28566|
20190906|685 |1|1|3192|237|759|658|331|343|5520|
20190906|685 |1|2|19389|1284|1305|911|2606|1032|26527|
20190907|101 |0|1|10914|167|411|290|56|117|11955|
20190907|101 |0|2|54175|1452|7357|969|507|2019|66479|
20190907|101 |1|1|10868|246|368|444|62|963|12951|
20190907|101 |1|2|56195|1808|7556|1209|593|2204|69565|
20190907|190 |0|1|6474|148|481|316|76|48|7543|
20190907|190 |0|2|33463|1227|1970|740|602|1250|39252|
20190907|190 |1|1|6027|169|332|448|66|481|7523|
20190907|190 |1|2|32763|1368|2115|1003|721|1299|39269|
20190907|253 |0|1|8470|161|405|313|82|128|9559|
20190907|253 |0|2|45439|1035|841|744|888|1988|50935|
20190907|253 |1|1|8355|166|362|417|93|792|10185|
20190907|253 |1|2|47720|1144|858|929|1106|1998|53755|
20190907|254 |0|1|4126|104|251|257|81|53|4872|
20190907|254 |0|2|22307|600|776|420|669|1118|25890|
20190907|254 |1|1|4763|118|243|369|87|442|6022|
20190907|254 |1|2|24319|628|827|499|697|1240|28210|
20190907|651 |0|1|5029|52|75|68|8|73|5305|
20190907|651 |0|2|24961|330|852|163|135|1138|27579|
20190907|651 |1|1|3515|66|125|40|8|352|4106|
20190907|651 |1|2|20021|325|837|91|119|989|22382|
20190907|685 |0|1|2634|63|261|196|118|40|3312|
20190907|685 |0|2|12623|391|974|352|961|540|15841|
20190907|685 |1|1|2498|62|220|248|99|222|3349|
20190907|685 |1|2|12563|374|942|330|971|555|15735|
20190908|101 |0|1|14588|126|284|195|36|147|15376|
20190908|101 |0|2|73055|890|6731|592|228|2565|84061|
20190908|101 |1|1|13627|178|277|269|38|1136|15525|
20190908|101 |1|2|68535|898|6981|845|326|2511|80096|
20190908|190 |0|1|9291|101|380|221|30|57|10080|
20190908|190 |0|2|47529|810|1801|650|368|1748|52906|
20190908|190 |1|1|8792|103|198|313|43|696|10145|
20190908|190 |1|2|46345|666|1823|825|344|1529|51532|
20190908|253 |0|1|13053|135|253|155|44|133|13773|
20190908|253 |0|2|66860|713|633|418|470|3001|72095|
20190908|253 |1|1|11341|132|197|205|43|1136|13054|
20190908|253 |1|2|59471|589|605|435|517|2586|64203|
20190908|254 |0|1|6401|56|140|145|66|64|6872|
20190908|254 |0|2|32813|388|713|222|401|1634|36171|
20190908|254 |1|1|6388|55|139|150|65|629|7426|
20190908|254 |1|2|31391|311|699|222|307|1562|34492|
20190908|651 |0|1|5473|52|114|39|4|73|5755|
20190908|651 |0|2|28560|181|865|95|64|1196|30961|
20190908|651 |1|1|6017|47|80|56|10|567|6777|
20190908|651 |1|2|32293|210|822|158|73|1310|34866|
20190908|685 |0|1|4633|51|166|124|50|56|5080|
20190908|685 |0|2|20165|255|1032|211|748|909|23320|
20190908|685 |1|1|3375|44|140|111|64|302|4036|
20190908|685 |1|2|15422|196|979|165|631|589|17982|
20190909|101 |0|1|14791|401|838|594|171|275|17070|
20190909|101 |0|2|75802|2473|8322|1428|896|3526|92447|
20190909|101 |1|1|11943|377|598|669|159|1261|15007|
20190909|101 |1|2|73715|2914|9017|1913|1256|3742|92557|
20190909|190 |0|1|8858|368|1319|925|182|121|11773|
20190909|190 |0|2|51676|3080|2924|2115|1655|2384|63834|
20190909|190 |1|1|8305|414|898|975|188|797|11577|
20190909|190 |1|2|47851|3057|2950|2252|1789|2344|60243|
20190909|253 |0|1|11405|355|1058|819|249|238|14124|
20190909|253 |0|2|73395|2599|1950|2013|2329|3978|86264|
20190909|253 |1|1|11096|418|1011|855|345|1336|15061|
20190909|253 |1|2|70534|2771|2127|2139|3158|3969|84698|
20190909|254 |0|1|5861|297|797|906|376|140|8377|
20190909|254 |0|2|37863|1842|1373|1222|3237|2451|47988|
20190909|254 |1|1|5561|254|664|702|325|632|8138|
20190909|254 |1|2|33238|1536|1162|875|2873|2112|41796|
20190909|651 |0|1|4776|105|259|153|22|88|5403|
20190909|651 |0|2|26957|646|994|344|450|1555|30946|
20190909|651 |1|1|4725|122|243|172|26|545|5833|
20190909|651 |1|2|28210|666|1003|360|406|1722|32367|
20190909|685 |0|1|4778|249|881|944|518|88|7458|
20190909|685 |0|2|19280|1180|1473|1042|3489|1000|27464|
20190909|685 |1|1|3169|240|816|635|415|305|5580|
20190909|685 |1|2|18040|1311|1357|926|3364|1018|26016|
20190910|101 |0|1|13497|324|751|567|126|227|15492|
20190910|101 |0|2|74222|2570|8391|1510|839|3473|91005|
20190910|101 |1|1|11957|388|622|814|163|1229|15173|
20190910|101 |1|2|72721|3003|9009|2044|1170|3643|91590|
20190910|190 |0|1|8487|321|1132|773|176|125|11014|
20190910|190 |0|2|49406|2957|2951|2001|1570|2252|61137|
20190910|190 |1|1|7831|387|826|977|207|797|11025|
20190910|190 |1|2|45531|3021|2966|2427|1703|2294|57942|
20190910|253 |0|1|11283|361|1024|795|221|211|13895|
20190910|253 |0|2|71103|2611|2026|1971|2190|3840|83741|
20190910|253 |1|1|11000|384|910|921|355|1264|14834|
20190910|253 |1|2|69272|2785|2164|2326|2767|3988|83302|
20190910|254 |0|1|5097|244|803|853|425|126|7548|
20190910|254 |0|2|33497|1688|1346|1182|3211|2140|43064|
20190910|254 |1|1|5094|248|689|882|404|631|7948|
20190910|254 |1|2|31867|1527|1205|1099|2788|1976|40462|
20190910|651 |0|1|4115|98|202|154|41|107|4717|
20190910|651 |0|2|22961|622|945|350|332|1540|26750|
20190910|651 |1|1|4217|117|227|136|34|495|5226|
20190910|651 |1|2|24132|635|935|329|323|1577|27931|
20190910|685 |0|1|3518|238|843|822|408|68|5897|
20190910|685 |0|2|20413|1220|1586|984|3463|1101|28767|
20190910|685 |1|1|3235|236|784|725|457|303|5740|
20190910|685 |1|2|16271|1280|1299|926|3319|860|23955|
20190911|101 |0|1|18496|277|613|365|119|232|20102|
20190911|101 |0|2|80923|2073|10709|1161|479|3221|98566|
20190911|101 |1|1|13278|326|472|533|108|1375|16092|
20190911|101 |1|2|75267|2645|10243|1574|775|3667|94171|
20190911|190 |0|1|13007|254|734|423|113|106|14637|
20190911|190 |0|2|69905|2125|2281|1117|848|2567|78843|
20190911|190 |1|1|8851|286|593|641|121|934|11426|
20190911|190 |1|2|49239|2265|2631|1502|1043|2406|59086|
20190911|253 |0|1|15237|267|656|489|152|257|17058|
20190911|253 |0|2|84832|1875|1489|1115|1506|3922|94739|
20190911|253 |1|1|12772|304|656|635|211|1491|16069|
20190911|253 |1|2|74926|2146|1692|1466|2091|4181|86502|
20190911|254 |0|1|6653|199|549|566|257|127|8351|
20190911|254 |0|2|39886|1360|1366|806|2271|2259|47948|
20190911|254 |1|1|5803|178|518|670|248|684|8101|
20190911|254 |1|2|32630|1312|1144|869|2139|2094|40188|
20190911|651 |0|1|6826|82|171|111|21|137|7348|
20190911|651 |0|2|35867|560|996|270|307|1806|39806|
20190911|651 |1|1|4598|87|177|92|30|565|5549|
20190911|651 |1|2|26261|548|960|237|242|1643|29891|
20190911|685 |0|1|5775|161|571|563|329|79|7478|
20190911|685 |0|2|30751|939|1256|679|2572|1340|37537|
20190911|685 |1|1|3699|165|627|561|272|407|5731|
20190911|685 |1|2|20538|1026|1299|711|2634|1099|27307|
20190912|101 |0|1|22252|87|103|58|14|184|22698|
20190912|101 |0|2|84389|666|8586|383|87|2439|96550|
20190912|101 |1|1|14588|141|92|120|20|1345|16306|
20190912|101 |1|2|65527|1074|7448|570|169|2354|77142|
20190912|190 |0|1|20036|78|81|54|25|93|20367|
20190912|190 |0|2|66857|483|964|184|89|1881|70458|
20190912|190 |1|1|10822|69|67|96|15|887|11956|
20190912|190 |1|2|48397|697|1735|277|109|1819|53034|
20190912|253 |0|1|18050|83|72|46|21|158|18430|
20190912|253 |0|2|83684|441|378|181|259|2928|87871|
20190912|253 |1|1|13492|62|99|86|27|1367|15133|
20190912|253 |1|2|65227|602|540|217|280|2864|69730|
20190912|254 |0|1|7991|45|83|88|29|103|8339|
20190912|254 |0|2|41306|359|904|216|230|1611|44626|
20190912|254 |1|1|6631|56|83|124|17|691|7602|
20190912|254 |1|2|30709|357|663|228|206|1414|33577|
20190912|651 |0|1|11266|30|37|26|3|150|11512|
20190912|651 |0|2|44144|169|714|57|67|1753|46904|
20190912|651 |1|1|5510|41|39|14|2|569|6175|
20190912|651 |1|2|25204|205|789|34|61|1148|27441|
20190912|685 |0|1|7579|22|86|59|23|72|7841|
20190912|685 |0|2|31545|142|642|100|287|1005|33721|
20190912|685 |1|1|4593|29|76|66|32|416|5212|
20190912|685 |1|2|19289|175|1050|157|377|755|21803|
20190913|101 |0|1|24348|57|47|28|3|166|24649|
20190913|101 |0|2|80560|227|6838|187|40|2259|90111|
20190913|101 |1|1|18397|61|37|34|7|1333|19869|
20190913|101 |1|2|84539|296|7325|232|49|2440|94881|
20190913|190 |0|1|17217|19|29|11|3|77|17356|
20190913|190 |0|2|66367|149|767|61|17|1960|69321|
20190913|190 |1|1|13502|26|9|14|1|933|14485|
20190913|190 |1|2|62145|122|751|43|32|1830|64923|
20190913|253 |0|1|18601|50|27|12|14|179|18883|
20190913|253 |0|2|85156|143|220|41|50|2996|88606|
20190913|253 |1|1|18571|49|28|20|6|1475|20149|
20190913|253 |1|2|84652|141|275|48|67|3012|88195|
20190913|254 |0|1|10027|18|26|19|4|98|10192|
20190913|254 |0|2|48295|110|647|36|54|1812|50954|
20190913|254 |1|1|8826|21|14|16|2|851|9730|
20190913|254 |1|2|38784|96|565|44|41|1568|41098|
20190913|651 |0|1|10909|24|6|20|0|133|11092|
20190913|651 |0|2|42097|106|648|6|14|1592|44463|
20190913|651 |1|1|11103|34|78|16|2|907|12140|
20190913|651 |1|2|40893|84|587|5|19|1432|43020|
20190913|685 |0|1|9273|29|106|20|7|71|9506|
20190913|685 |0|2|27181|55|514|37|55|888|28730|
20190913|685 |1|1|6190|17|22|19|8|504|6760|
20190913|685 |1|2|28927|39|507|30|49|906|30458|
20190914|101 |0|1|16102|43|52|48|11|134|16390|
20190914|101 |0|2|66424|394|6793|336|57|2190|76194|
20190914|101 |1|1|20040|66|47|67|8|1513|21741|
20190914|101 |1|2|93984|494|8472|332|87|2699|106068|
20190914|190 |0|1|10442|47|68|36|8|49|10650|
20190914|190 |0|2|48500|339|1408|174|79|1684|52184|
20190914|190 |1|1|14995|44|33|44|4|1043|16163|
20190914|190 |1|2|76975|332|973|144|50|2072|80546|
20190914|253 |0|1|13055|65|35|35|19|157|13366|
20190914|253 |0|2|64808|317|373|123|179|2692|68492|
20190914|253 |1|1|18716|49|37|51|16|1435|20304|
20190914|253 |1|2|91643|311|335|107|175|2948|95519|
20190914|254 |0|1|5865|27|31|28|17|71|6039|
20190914|254 |0|2|30776|199|619|83|90|1373|33140|
20190914|254 |1|1|7395|29|17|27|11|670|8149|
20190914|254 |1|2|34515|192|678|90|95|1402|36972|
20190914|651 |0|1|7992|13|10|12|2|122|8151|
20190914|651 |0|2|37110|127|774|49|43|1382|39485|
20190914|651 |1|1|10546|48|50|15|3|902|11564|
20190914|651 |1|2|47466|119|690|29|36|1696|50036|
20190914|685 |0|1|5488|23|42|38|21|68|5680|
20190914|685 |0|2|22212|136|925|73|232|871|24449|
20190914|685 |1|1|6819|18|53|26|21|540|7477|
20190914|685 |1|2|35386|132|609|52|229|1068|37476|
20190915|101 |0|1|13473|83|169|146|21|120|14012|
20190915|101 |0|2|61840|671|7181|512|170|2369|72743|
20190915|101 |1|1|17361|126|173|182|28|1458|19328|
20190915|101 |1|2|80635|706|8369|558|186|2516|92970|
20190915|190 |0|1|8702|72|292|138|18|65|9287|
20190915|190 |0|2|40238|721|1709|476|241|1682|45067|
20190915|190 |1|1|13130|87|119|223|20|981|14560|
20190915|190 |1|2|63552|554|1587|561|166|2059|68479|
20190915|253 |0|1|12198|87|168|134|30|135|12752|
20190915|253 |0|2|58412|520|450|305|304|2836|62827|
20190915|253 |1|1|16569|81|123|139|30|1432|18374|
20190915|253 |1|2|80948|464|466|299|238|3017|85432|
20190915|254 |0|1|5642|45|75|101|32|66|5961|
20190915|254 |0|2|27955|328|642|183|250|1373|30731|
20190915|254 |1|1|6414|48|67|97|33|671|7330|
20190915|254 |1|2|29455|248|657|163|165|1382|32070|
20190915|651 |0|1|5530|27|87|34|4|123|5805|
20190915|651 |0|2|26076|140|738|59|48|1173|28234|
20190915|651 |1|1|8326|52|56|83|7|762|9286|
20190915|651 |1|2|41702|200|735|124|52|1622|44435|
20190915|685 |0|1|5237|41|122|124|55|64|5643|
20190915|685 |0|2|22022|191|1102|169|450|1028|24962|
20190915|685 |1|1|5742|25|89|78|33|443|6410|
20190915|685 |1|2|26522|161|1044|110|408|936|29181|
20190916|101 |0|1|15015|337|722|476|161|249|16960|
20190916|101 |0|2|72737|2286|8407|1269|860|3415|88974|
20190916|101 |1|1|13202|343|560|601|158|1396|16260|
20190916|101 |1|2|75144|2545|9032|1586|1088|3535|92930|
20190916|190 |0|1|8882|343|1019|779|165|109|11297|
20190916|190 |0|2|50136|2628|2722|1865|1462|2336|61149|
20190916|190 |1|1|8797|326|719|730|144|855|11571|
20190916|190 |1|2|48582|2567|2789|1764|1538|2336|59576|
20190916|253 |0|1|12091|364|861|727|206|191|14440|
20190916|253 |0|2|72754|2331|1338|1441|1803|3954|83621|
20190916|253 |1|1|11056|391|752|697|264|1222|14382|
20190916|253 |1|2|67816|2304|1392|1394|2347|3701|78954|
20190916|254 |0|1|5803|222|676|754|287|115|7857|
20190916|254 |0|2|35671|1530|1253|1051|2651|2259|44415|
20190916|254 |1|1|5881|205|543|620|231|671|8151|
20190916|254 |1|2|33040|1359|1112|808|2389|2048|40756|
20190916|651 |0|1|5286|117|242|122|36|92|5895|
20190916|651 |0|2|27999|584|996|303|394|1668|31944|
20190916|651 |1|1|5231|124|229|129|32|600|6345|
20190916|651 |1|2|28898|610|987|302|358|1731|32886|
20190916|685 |0|1|4084|220|759|785|420|62|6330|
20190916|685 |0|2|21118|1206|1586|983|3337|1091|29321|
20190916|685 |1|1|3351|234|765|657|300|352|5659|
20190916|685 |1|2|19468|1263|1517|832|3048|1101|27229|
20190917|101 |0|1|13466|357|861|659|225|249|15817|
20190917|101 |0|2|71466|2649|8808|1571|1164|3436|89094|
20190917|101 |1|1|11934|400|695|883|208|1223|15343|
20190917|101 |1|2|72818|3081|9480|2142|1631|3672|92824|
20190917|190 |0|1|7958|381|1222|1017|211|122|10911|
20190917|190 |0|2|46661|2976|2845|2083|1684|2193|58442|
20190917|190 |1|1|7823|423|917|1172|221|818|11374|
20190917|190 |1|2|45716|3089|2991|2459|2000|2217|58472|
20190917|253 |0|1|11201|433|1226|944|242|245|14291|
20190917|253 |0|2|71486|2806|2276|2301|2668|3965|85502|
20190917|253 |1|1|10547|475|1055|1118|390|1196|14781|
20190917|253 |1|2|65476|2951|2240|2514|3277|3712|80170|
20190917|254 |0|1|5402|251|729|1005|457|119|7963|
20190917|254 |0|2|34479|1809|1486|1288|3593|2246|44901|
20190917|254 |1|1|5217|259|664|812|351|620|7923|
20190917|254 |1|2|32113|1566|1215|1084|3079|2090|41147|
20190917|651 |0|1|4868|115|248|154|55|102|5542|
20190917|651 |0|2|26956|739|1147|429|513|1541|31325|
20190917|651 |1|1|4547|118|278|164|38|516|5661|
20190917|651 |1|2|26923|730|1082|336|455|1687|31213|
20190917|685 |0|1|3334|235|840|836|473|64|5782|
20190917|685 |0|2|18626|1281|1478|1138|3617|1046|27186|
20190917|685 |1|1|3058|265|877|823|400|325|5748|
20190917|685 |1|2|18132|1417|1549|1097|3590|1073|26858|
20190918|101 |0|1|13798|405|882|607|233|242|16167|
20190918|101 |0|2|72654|2621|9106|1563|1147|3374|90465|
20190918|101 |1|1|12266|421|727|804|230|1258|15706|
20190918|101 |1|2|75400|3090|10010|2136|1596|3699|95931|
20190918|190 |0|1|7985|378|1214|900|201|103|10781|
20190918|190 |0|2|48105|2976|3157|2081|1849|2265|60433|
20190918|190 |1|1|7431|397|851|1054|238|784|10755|
20190918|190 |1|2|44916|2891|3148|2381|2027|2138|57501|
20190918|253 |0|1|10973|385|1139|887|248|233|13865|
20190918|253 |0|2|70044|2776|2307|2159|2537|3979|83802|
20190918|253 |1|1|10422|455|1050|1027|345|1183|14482|
20190918|253 |1|2|68797|2965|2508|2443|3262|3946|83921|
20190918|254 |0|1|5255|286|758|975|421|107|7802|
20190918|254 |0|2|34674|1787|1488|1294|3388|2308|44939|
20190918|254 |1|1|5200|265|711|840|358|609|7983|
20190918|254 |1|2|32676|1548|1294|1088|2922|2137|41665|
20190918|651 |0|1|4834|115|259|179|47|105|5539|
20190918|651 |0|2|27206|654|1153|407|474|1614|31508|
20190918|651 |1|1|4565|126|245|158|45|508|5647|
20190918|651 |1|2|26596|670|1118|358|412|1632|30786|
20190918|685 |0|1|3205|225|814|880|429|60|5613|
20190918|685 |0|2|18983|1334|1616|1187|3708|1105|27933|
20190918|685 |1|1|2979|261|799|798|373|338|5548|
20190918|685 |1|2|18018|1405|1505|1105|3549|1044|26626|
20190919|101 |0|1|13976|361|887|611|215|221|16271|
20190919|101 |0|2|73800|2696|9077|1526|1186|3438|91723|
20190919|101 |1|1|12683|423|711|795|230|1273|16115|
20190919|101 |1|2|76280|3134|9738|2144|1621|3668|96585|
20190919|190 |0|1|7796|378|1174|862|187|97|10494|
20190919|190 |0|2|47000|2954|3042|1966|1872|2223|59057|
20190919|190 |1|1|7608|401|870|996|211|792|10878|
20190919|190 |1|2|46668|2977|3061|2266|2169|2259|59400|
20190919|253 |0|1|10843|403|1149|889|268|246|13798|
20190919|253 |0|2|69904|2780|2317|2139|2462|3947|83549|
20190919|253 |1|1|10575|450|1019|1051|343|1196|14634|
20190919|253 |1|2|67687|2936|2387|2503|3342|3886|82741|
20190919|254 |0|1|5419|282|784|934|420|110|7949|
20190919|254 |0|2|34694|1743|1534|1282|3463|2214|44930|
20190919|254 |1|1|5321|294|703|800|375|626|8119|
20190919|254 |1|2|32402|1531|1347|1123|3250|2117|41770|
20190919|651 |0|1|5042|123|267|145|39|88|5704|
20190919|651 |0|2|27956|669|1209|353|479|1616|32282|
20190919|651 |1|1|4572|123|294|144|31|519|5683|
20190919|651 |1|2|27407|666|1126|324|408|1636|31567|
20190919|685 |0|1|3273|262|833|854|407|62|5691|
20190919|685 |0|2|19139|1321|1523|1090|3477|1086|27636|
20190919|685 |1|1|2929|273|763|744|472|321|5502|
20190919|685 |1|2|18106|1346|1362|938|2935|1038|25725|
20190920|101 |0|1|14529|384|854|581|210|237|16795|
20190920|101 |0|2|78410|2661|9724|1509|1227|3674|97205|
20190920|101 |1|1|13738|437|703|771|237|1328|17214|
20190920|101 |1|2|81315|3102|10483|2073|1633|3875|102481|
20190920|190 |0|1|8977|356|1156|835|182|109|11615|
20190920|190 |0|2|53279|2979|3112|1981|1897|2382|65630|
20190920|190 |1|1|8983|388|880|985|222|871|12329|
20190920|190 |1|2|51653|2997|3045|2338|2187|2529|64749|
20190920|253 |0|1|12070|433|1018|893|282|233|14929|
20190920|253 |0|2|75587|2831|2311|2083|2717|4016|89545|
20190920|253 |1|1|11718|482|1012|973|360|1396|15941|
20190920|253 |1|2|75440|2993|2371|2377|3514|4180|90875|
20190920|254 |0|1|5395|282|787|828|337|109|7738|
20190920|254 |0|2|35434|1709|1421|1137|3190|2283|45174|
20190920|254 |1|1|5716|279|748|792|313|705|8553|
20190920|254 |1|2|34341|1603|1299|1108|2974|2192|43517|
20190920|651 |0|1|6275|115|266|155|39|134|6984|
20190920|651 |0|2|35875|738|1254|384|483|1846|40580|
20190920|651 |1|1|4936|140|345|138|43|562|6164|
20190920|651 |1|2|29414|738|1233|342|415|1698|33840|
20190920|685 |0|1|3685|221|851|849|431|69|6106|
20190920|685 |0|2|21924|1349|1714|1094|3836|1271|31188|
20190920|685 |1|1|3404|250|810|726|400|376|5966|
20190920|685 |1|2|20061|1368|1463|1052|3611|1109|28664|
20190921|101 |0|1|16110|208|511|279|81|175|17364|
20190921|101 |0|2|76838|1518|9018|798|720|2887|91779|
20190921|101 |1|1|15176|292|440|507|100|1292|17807|
20190921|101 |1|2|76358|1998|9741|1216|1049|3060|93422|
20190921|190 |0|1|10525|176|590|286|77|76|11730|
20190921|190 |0|2|55492|1415|2215|643|817|2038|62620|
20190921|190 |1|1|10047|228|445|460|124|919|12223|
20190921|190 |1|2|53332|1526|2189|1124|1040|2050|61261|
20190921|253 |0|1|14633|260|508|390|139|173|16103|
20190921|253 |0|2|74676|1290|1434|828|1567|3419|83214|
20190921|253 |1|1|13856|263|540|486|186|1474|16805|
20190921|253 |1|2|74676|1465|1461|1131|2005|3543|84281|
20190921|254 |0|1|6413|125|356|310|143|107|7454|
20190921|254 |0|2|36338|813|1026|464|1311|1961|41913|
20190921|254 |1|1|6719|152|330|400|133|790|8524|
20190921|254 |1|2|35336|820|948|562|1330|1892|40888|
20190921|651 |0|1|8869|76|119|101|19|131|9315|
20190921|651 |0|2|45248|425|1279|174|260|1886|49272|
20190921|651 |1|1|6709|68|175|63|15|652|7682|
20190921|651 |1|2|36376|419|1260|129|206|1592|39982|
20190921|685 |0|1|5208|102|410|355|201|80|6356|
20190921|685 |0|2|23625|530|1338|436|2029|1109|29067|
20190921|685 |1|1|4475|108|414|340|148|424|5909|
20190921|685 |1|2|21655|542|1152|463|2149|997|26958|
20190922|101 |0|1|12557|80|206|126|29|123|13121|
20190922|101 |0|2|59726|788|7016|498|191|2391|70610|
20190922|101 |1|1|11641|131|245|189|37|1067|13310|
20190922|101 |1|2|56545|740|7421|607|220|2277|67810|
20190922|190 |0|1|7341|94|265|121|33|42|7896|
20190922|190 |0|2|36233|675|1868|385|178|1506|40845|
20190922|190 |1|1|7614|93|169|158|23|598|8655|
20190922|190 |1|2|38418|521|1885|473|162|1453|42912|
20190922|253 |0|1|11358|89|180|120|38|127|11912|
20190922|253 |0|2|56894|543|680|298|315|2730|61460|
20190922|253 |1|1|10900|78|168|126|50|1074|12396|
20190922|253 |1|2|54867|447|643|280|311|2394|58942|
20190922|254 |0|1|5539|51|118|88|30|69|5895|
20190922|254 |0|2|28326|337|771|175|267|1415|31291|
20190922|254 |1|1|5818|51|89|104|27|645|6734|
20190922|254 |1|2|28096|269|734|140|216|1423|30878|
20190922|651 |0|1|4559|28|100|29|5|60|4781|
20190922|651 |0|2|23072|164|974|65|47|1091|25413|
20190922|651 |1|1|6175|55|102|57|6|641|7036|
20190922|651 |1|2|33242|196|954|96|63|1355|35906|
20190922|685 |0|1|3982|42|118|105|36|48|4331|
20190922|685 |0|2|17726|202|1156|155|470|837|20546|
20190922|685 |1|1|3326|44|118|74|37|294|3893|
20190922|685 |1|2|15048|180|1080|117|416|639|17480|
20190923|101 |0|1|13959|328|705|539|152|244|15927|
20190923|101 |0|2|77142|2433|8706|1376|897|3673|94227|
20190923|101 |1|1|11841|387|622|555|159|1242|14806|
20190923|101 |1|2|73673|2773|9219|1697|1157|3739|92258|
20190923|190 |0|1|8021|327|1074|856|175|101|10554|
20190923|190 |0|2|48958|2759|2778|1867|1653|2309|60324|
20190923|190 |1|1|7313|345|782|781|161|759|10141|
20190923|190 |1|2|43533|2729|2916|1711|1876|2210|54975|
20190923|253 |0|1|11886|398|980|862|218|236|14580|
20190923|253 |0|2|74807|2602|2037|1965|2354|4230|87995|
20190923|253 |1|1|9807|392|899|806|285|1158|13347|
20190923|253 |1|2|66009|2603|2029|2076|2885|3846|79448|
20190923|254 |0|1|5722|246|747|842|331|104|7992|
20190923|254 |0|2|36880|1767|1393|1170|2970|2480|46660|
20190923|254 |1|1|5397|252|675|639|265|684|7912|
20190923|254 |1|2|32991|1468|1174|830|2479|2205|41147|
20190923|651 |0|1|4950|104|252|123|23|104|5556|
20190923|651 |0|2|27785|624|1097|314|353|1658|31831|
20190923|651 |1|1|4475|129|257|122|28|531|5542|
20190923|651 |1|2|27279|627|1067|353|349|1692|31367|
20190923|685 |0|1|4036|222|847|880|505|83|6573|
20190923|685 |0|2|20355|1274|1591|1022|3265|1106|28613|
20190923|685 |1|1|3078|237|816|681|436|325|5573|
20190923|685 |1|2|19006|1336|1607|866|3161|1105|27081|
20190924|101 |0|1|13460|358|848|565|182|227|15640|
20190924|101 |0|2|73520|2776|8954|1582|1214|3360|91406|
20190924|101 |1|1|12086|403|768|811|223|1211|15502|
20190924|101 |1|2|73590|3123|9680|2056|1672|3527|93648|
20190924|190 |0|1|8103|394|1249|953|234|123|11056|
20190924|190 |0|2|47659|2959|2995|2015|1937|2295|59860|
20190924|190 |1|1|7811|384|855|1023|221|817|11111|
20190924|190 |1|2|46007|3061|3039|2348|2216|2180|58851|
20190924|253 |0|1|11215|432|1192|923|267|230|14259|
20190924|253 |0|2|71131|2736|2312|2200|2697|3948|85024|
20190924|253 |1|1|10569|471|1051|987|349|1312|14739|
20190924|253 |1|2|68864|2961|2375|2507|3411|3872|83990|
20190924|254 |0|1|5543|285|851|1000|383|98|8160|
20190924|254 |0|2|36215|1883|1639|1311|3477|2430|46955|
20190924|254 |1|1|5455|276|747|796|318|665|8257|
20190924|254 |1|2|33078|1562|1331|1056|2953|2228|42208|
20190924|651 |0|1|5208|120|281|166|37|113|5925|
20190924|651 |0|2|28624|696|1259|413|549|1634|33175|
20190924|651 |1|1|4621|134|283|172|31|523|5764|
20190924|651 |1|2|27238|675|1137|368|457|1661|31536|
20190924|685 |0|1|3249|213|856|831|469|80|5698|
20190924|685 |0|2|18994|1293|1466|1106|3256|1091|27206|
20190924|685 |1|1|3057|256|854|756|370|357|5650|
20190924|685 |1|2|18478|1387|1538|1039|3487|1081|27010|
20190925|101 |0|1|13572|377|837|584|215|232|15817|
20190925|101 |0|2|74417|2654|9285|1518|1214|3545|92633|
20190925|101 |1|1|12188|407|691|759|230|1161|15436|
20190925|101 |1|2|74090|3096|10106|2121|1643|3571|94627|
20190925|190 |0|1|7921|374|1168|893|180|119|10655|
20190925|190 |0|2|47231|2963|2985|1941|1917|2273|59310|
20190925|190 |1|1|7437|415|833|1021|255|737|10698|
20190925|190 |1|2|45149|2943|3101|2239|2293|2196|57921|
20190925|253 |0|1|11213|401|1096|875|242|238|14065|
20190925|253 |0|2|70097|2717|2283|2126|2519|3930|83672|
20190925|253 |1|1|11018|450|934|961|388|1286|15037|
20190925|253 |1|2|68204|2826|2335|2387|3307|3903|82962|
20190925|254 |0|1|5405|269|783|847|362|126|7792|
20190925|254 |0|2|35161|1789|1391|1177|3288|2322|45128|
20190925|254 |1|1|5604|276|680|829|338|676|8403|
20190925|254 |1|2|33245|1635|1205|1039|3010|2137|42271|
20190925|651 |0|1|4908|114|247|146|36|89|5540|
20190925|651 |0|2|27906|700|1244|359|440|1678|32327|
20190925|651 |1|1|4628|127|282|141|46|513|5737|
20190925|651 |1|2|27453|697|1162|364|390|1679|31745|
20190925|685 |0|1|3156|237|835|867|484|72|5651|
20190925|685 |0|2|19589|1349|1648|1089|3820|1075|28570|
20190925|685 |1|1|2866|264|797|702|394|338|5361|
20190925|685 |1|2|18426|1419|1568|1011|3718|1062|27204|
20190926|101 |0|1|13619|368|870|638|204|225|15924|
20190926|101 |0|2|74884|2612|9534|1485|1160|3331|93006|
20190926|101 |1|1|12531|423|723|816|256|1194|15943|
20190926|101 |1|2|75895|3094|10161|2160|1654|3548|96512|
20190926|190 |0|1|8575|359|1175|911|211|106|11337|
20190926|190 |0|2|45838|2818|2952|1892|1762|2186|57448|
20190926|190 |1|1|7645|359|840|962|249|769|10824|
20190926|190 |1|2|44809|2782|3062|2216|2101|2133|57103|
20190926|253 |0|1|11151|453|1110|836|250|232|14032|
20190926|253 |0|2|70707|2694|2377|2062|2334|3993|84167|
20190926|253 |1|1|10618|486|939|1002|340|1233|14618|
20190926|253 |1|2|69331|2937|2387|2369|3091|3858|83973|
20190926|254 |0|1|5527|268|786|920|345|115|7961|
20190926|254 |0|2|35309|1816|1414|1166|3254|2235|45194|
20190926|254 |1|1|5557|269|715|844|332|677|8394|
20190926|254 |1|2|33139|1556|1243|930|2797|2157|41822|
20190926|651 |0|1|5112|129|262|139|40|102|5784|
20190926|651 |0|2|28543|694|1262|410|433|1630|32972|
20190926|651 |1|1|4673|134|294|132|35|535|5803|
20190926|651 |1|2|27738|678|1156|392|380|1674|32018|
20190926|685 |0|1|3327|217|851|886|439|66|5786|
20190926|685 |0|2|19906|1294|1643|1080|3613|1169|28705|
20190926|685 |1|1|3180|249|858|785|413|329|5814|
20190926|685 |1|2|19087|1394|1533|997|3343|1119|27473|
20190927|101 |0|1|14642|381|880|551|241|221|16916|
20190927|101 |0|2|76298|2563|9969|1423|1055|3521|94829|
20190927|101 |1|1|13841|452|692|772|253|1362|17372|
20190927|101 |1|2|81360|3096|10885|2084|1515|3876|102816|
20190927|190 |0|1|9245|392|1140|849|195|114|11935|
20190927|190 |0|2|55268|2846|3033|1835|1836|2420|67238|
20190927|190 |1|1|9144|417|886|1034|248|869|12598|
20190927|190 |1|2|50661|2910|3014|2225|2079|2396|63285|
20190927|253 |0|1|12605|419|1126|826|268|263|15507|
20190927|253 |0|2|78656|2751|2310|2060|2479|4175|92431|
20190927|253 |1|1|12015|451|1006|1013|358|1418|16261|
20190927|253 |1|2|75311|2909|2272|2400|3282|4227|90401|
20190927|254 |0|1|5805|291|775|875|341|136|8223|
20190927|254 |0|2|37132|1818|1453|1136|3171|2349|47059|
20190927|254 |1|1|5745|281|742|893|515|710|8886|
20190927|254 |1|2|34888|1594|1225|934|2759|2227|43627|
20190927|651 |0|1|6530|135|296|215|80|138|7394|
20190927|651 |0|2|36716|736|1272|393|505|1863|41485|
20190927|651 |1|1|5086|140|343|174|60|567|6370|
20190927|651 |1|2|30571|721|1334|362|449|1736|35173|
20190927|685 |0|1|3990|222|841|837|409|64|6363|
20190927|685 |0|2|22545|1308|1771|1098|3650|1203|31575|
20190927|685 |1|1|3503|233|789|710|428|365|6028|
20190927|685 |1|2|20463|1375|1534|1017|3472|1178|29039|
20190928|101 |0|1|17226|215|468|285|127|161|18482|
20190928|101 |0|2|79646|1642|9726|823|717|3020|95574|
20190928|101 |1|1|15620|302|419|453|116|1390|18300|
20190928|101 |1|2|78119|2006|10127|1229|1018|2962|95461|
20190928|190 |0|1|12666|193|603|378|101|82|14023|
20190928|190 |0|2|61479|1409|2237|664|1067|2194|69050|
20190928|190 |1|1|10470|208|385|520|135|932|12650|
20190928|190 |1|2|53690|1501|2312|1081|1293|2075|61952|
20190928|253 |0|1|15368|230|537|449|142|166|16892|
20190928|253 |0|2|77582|1294|1465|899|1767|3540|86547|
20190928|253 |1|1|14327|283|496|517|222|1483|17328|
20190928|253 |1|2|74955|1451|1495|1168|2404|3568|85041|
20190928|254 |0|1|7471|153|391|379|163|114|8671|
20190928|254 |0|2|40364|818|1163|539|1560|2095|46539|
20190928|254 |1|1|7254|152|329|441|201|775|9152|
20190928|254 |1|2|36632|744|1014|523|1369|1871|42153|
20190928|651 |0|1|9162|76|110|119|32|187|9686|
20190928|651 |0|2|47454|441|1196|232|281|1934|51538|
20190928|651 |1|1|6774|87|170|69|19|683|7802|
20190928|651 |1|2|37140|429|1182|160|234|1656|40801|
20190928|685 |0|1|5495|99|365|343|221|55|6578|
20190928|685 |0|2|24852|478|1222|432|1836|1081|29901|
20190928|685 |1|1|4588|126|392|346|208|461|6121|
20190928|685 |1|2|22232|538|1137|500|2077|978|27462|
20190929|101 |0|1|15967|150|286|147|57|164|16771|
20190929|101 |0|2|76022|904|7408|560|247|2801|87942|
20190929|101 |1|1|15275|196|265|239|45|1335|17355|
20190929|101 |1|2|74229|994|8325|788|312|2679|87327|
20190929|190 |0|1|9956|95|347|206|34|65|10703|
20190929|190 |0|2|48303|880|1912|493|273|1830|53691|
20190929|190 |1|1|10561|143|187|233|40|868|12032|
20190929|190 |1|2|53032|719|1852|637|267|1872|58379|
20190929|253 |0|1|14304|122|293|155|52|141|15067|
20190929|253 |0|2|69404|753|720|362|484|3275|74998|
20190929|253 |1|1|14243|140|204|203|61|1371|16222|
20190929|253 |1|2|69823|666|722|391|479|3100|75181|
20190929|254 |0|1|7049|70|147|176|47|80|7569|
20190929|254 |0|2|34922|423|775|228|431|1775|38554|
20190929|254 |1|1|7137|71|112|146|29|787|8282|
20190929|254 |1|2|34533|337|778|234|368|1594|37844|
20190929|651 |0|1|6783|40|109|40|10|105|7087|
20190929|651 |0|2|34036|220|1013|102|100|1468|36939|
20190929|651 |1|1|8659|68|152|77|8|734|9698|
20190929|651 |1|2|40966|251|907|136|64|1604|43928|
20190929|685 |0|1|4987|62|169|113|58|58|5447|
20190929|685 |0|2|21782|248|1121|168|684|964|24967|
20190929|685 |1|1|4636|40|110|101|64|411|5362|
20190929|685 |1|2|21527|229|989|165|582|857|24349|
20190930|101 |0|1|15252|416|852|578|211|241|17550|
20190930|101 |0|2|76435|2529|8789|1435|1120|3623|93931|
20190930|101 |1|1|12423|367|665|703|230|1253|15641|
20190930|101 |1|2|76202|2918|9515|1818|1519|3787|95759|
20190930|190 |0|1|8567|400|1274|869|201|91|11402|
20190930|190 |0|2|49939|2910|2812|1890|1800|2326|61677|
20190930|190 |1|1|8025|385|827|833|197|825|11092|
20190930|190 |1|2|46596|2886|2895|1908|1846|2353|58484|
20190930|253 |0|1|11476|415|1111|852|233|244|14331|
20190930|253 |0|2|71623|2641|2035|2042|2517|4036|84894|
20190930|253 |1|1|10593|477|941|873|305|1237|14426|
20190930|253 |1|2|69003|2836|2198|2146|3298|3928|83409|
20190930|254 |0|1|5715|278|775|969|350|121|8208|
20190930|254 |0|2|36374|1767|1420|1214|3237|2409|46421|
20190930|254 |1|1|5460|255|664|730|299|636|8044|
20190930|254 |1|2|32996|1454|1244|860|2754|2143|41451|
