20191101|101 |0|1|13994|361|844|540|155|236|16130|
20191101|101 |0|2|77554|2577|9959|1497|905|3386|95878|
20191101|101 |1|1|12841|406|771|795|176|1310|16299|
20191101|101 |1|2|80016|3035|10473|2085|1389|3657|100655|
20191101|190 |0|1|9679|386|1012|829|175|163|12244|
20191101|190 |0|2|56958|2892|3048|1796|1728|2415|68837|
20191101|190 |1|1|8246|382|758|919|235|877|11417|
20191101|190 |1|2|50571|2950|2911|2093|1912|2311|62748|
20191101|253 |0|1|12352|418|990|943|217|211|15131|
20191101|253 |0|2|77718|2686|2179|1783|2524|4054|90944|
20191101|253 |1|1|11530|460|901|927|332|1268|15418|
20191101|253 |1|2|74113|2959|2044|2091|3198|4094|88499|
20191101|254 |0|1|5607|250|779|916|560|103|8215|
20191101|254 |0|2|35507|1673|1340|993|2512|2236|44261|
20191101|254 |1|1|5761|255|636|781|281|705|8419|
20191101|254 |1|2|35466|1553|1307|1000|2609|2214|44149|
20191101|651 |0|1|6745|116|237|167|50|137|7452|
20191101|651 |0|2|39016|721|1407|375|489|1837|43845|
20191101|651 |1|1|5146|145|367|153|28|578|6417|
20191101|651 |1|2|30142|680|1362|332|470|1784|34770|
20191101|685 |0|1|3758|215|718|756|395|72|5914|
20191101|685 |0|2|21432|1259|1606|1142|3147|1124|29710|
20191101|685 |1|1|3472|256|773|731|380|328|5940|
20191101|685 |1|2|19721|1390|1527|1070|3116|1106|27930|
20191102|101 |0|1|15928|219|468|243|77|152|17087|
20191102|101 |0|2|78686|1515|9981|826|569|2732|94309|
20191102|101 |1|1|15014|309|449|459|108|1448|17787|
20191102|101 |1|2|78706|1947|10161|1220|854|3014|95902|
20191102|190 |0|1|13807|216|505|304|104|141|15077|
20191102|190 |0|2|58626|1215|2117|674|775|1971|65378|
20191102|190 |1|1|10365|234|373|436|128|1017|12553|
20191102|190 |1|2|54188|1395|2270|1086|1053|2028|62020|
20191102|253 |0|1|15296|216|483|396|126|207|16724|
20191102|253 |0|2|78444|1267|1279|751|1304|3403|86448|
20191102|253 |1|1|13824|228|478|520|196|1376|16622|
20191102|253 |1|2|75894|1474|1323|1036|1732|3419|84878|
20191102|254 |0|1|7202|147|354|321|158|99|8281|
20191102|254 |0|2|39462|770|1139|532|1354|2056|45313|
20191102|254 |1|1|7200|148|315|397|135|824|9019|
20191102|254 |1|2|37970|763|1081|572|1355|2029|43770|
20191102|651 |0|1|8857|81|113|103|34|137|9325|
20191102|651 |0|2|44016|406|1220|199|255|1724|47820|
20191102|651 |1|1|6936|100|207|85|25|648|8001|
20191102|651 |1|2|37197|428|1255|114|163|1578|40735|
20191102|685 |0|1|5617|83|389|364|185|64|6702|
20191102|685 |0|2|25024|463|1339|510|1715|1002|30053|
20191102|685 |1|1|4784|93|353|331|175|436|6172|
20191102|685 |1|2|22503|508|1212|573|1827|953|27576|
20191103|101 |0|1|15032|124|292|150|31|150|15779|
20191103|101 |0|2|76230|904|8032|563|223|2794|88746|
20191103|101 |1|1|15296|189|292|255|48|1274|17354|
20191103|101 |1|2|76755|1009|9352|874|289|2671|90950|
20191103|190 |0|1|10912|117|286|189|31|96|11631|
20191103|190 |0|2|52421|812|2199|443|218|2001|58094|
20191103|190 |1|1|11312|114|172|191|48|929|12766|
20191103|190 |1|2|55916|611|1748|536|212|1835|60858|
20191103|253 |0|1|14181|126|251|183|44|134|14919|
20191103|253 |0|2|71472|757|1021|388|490|3204|77332|
20191103|253 |1|1|13883|122|196|192|70|1242|15705|
20191103|253 |1|2|73006|647|907|429|486|2995|78470|
20191103|254 |0|1|6768|59|133|127|47|70|7204|
20191103|254 |0|2|34925|405|809|211|406|1719|38475|
20191103|254 |1|1|7285|53|92|113|35|797|8375|
20191103|254 |1|2|34620|321|825|171|343|1657|37937|
20191103|651 |0|1|6695|52|75|26|2|88|6938|
20191103|651 |0|2|32403|205|1049|75|59|1354|35145|
20191103|651 |1|1|8163|61|145|51|8|730|9158|
20191103|651 |1|2|39416|229|903|90|40|1527|42205|
20191103|685 |0|1|5054|45|120|133|63|66|5481|
20191103|685 |0|2|21901|226|1222|188|518|957|25012|
20191103|685 |1|1|5051|43|87|98|59|434|5772|
20191103|685 |1|2|23796|215|1066|195|466|896|26634|
20191104|101 |0|1|13044|330|743|552|151|219|15039|
20191104|101 |0|2|76661|2455|8754|1484|912|3570|93836|
20191104|101 |1|1|12248|380|666|659|188|1190|15331|
20191104|101 |1|2|75563|2805|9234|1845|1323|3497|94267|
20191104|190 |0|1|8571|373|995|941|150|143|11173|
20191104|190 |0|2|50669|2819|2843|1990|1574|2364|62259|
20191104|190 |1|1|8099|368|768|790|181|784|10990|
20191104|190 |1|2|46842|2755|2871|1890|1746|2239|58343|
20191104|253 |0|1|11616|395|1151|857|214|247|14480|
20191104|253 |0|2|73710|2593|2077|2127|2286|4118|86911|
20191104|253 |1|1|10424|428|898|887|292|1124|14053|
20191104|253 |1|2|67611|2723|2156|2248|2995|3901|81634|
20191104|254 |0|1|5729|261|774|910|365|130|8169|
20191104|254 |0|2|36326|1814|1553|1311|3502|2434|46940|
20191104|254 |1|1|5669|235|692|678|293|642|8209|
20191104|254 |1|2|32886|1541|1235|868|2707|2197|41434|
20191104|651 |0|1|5435|127|245|156|39|115|6117|
20191104|651 |0|2|28815|706|1133|349|380|1673|33056|
20191104|651 |1|1|5151|132|287|155|31|558|6314|
20191104|651 |1|2|29785|675|1086|326|355|1799|34026|
20191104|685 |0|1|3867|174|758|710|418|71|5998|
20191104|685 |0|2|18431|1181|1394|1074|3002|988|26070|
20191104|685 |1|1|3127|268|726|690|378|329|5518|
20191104|685 |1|2|18642|1317|1528|976|3121|1030|26614|
20191105|101 |0|1|12188|326|876|614|201|220|14425|
20191105|101 |0|2|73939|2653|9071|1666|1093|3452|91874|
20191105|101 |1|1|11246|378|732|829|230|1152|14567|
20191105|101 |1|2|73326|3048|9559|2281|1591|3489|93294|
20191105|190 |0|1|7979|389|1063|925|185|140|10681|
20191105|190 |0|2|47435|3036|3077|2204|1797|2266|59815|
20191105|190 |1|1|7550|345|851|1029|231|714|10720|
20191105|190 |1|2|45102|2954|3066|2417|2025|2217|57781|
20191105|253 |0|1|10635|395|1207|899|230|225|13591|
20191105|253 |0|2|69638|2812|2407|2234|2708|3858|83657|
20191105|253 |1|1|10387|470|993|1067|330|1107|14354|
20191105|253 |1|2|68790|3096|2415|2649|3492|3852|84294|
20191105|254 |0|1|5412|261|860|1001|470|129|8133|
20191105|254 |0|2|35115|1812|1463|1249|3208|2278|45125|
20191105|254 |1|1|5129|243|638|840|355|612|7817|
20191105|254 |1|2|31556|1571|1286|1086|2744|2055|40298|
20191105|651 |0|1|4794|116|270|177|32|101|5490|
20191105|651 |0|2|27346|723|1159|431|451|1590|31700|
20191105|651 |1|1|4640|121|348|154|40|537|5840|
20191105|651 |1|2|27429|700|1110|368|391|1656|31654|
20191105|685 |0|1|3110|234|841|837|448|67|5537|
20191105|685 |0|2|18508|1379|1686|1185|3452|1086|27296|
20191105|685 |1|1|2931|281|808|815|398|320|5553|
20191105|685 |1|2|18149|1436|1617|1152|3465|1052|26871|
20191106|101 |0|1|12552|360|822|571|190|228|14723|
20191106|101 |0|2|74592|2575|9006|1631|1057|3534|92395|
20191106|101 |1|1|11770|420|665|806|216|1159|15036|
20191106|101 |1|2|75367|3081|9578|2233|1434|3578|95271|
20191106|190 |0|1|7755|353|1093|858|238|149|10446|
20191106|190 |0|2|47125|2963|3035|1988|1735|2230|59076|
20191106|190 |1|1|7505|385|823|933|252|751|10649|
20191106|190 |1|2|45895|2971|3015|2230|2020|2188|58319|
20191106|253 |0|1|10967|406|1185|851|221|222|13852|
20191106|253 |0|2|71305|2776|2281|2235|2487|4010|85094|
20191106|253 |1|1|10204|449|925|1027|315|1131|14051|
20191106|253 |1|2|67582|2918|2440|2565|3241|3835|82581|
20191106|254 |0|1|5003|285|742|820|294|127|7271|
20191106|254 |0|2|34423|1764|1445|1227|3259|2253|44371|
20191106|254 |1|1|5291|280|661|772|281|623|7908|
20191106|254 |1|2|32557|1569|1282|1038|2752|2114|41312|
20191106|651 |0|1|4872|126|219|181|41|92|5531|
20191106|651 |0|2|27625|693|1154|416|451|1662|32001|
20191106|651 |1|1|4577|142|332|143|42|483|5719|
20191106|651 |1|2|27438|718|1087|345|387|1684|31659|
20191106|685 |0|1|3114|225|861|841|439|90|5570|
20191106|685 |0|2|18794|1287|1700|1192|3416|1076|27465|
20191106|685 |1|1|2909|256|798|741|384|293|5381|
20191106|685 |1|2|18270|1392|1545|1106|3399|1054|26766|
20191107|101 |0|1|12494|332|804|617|170|208|14625|
20191107|101 |0|2|75100|2602|9031|1554|1035|3424|92746|
20191107|101 |1|1|11988|419|697|822|229|1136|15291|
20191107|101 |1|2|76416|3013|9614|2215|1422|3606|96286|
20191107|190 |0|1|8073|368|1033|893|190|132|10689|
20191107|190 |0|2|49003|2949|3046|2101|1783|2217|61099|
20191107|190 |1|1|7697|345|797|923|250|711|10723|
20191107|190 |1|2|47002|2891|2973|2284|2184|2243|59577|
20191107|253 |0|1|10828|408|1122|857|220|227|13662|
20191107|253 |0|2|70928|2770|2240|2193|2539|3862|84532|
20191107|253 |1|1|10427|484|991|1077|364|1149|14492|
20191107|253 |1|2|69186|3023|2259|2459|3200|3861|83988|
20191107|254 |0|1|5081|251|777|864|324|112|7409|
20191107|254 |0|2|33760|1727|1433|1214|3098|2242|43474|
20191107|254 |1|1|5182|246|667|844|344|617|7900|
20191107|254 |1|2|32182|1473|1248|1037|2552|2137|40629|
20191107|651 |0|1|5200|131|256|177|45|98|5907|
20191107|651 |0|2|28902|754|1193|427|412|1633|33321|
20191107|651 |1|1|4646|143|322|138|37|539|5825|
20191107|651 |1|2|27892|720|1092|362|334|1677|32077|
20191107|685 |0|1|3229|215|810|840|440|58|5592|
20191107|685 |0|2|19232|1338|1730|1185|3339|1090|27914|
20191107|685 |1|1|3017|259|809|757|364|311|5517|
20191107|685 |1|2|18203|1393|1579|1096|3259|1049|26579|
20191108|101 |0|1|13577|322|784|538|194|235|15650|
20191108|101 |0|2|79378|2588|9686|1530|985|3399|97566|
20191108|101 |1|1|13052|378|729|793|206|1267|16425|
20191108|101 |1|2|80031|3090|10276|2133|1391|3675|100596|
20191108|190 |0|1|10038|370|1050|914|182|175|12729|
20191108|190 |0|2|58570|2896|2993|1899|1894|2492|70744|
20191108|190 |1|1|8696|355|825|936|221|905|11938|
20191108|190 |1|2|51310|2873|2881|2158|2202|2386|63810|
20191108|253 |0|1|12374|420|1044|767|196|218|15019|
20191108|253 |0|2|77695|2713|1980|1717|2384|4113|90602|
20191108|253 |1|1|11544|465|899|966|335|1201|15410|
20191108|253 |1|2|72260|2893|2021|2110|3048|4050|86382|
20191108|254 |0|1|5776|249|753|810|339|129|8056|
20191108|254 |0|2|36865|1768|1442|1185|3053|2269|46582|
20191108|254 |1|1|5757|279|682|857|313|696|8584|
20191108|254 |1|2|35193|1578|1258|1068|2704|2235|44036|
20191108|651 |0|1|6662|110|251|174|26|126|7349|
20191108|651 |0|2|38113|723|1254|390|509|1882|42871|
20191108|651 |1|1|5064|132|337|133|32|554|6252|
20191108|651 |1|2|29637|695|1151|333|448|1690|33954|
20191108|685 |0|1|3995|235|821|835|444|68|6398|
20191108|685 |0|2|23160|1347|1755|1112|3359|1238|31971|
20191108|685 |1|1|3529|263|749|719|416|383|6059|
20191108|685 |1|2|20542|1411|1573|1054|3395|1155|29130|
20191109|101 |0|1|16354|197|475|289|92|185|17592|
20191109|101 |0|2|79926|1504|10319|848|671|2912|96180|
20191109|101 |1|1|15190|286|446|452|132|1356|17862|
20191109|101 |1|2|78974|1920|10648|1177|951|2980|96650|
20191109|190 |0|1|13215|180|522|371|120|137|14545|
20191109|190 |0|2|59321|1283|2033|688|937|2080|66342|
20191109|190 |1|1|10644|207|356|441|138|926|12712|
20191109|190 |1|2|54034|1473|2150|1179|1313|1975|62124|
20191109|253 |0|1|15240|213|489|371|123|179|16615|
20191109|253 |0|2|77203|1214|1491|829|1493|3354|85584|
20191109|253 |1|1|13671|232|466|506|191|1392|16458|
20191109|253 |1|2|74182|1438|1510|1186|2172|3398|83886|
20191109|254 |0|1|7659|131|367|314|146|91|8708|
20191109|254 |0|2|41037|778|1071|462|1344|2078|46770|
20191109|254 |1|1|7569|154|339|391|127|878|9458|
20191109|254 |1|2|38429|753|993|546|1334|1977|44032|
20191109|651 |0|1|9177|86|107|91|18|156|9635|
20191109|651 |0|2|46067|396|1142|215|239|1842|49901|
20191109|651 |1|1|6859|86|230|76|7|620|7878|
20191109|651 |1|2|35167|369|1137|137|214|1553|38577|
20191109|685 |0|1|5572|86|369|314|202|79|6622|
20191109|685 |0|2|24026|456|1307|449|1619|962|28819|
20191109|685 |1|1|4659|92|366|312|163|442|6034|
20191109|685 |1|2|22121|514|1147|458|1727|937|26904|
20191110|101 |0|1|14770|110|263|165|34|149|15491|
20191110|101 |0|2|73733|825|7857|554|245|2758|85972|
20191110|101 |1|1|15555|172|316|271|45|1319|17678|
20191110|101 |1|2|75232|901|9112|876|298|2682|89101|
20191110|190 |0|1|10355|96|245|216|28|102|11042|
20191110|190 |0|2|52566|727|2159|434|228|1962|58076|
20191110|190 |1|1|11276|100|186|193|45|886|12686|
20191110|190 |1|2|55466|517|1671|461|264|1882|60261|
20191110|253 |0|1|13804|133|239|208|43|132|14559|
20191110|253 |0|2|69708|706|1042|372|397|3001|75226|
20191110|253 |1|1|13616|113|156|184|62|1139|15270|
20191110|253 |1|2|70877|579|998|404|447|2830|76135|
20191110|254 |0|1|7032|72|128|151|41|70|7494|
20191110|254 |0|2|35155|359|775|200|303|1696|38488|
20191110|254 |1|1|7520|60|89|101|42|770|8582|
20191110|254 |1|2|34929|258|815|157|233|1674|38066|
20191110|651 |0|1|6251|42|78|45|2|111|6529|
20191110|651 |0|2|30761|188|1011|68|57|1392|33477|
20191110|651 |1|1|8323|53|165|52|7|668|9268|
20191110|651 |1|2|38775|186|934|80|46|1515|41536|
20191110|685 |0|1|4967|60|123|120|50|56|5376|
20191110|685 |0|2|21477|215|1248|164|533|913|24550|
20191110|685 |1|1|4897|49|91|89|40|451|5617|
20191110|685 |1|2|23112|199|1040|163|519|855|25888|
20191111|101 |0|1|12966|292|757|528|158|201|14902|
20191111|101 |0|2|76145|2425|8660|1510|919|3542|93201|
20191111|101 |1|1|11876|362|624|670|153|1233|14918|
20191111|101 |1|2|75055|2762|9089|1898|1278|3608|93690|
20191111|190 |0|1|8642|359|988|907|147|167|11210|
20191111|190 |0|2|50041|2770|2726|1849|1590|2391|61367|
20191111|190 |1|1|8225|347|732|765|172|844|11085|
20191111|190 |1|2|46288|2678|2790|1718|1809|2244|57527|
20191111|253 |0|1|11301|346|1115|769|212|238|13981|
20191111|253 |0|2|72523|2513|2005|2035|2144|4141|85361|
20191111|253 |1|1|10499|356|873|851|287|1160|14026|
20191111|253 |1|2|68588|2649|2149|2148|2763|3966|82263|
20191111|254 |0|1|5805|233|735|864|290|105|8032|
20191111|254 |0|2|37263|1749|1379|1212|2943|2432|46978|
20191111|254 |1|1|5395|233|622|650|231|660|7791|
20191111|254 |1|2|32742|1459|1147|841|2444|2153|40786|
20191111|651 |0|1|5026|111|221|133|29|104|5624|
20191111|651 |0|2|27895|652|1071|374|414|1597|32003|
20191111|651 |1|1|4812|120|283|131|26|566|5938|
20191111|651 |1|2|28941|628|1006|330|337|1732|32974|
20191111|685 |0|1|4138|212|822|819|417|78|6486|
20191111|685 |0|2|19042|1215|1527|1040|3175|1000|26999|
20191111|685 |1|1|3106|236|734|659|378|323|5436|
20191111|685 |1|2|18612|1276|1526|920|3063|1092|26489|
20191112|101 |0|1|13366|412|893|676|221|262|15830|
20191112|101 |0|2|74415|2562|8674|1631|1028|3364|91674|
20191112|101 |1|1|11714|413|643|901|247|1126|15044|
20191112|101 |1|2|75907|3052|9320|2292|1612|3585|95768|
20191112|190 |0|1|7892|393|1146|956|202|147|10736|
20191112|190 |0|2|47159|2956|2791|2015|1714|2209|58844|
20191112|190 |1|1|7444|377|837|1052|255|730|10695|
20191112|190 |1|2|44855|2930|2874|2260|2006|2105|57030|
20191112|253 |0|1|11063|371|1223|825|248|254|13984|
20191112|253 |0|2|70441|2857|2198|2302|2722|4054|84574|
20191112|253 |1|1|10264|405|985|1079|358|1183|14274|
20191112|253 |1|2|67595|2970|2233|2680|3400|3863|82741|
20191112|254 |0|1|5408|270|778|867|357|115|7795|
20191112|254 |0|2|35101|1787|1411|1271|3247|2341|45158|
20191112|254 |1|1|5340|277|687|831|355|639|8129|
20191112|254 |1|2|32628|1548|1257|1060|2806|2126|41425|
20191112|651 |0|1|4902|122|212|201|47|103|5587|
20191112|651 |0|2|27519|761|1079|425|479|1581|31844|
20191112|651 |1|1|4536|135|282|148|38|497|5636|
20191112|651 |1|2|27249|727|1041|361|440|1619|31437|
20191112|685 |0|1|3145|232|803|882|448|57|5567|
20191112|685 |0|2|18931|1400|1650|1185|3595|1084|27845|
20191112|685 |1|1|3060|243|761|818|411|305|5598|
20191112|685 |1|2|18178|1460|1503|1047|3366|1066|26620|
20191113|101 |0|1|11436|315|784|578|169|231|13513|
20191113|101 |0|2|71057|2470|8801|1594|965|3359|88246|
20191113|101 |1|1|11381|410|659|826|228|1104|14608|
20191113|101 |1|2|72408|2895|9406|2228|1445|3417|91799|
20191113|190 |0|1|7634|360|1020|897|212|157|10280|
20191113|190 |0|2|46388|2915|2846|1921|1711|2162|57943|
20191113|190 |1|1|7143|372|756|912|222|708|10113|
20191113|190 |1|2|43690|2855|2815|2089|1973|2117|55539|
20191113|253 |0|1|10286|387|1106|908|210|208|13105|
20191113|253 |0|2|67767|2596|2203|2137|2542|3774|81019|
20191113|253 |1|1|9877|394|899|1052|328|1089|13639|
20191113|253 |1|2|65825|2825|2283|2493|3061|3718|80205|
20191113|254 |0|1|4941|252|696|788|322|110|7109|
20191113|254 |0|2|32559|1725|1361|1199|3044|2169|42057|
20191113|254 |1|1|5087|242|665|705|279|650|7628|
20191113|254 |1|2|31770|1525|1174|1017|2665|2103|40254|
20191113|651 |0|1|4572|135|220|164|35|91|5217|
20191113|651 |0|2|26345|692|1024|363|457|1493|30374|
20191113|651 |1|1|4201|136|269|138|28|468|5240|
20191113|651 |1|2|25799|670|1020|331|441|1551|29812|
20191113|685 |0|1|3153|225|787|855|390|66|5476|
20191113|685 |0|2|18508|1327|1614|1195|3421|1126|27191|
20191113|685 |1|1|2701|244|729|745|381|254|5054|
20191113|685 |1|2|17638|1391|1478|1073|3305|1075|25960|
20191114|101 |0|1|12055|326|812|501|142|183|14019|
20191114|101 |0|2|74565|2645|8847|1667|952|3305|91981|
20191114|101 |1|1|11622|427|641|838|188|1173|14889|
20191114|101 |1|2|74881|2993|9359|2263|1360|3393|94249|
20191114|190 |0|1|7929|375|977|857|160|143|10441|
20191114|190 |0|2|48340|2984|3029|1892|1707|2196|60148|
20191114|190 |1|1|7712|373|836|942|224|729|10816|
20191114|190 |1|2|46657|2901|3007|2112|2016|2221|58914|
20191114|253 |0|1|10627|386|1073|826|209|222|13343|
20191114|253 |0|2|70110|2738|2197|2075|2342|3885|83347|
20191114|253 |1|1|10005|409|913|946|309|1119|13701|
20191114|253 |1|2|67108|2869|2247|2485|2885|3787|81381|
20191114|254 |0|1|5165|258|709|805|314|119|7370|
20191114|254 |0|2|33752|1686|1429|1235|3120|2264|43486|
20191114|254 |1|1|5388|252|665|734|291|635|7965|
20191114|254 |1|2|33179|1494|1239|979|2686|2158|41735|
20191114|651 |0|1|4815|122|222|155|47|97|5458|
20191114|651 |0|2|28267|689|1179|396|451|1547|32529|
20191114|651 |1|1|4485|152|319|144|37|459|5596|
20191114|651 |1|2|27532|694|1106|352|399|1586|31669|
20191114|685 |0|1|3210|225|855|865|429|63|5647|
20191114|685 |0|2|19290|1382|1622|1150|3466|1109|28019|
20191114|685 |1|1|3004|271|746|775|363|277|5436|
20191114|685 |1|2|18685|1387|1502|1085|3325|1131|27115|
20191115|101 |0|1|12303|283|716|508|110|176|14096|
20191115|101 |0|2|73516|2390|9361|1513|895|3124|90799|
20191115|101 |1|1|12190|376|602|777|170|1176|15291|
20191115|101 |1|2|76092|2824|9875|2104|1315|3458|95668|
20191115|190 |0|1|9616|355|921|815|162|151|12020|
20191115|190 |0|2|54925|2712|2924|1873|1499|2344|66277|
20191115|190 |1|1|8294|345|728|850|211|845|11273|
20191115|190 |1|2|50080|2717|2840|2080|1753|2350|61820|
20191115|253 |0|1|12042|351|967|842|210|208|14620|
20191115|253 |0|2|75672|2411|1927|1650|2226|3906|87792|
20191115|253 |1|1|11413|443|836|949|305|1237|15183|
20191115|253 |1|2|72112|2616|1919|2032|2659|3856|85194|
20191115|254 |0|1|5535|225|738|702|271|107|7578|
20191115|254 |0|2|35602|1631|1376|1122|2733|2230|44694|
20191115|254 |1|1|5532|223|625|706|282|667|8035|
20191115|254 |1|2|33242|1452|1273|992|2525|2151|41635|
20191115|651 |0|1|5733|106|208|147|37|115|6346|
20191115|651 |0|2|33628|650|1114|370|459|1749|37970|
20191115|651 |1|1|4655|134|273|154|31|533|5780|
20191115|651 |1|2|27892|628|1105|326|405|1638|31994|
20191115|685 |0|1|3857|191|727|796|396|61|6028|
20191115|685 |0|2|21435|1165|1636|1032|3298|1150|29716|
20191115|685 |1|1|3332|243|714|722|331|341|5683|
20191115|685 |1|2|19001|1305|1439|1022|3208|1058|27033|
20191116|101 |0|1|16247|206|507|245|64|166|17435|
20191116|101 |0|2|80242|1491|9206|838|564|2816|95157|
20191116|101 |1|1|15420|279|414|475|86|1312|17986|
20191116|101 |1|2|78431|1970|9591|1274|749|2916|94931|
20191116|190 |0|1|13345|180|521|276|88|126|14536|
20191116|190 |0|2|61848|1359|2075|681|788|2156|68907|
20191116|190 |1|1|10592|198|350|432|102|922|12596|
20191116|190 |1|2|54444|1456|2148|1074|1013|2073|62208|
20191116|253 |0|1|15233|209|511|463|109|164|16689|
20191116|253 |0|2|79433|1219|1325|888|1387|3400|87652|
20191116|253 |1|1|14125|231|454|476|148|1376|16810|
20191116|253 |1|2|76132|1397|1329|1184|1714|3408|85164|
20191116|254 |0|1|7720|148|365|316|126|114|8789|
20191116|254 |0|2|40596|806|1091|502|1158|2042|46195|
20191116|254 |1|1|7802|137|318|378|101|871|9607|
20191116|254 |1|2|38653|750|972|545|1108|1985|44013|
20191116|651 |0|1|8630|84|107|89|13|150|9073|
20191116|651 |0|2|44182|411|1076|228|237|1722|47856|
20191116|651 |1|1|6429|91|195|69|14|618|7416|
20191116|651 |1|2|34742|412|1041|145|189|1451|37980|
20191116|685 |0|1|5781|87|340|289|191|62|6750|
20191116|685 |0|2|25906|486|1295|432|1643|1010|30772|
20191116|685 |1|1|4730|97|328|330|156|469|6110|
20191116|685 |1|2|22541|508|1112|498|1756|962|27377|
20191117|101 |0|1|13615|106|245|153|28|120|14267|
20191117|101 |0|2|67992|862|7549|569|222|2431|79625|
20191117|101 |1|1|14714|184|228|256|52|1193|16627|
20191117|101 |1|2|71479|889|8728|864|296|2478|84734|
20191117|190 |0|1|10251|109|238|185|27|98|10908|
20191117|190 |0|2|47564|763|2049|411|202|1727|52716|
20191117|190 |1|1|10744|85|183|179|33|797|12021|
20191117|190 |1|2|50402|572|1554|456|210|1663|54857|
20191117|253 |0|1|12745|101|242|155|45|131|13419|
20191117|253 |0|2|66940|663|840|370|379|2889|72081|
20191117|253 |1|1|12788|93|138|185|57|1120|14381|
20191117|253 |1|2|65462|584|733|421|358|2597|70155|
20191117|254 |0|1|6485|51|118|116|29|55|6854|
20191117|254 |0|2|32849|369|714|209|300|1680|36121|
20191117|254 |1|1|7088|54|111|98|36|655|8042|
20191117|254 |1|2|33306|302|710|185|239|1597|36339|
20191117|651 |0|1|5205|34|57|42|8|77|5423|
20191117|651 |0|2|26595|176|952|73|72|1204|29072|
20191117|651 |1|1|6985|56|130|55|3|621|7850|
20191117|651 |1|2|34455|196|843|84|77|1375|37030|
20191117|685 |0|1|4746|42|142|123|47|60|5160|
20191117|685 |0|2|20898|220|1170|190|489|951|23918|
20191117|685 |1|1|4966|44|93|107|38|455|5703|
20191117|685 |1|2|22415|220|883|201|435|839|24993|
20191118|101 |0|1|12903|316|736|531|104|202|14792|
20191118|101 |0|2|76698|2380|8477|1436|840|3633|93464|
20191118|101 |1|1|11822|367|580|656|160|1250|14835|
20191118|101 |1|2|75705|2751|9021|1760|1140|3568|93945|
20191118|190 |0|1|8342|336|866|809|152|156|10661|
20191118|190 |0|2|50132|2777|2821|1874|1530|2338|61472|
20191118|190 |1|1|7986|342|734|732|152|772|10718|
20191118|190 |1|2|45648|2637|2826|1635|1677|2252|56675|
20191118|253 |0|1|11253|341|1071|769|185|184|13803|
20191118|253 |0|2|73657|2375|2004|2095|2133|4096|86360|
20191118|253 |1|1|10407|358|895|837|290|1160|13947|
20191118|253 |1|2|66772|2584|2077|2096|2542|3811|79882|
20191118|254 |0|1|5609|252|749|819|320|132|7881|
20191118|254 |0|2|36156|1723|1329|1132|2914|2374|45628|
20191118|254 |1|1|5491|234|676|676|298|622|7997|
20191118|254 |1|2|33101|1439|1182|837|2369|2115|41043|
20191118|651 |0|1|4864|100|207|127|28|97|5423|
20191118|651 |0|2|26567|633|1019|322|380|1642|30563|
20191118|651 |1|1|4680|121|265|129|23|532|5750|
20191118|651 |1|2|27910|633|1032|297|321|1714|31907|
20191118|685 |0|1|3588|189|776|824|405|66|5848|
20191118|685 |0|2|20147|1233|1614|1101|3366|1085|28546|
20191118|685 |1|1|3053|215|763|658|347|301|5337|
20191118|685 |1|2|18520|1335|1508|894|3170|1080|26507|
20191119|101 |0|1|12085|316|882|600|119|196|14198|
20191119|101 |0|2|72885|2595|8776|1632|1001|3372|90261|
20191119|101 |1|1|11424|374|666|920|201|1129|14714|
20191119|101 |1|2|74209|3021|9190|2205|1513|3529|93667|
20191119|190 |0|1|7951|403|1117|926|185|138|10720|
20191119|190 |0|2|47363|2954|2961|2010|1836|2190|59314|
20191119|190 |1|1|7469|379|830|992|229|730|10629|
20191119|190 |1|2|44915|2928|2906|2211|2189|2157|57306|
20191119|253 |0|1|10445|390|1192|889|243|213|13372|
20191119|253 |0|2|70049|2780|2246|2225|2516|3906|83722|
20191119|253 |1|1|10236|427|986|1054|329|1134|14166|
20191119|253 |1|2|67572|2954|2254|2641|3168|3850|82439|
20191119|254 |0|1|5221|267|756|904|332|114|7594|
20191119|254 |0|2|35023|1802|1445|1280|3129|2308|44987|
20191119|254 |1|1|4979|236|691|799|311|595|7611|
20191119|254 |1|2|31016|1495|1199|1033|2641|1973|39357|
20191119|651 |0|1|4347|127|227|174|65|94|5034|
20191119|651 |0|2|25528|681|1041|405|412|1524|29591|
20191119|651 |1|1|4270|151|307|129|39|464|5360|
20191119|651 |1|2|25678|700|1046|324|389|1597|29734|
20191119|685 |0|1|3085|235|867|851|491|64|5593|
20191119|685 |0|2|18374|1302|1566|1119|3865|1074|27300|
20191119|685 |1|1|2892|281|816|749|402|323|5463|
20191119|685 |1|2|17819|1386|1519|1096|3792|1013|26625|
20191120|101 |0|1|11724|304|821|600|144|200|13793|
20191120|101 |0|2|73519|2550|8627|1588|1027|3473|90784|
20191120|101 |1|1|11297|378|631|902|230|1140|14578|
20191120|101 |1|2|73580|2914|9158|2234|1522|3491|92899|
20191120|190 |0|1|7482|377|1065|867|180|169|10140|
20191120|190 |0|2|46880|2941|2951|1883|1772|2216|58643|
20191120|190 |1|1|7175|368|819|908|201|702|10173|
20191120|190 |1|2|44640|2894|2912|2157|2095|2126|56824|
20191120|253 |0|1|10681|417|1086|827|233|226|13470|
20191120|253 |0|2|70834|2748|2165|2204|2591|3922|84464|
20191120|253 |1|1|10060|421|932|1073|331|1154|13971|
20191120|253 |1|2|67605|2893|2195|2477|3198|3849|82217|
20191120|254 |0|1|5214|272|777|851|335|135|7584|
20191120|254 |0|2|34663|1727|1388|1180|2930|2273|44161|
20191120|254 |1|1|5051|288|685|755|283|627|7689|
20191120|254 |1|2|32633|1582|1213|1029|2564|2134|41155|
20191120|651 |0|1|4302|103|222|142|33|94|4896|
20191120|651 |0|2|25443|706|1012|405|444|1502|29512|
20191120|651 |1|1|4051|116|280|116|25|488|5076|
20191120|651 |1|2|25319|704|1002|347|406|1550|29328|
20191120|685 |0|1|3226|194|805|929|461|62|5677|
20191120|685 |0|2|18964|1346|1610|1209|3674|1134|27937|
20191120|685 |1|1|2836|231|807|726|400|304|5304|
20191120|685 |1|2|17834|1336|1479|1061|3413|1016|26139|
20191121|101 |0|1|12316|329|774|592|142|189|14342|
20191121|101 |0|2|73020|2579|8638|1660|1092|3292|90281|
20191121|101 |1|1|12038|410|673|827|205|1158|15311|
20191121|101 |1|2|76423|3018|9156|2224|1505|3504|95830|
20191121|190 |0|1|7493|344|1021|912|169|130|10069|
20191121|190 |0|2|45538|2790|2939|1918|1739|2011|56935|
20191121|190 |1|1|7466|367|847|902|204|728|10514|
20191121|190 |1|2|45931|2805|2966|2066|1961|2288|58017|
20191121|253 |0|1|10972|365|1135|864|238|204|13778|
20191121|253 |0|2|70282|2737|2088|2135|2362|3899|83503|
20191121|253 |1|1|10385|438|959|1019|350|1187|14338|
20191121|253 |1|2|66390|2861|2156|2413|2987|3715|80522|
20191121|254 |0|1|5230|238|766|798|308|111|7451|
20191121|254 |0|2|34392|1723|1442|1195|3071|2267|44090|
20191121|254 |1|1|5315|266|685|732|300|637|7935|
20191121|254 |1|2|33503|1489|1228|986|2523|2143|41872|
20191121|651 |0|1|4657|115|215|159|28|86|5260|
20191121|651 |0|2|26329|728|1109|391|473|1642|30672|
20191121|651 |1|1|4332|140|319|122|32|447|5392|
20191121|651 |1|2|25886|701|1046|312|369|1641|29955|
20191121|685 |0|1|3280|204|801|885|414|84|5668|
20191121|685 |0|2|19030|1312|1581|1142|3435|1102|27602|
20191121|685 |1|1|3098|261|744|790|379|317|5589|
20191121|685 |1|2|18664|1391|1552|1108|3394|1056|27165|
20191122|101 |0|1|13851|319|785|514|131|210|15810|
20191122|101 |0|2|79258|2506|9321|1549|1114|3406|97154|
20191122|101 |1|1|12799|388|632|866|202|1272|16159|
20191122|101 |1|2|77966|3030|9974|2185|1456|3624|98235|
20191122|190 |0|1|9890|339|1014|911|181|171|12506|
20191122|190 |0|2|57719|2899|2947|1834|1676|2565|69640|
20191122|190 |1|1|8711|342|805|861|204|841|11764|
20191122|190 |1|2|51451|2898|2785|2069|2031|2465|63699|
20191122|253 |0|1|13018|378|1083|796|242|226|15743|
20191122|253 |0|2|80186|2658|1900|1794|2303|4136|92977|
20191122|253 |1|1|11638|424|897|956|305|1300|15520|
20191122|253 |1|2|74975|2808|1912|2110|3086|4155|89046|
20191122|254 |0|1|5884|254|752|770|280|137|8077|
20191122|254 |0|2|37952|1757|1412|1116|2832|2270|47339|
20191122|254 |1|1|5759|285|688|764|259|723|8478|
20191122|254 |1|2|35472|1525|1220|986|2466|2149|43818|
20191122|651 |0|1|6093|103|216|145|30|129|6716|
20191122|651 |0|2|34231|690|1121|389|459|1745|38635|
20191122|651 |1|1|4863|120|327|101|33|577|6021|
20191122|651 |1|2|28971|689|1117|334|397|1703|33211|
20191122|685 |0|1|4413|237|783|831|386|78|6728|
20191122|685 |0|2|24916|1322|1667|1133|3444|1295|33777|
20191122|685 |1|1|3639|256|763|702|370|347|6077|
20191122|685 |1|2|20644|1432|1450|1146|3403|1083|29158|
20191123|101 |0|1|15899|210|449|288|75|157|17078|
20191123|101 |0|2|79269|1487|9074|841|675|2681|94027|
20191123|101 |1|1|15418|298|383|495|119|1365|18078|
20191123|101 |1|2|79469|1935|9430|1263|820|2934|95851|
20191123|190 |0|1|12952|196|496|423|125|138|14330|
20191123|190 |0|2|63185|1345|2110|757|850|2228|70475|
20191123|190 |1|1|10842|193|383|476|152|973|13019|
20191123|190 |1|2|55410|1398|2189|1124|1308|2125|63554|
20191123|253 |0|1|15353|212|480|405|101|163|16714|
20191123|253 |0|2|79582|1211|971|730|1415|3404|87313|
20191123|253 |1|1|14063|206|459|506|196|1324|16754|
20191123|253 |1|2|75744|1364|1004|1023|2017|3443|84595|
20191123|254 |0|1|8038|134|378|337|157|115|9159|
20191123|254 |0|2|43038|796|1092|489|1419|2159|48993|
20191123|254 |1|1|7909|159|353|399|151|838|9809|
20191123|254 |1|2|39114|761|954|601|1404|2050|44884|
20191123|651 |0|1|8339|65|103|93|26|148|8774|
20191123|651 |0|2|43469|416|1053|219|252|1826|47235|
20191123|651 |1|1|6288|76|181|62|17|655|7279|
20191123|651 |1|2|34243|378|1008|143|183|1513|37468|
20191123|685 |0|1|5224|78|385|387|193|56|6323|
20191123|685 |0|2|23231|436|1098|469|1816|999|28049|
20191123|685 |1|1|4446|97|316|310|159|407|5735|
20191123|685 |1|2|21765|470|981|500|1978|959|26653|
20191124|101 |0|1|13949|91|275|163|34|135|14647|
20191124|101 |0|2|70903|783|7314|561|233|2544|82338|
20191124|101 |1|1|15011|153|228|296|62|1267|17017|
20191124|101 |1|2|73445|823|8236|858|327|2538|86227|
20191124|190 |0|1|10090|113|243|197|26|106|10775|
20191124|190 |0|2|49807|705|1930|451|229|1813|54935|
20191124|190 |1|1|10307|110|169|183|24|897|11690|
20191124|190 |1|2|52121|531|1544|471|235|1704|56606|
20191124|253 |0|1|13634|111|270|216|43|138|14412|
20191124|253 |0|2|68589|707|739|362|452|3031|73880|
20191124|253 |1|1|13598|94|154|214|60|1237|15357|
20191124|253 |1|2|69770|613|611|471|484|2895|74844|
20191124|254 |0|1|6592|67|122|130|44|81|7036|
20191124|254 |0|2|33965|349|727|190|351|1741|37323|
20191124|254 |1|1|7136|54|91|97|31|731|8140|
20191124|254 |1|2|34165|270|727|176|314|1680|37332|
20191124|651 |0|1|5324|42|57|28|7|72|5530|
20191124|651 |0|2|27691|167|898|75|71|1161|30063|
20191124|651 |1|1|7014|56|122|35|9|629|7865|
20191124|651 |1|2|36246|218|843|76|63|1446|38892|
20191124|685 |0|1|5016|51|146|127|45|55|5440|
20191124|685 |0|2|21693|236|1140|206|648|923|24846|
20191124|685 |1|1|4814|45|92|99|52|394|5496|
20191124|685 |1|2|21652|207|832|172|613|832|24308|
20191125|101 |0|1|12613|302|789|506|96|224|14530|
20191125|101 |0|2|77030|2416|8498|1542|948|3651|94085|
20191125|101 |1|1|11865|367|584|701|155|1220|14892|
20191125|101 |1|2|74188|2798|8864|1952|1242|3559|92603|
20191125|190 |0|1|8275|345|981|906|166|132|10805|
20191125|190 |0|2|49467|2771|2754|2010|1547|2321|60870|
20191125|190 |1|1|7642|342|795|705|167|782|10433|
20191125|190 |1|2|45206|2644|2774|1738|1745|2165|56272|
20191125|253 |0|1|11556|388|1092|767|193|219|14215|
20191125|253 |0|2|73601|2524|1910|2068|2199|4151|86453|
20191125|253 |1|1|10344|433|833|819|241|1164|13834|
20191125|253 |1|2|68223|2697|2024|2173|2845|3906|81868|
20191125|254 |0|1|5657|238|745|845|306|114|7905|
20191125|254 |0|2|36529|1749|1386|1158|3164|2335|46321|
20191125|254 |1|1|5486|263|627|682|270|651|7979|
20191125|254 |1|2|32604|1448|1198|853|2544|2119|40766|
20191125|651 |0|1|4633|95|223|125|29|111|5216|
20191125|651 |0|2|26274|666|995|361|387|1573|30256|
20191125|651 |1|1|4507|126|283|111|30|521|5578|
20191125|651 |1|2|26991|654|976|320|374|1689|31004|
20191125|685 |0|1|4023|237|846|842|436|82|6466|
20191125|685 |0|2|19553|1268|1657|1043|3459|1114|28094|
20191125|685 |1|1|3130|270|722|707|395|319|5543|
20191125|685 |1|2|18734|1354|1532|895|3205|1113|26833|
20191126|101 |0|1|11929|330|840|599|136|195|14029|
20191126|101 |0|2|73233|2606|8513|1657|1027|3443|90479|
20191126|101 |1|1|11550|424|668|865|187|1197|14891|
20191126|101 |1|2|73303|3053|9085|2295|1558|3601|92895|
20191126|190 |0|1|7408|390|1057|906|203|136|10100|
20191126|190 |0|2|44158|2854|2813|1881|1557|2035|55298|
20191126|190 |1|1|7199|380|829|952|233|703|10296|
20191126|190 |1|2|44176|2942|2892|2178|1948|2123|56259|
20191126|253 |0|1|10668|424|1184|841|227|231|13575|
20191126|253 |0|2|69755|2740|2121|2356|2527|3940|83439|
20191126|253 |1|1|9820|444|897|1043|325|1167|13696|
20191126|253 |1|2|66806|2881|2216|2631|3096|3826|81456|
20191126|254 |0|1|5346|262|809|809|335|127|7688|
20191126|254 |0|2|35434|1815|1442|1305|3173|2263|45432|
20191126|254 |1|1|5450|272|749|822|322|692|8307|
20191126|254 |1|2|33597|1604|1297|1096|2598|2165|42357|
20191126|651 |0|1|4614|128|193|166|38|95|5234|
20191126|651 |0|2|25651|695|1050|396|533|1535|29860|
20191126|651 |1|1|4286|135|274|130|49|487|5361|
20191126|651 |1|2|25522|693|1042|336|455|1608|29656|
20191126|685 |0|1|3098|215|810|878|500|66|5567|
20191126|685 |0|2|18116|1339|1636|1185|3697|1038|27011|
20191126|685 |1|1|2887|247|780|748|380|305|5347|
20191126|685 |1|2|18131|1405|1519|1084|3565|1018|26722|
20191127|101 |0|1|11591|312|821|570|131|235|13660|
20191127|101 |0|2|73409|2575|8553|1650|1123|3346|90656|
20191127|101 |1|1|11266|389|653|845|191|1111|14455|
20191127|101 |1|2|73448|3012|9040|2243|1548|3504|92795|
20191127|190 |0|1|7373|383|1028|913|192|142|10031|
20191127|190 |0|2|45725|2897|2857|1967|1890|2178|57514|
20191127|190 |1|1|7219|388|848|897|230|731|10313|
20191127|190 |1|2|44850|2999|2858|2145|2129|2168|57149|
20191127|253 |0|1|10778|413|1149|847|232|216|13635|
20191127|253 |0|2|71063|2715|2093|2201|2583|4003|84658|
20191127|253 |1|1|9863|432|919|1043|301|1118|13676|
20191127|253 |1|2|67729|2857|2198|2498|3158|3856|82296|
20191127|254 |0|1|5266|246|786|827|359|124|7608|
20191127|254 |0|2|35071|1753|1380|1228|3196|2334|44962|
20191127|254 |1|1|5331|257|674|780|289|658|7989|
20191127|254 |1|2|33311|1553|1211|1013|2699|2151|41938|
20191127|651 |0|1|4482|103|205|163|34|91|5078|
20191127|651 |0|2|25207|699|1051|415|501|1568|29441|
20191127|651 |1|1|4310|119|266|154|39|514|5402|
20191127|651 |1|2|25788|684|1002|340|476|1631|29921|
20191127|685 |0|1|3148|234|901|979|664|74|6000|
20191127|685 |0|2|18820|1338|1613|1234|3360|1103|27468|
20191127|685 |1|1|2829|248|836|770|419|292|5394|
20191127|685 |1|2|17741|1359|1566|1151|3496|1031|26344|
20191128|101 |0|1|11935|330|828|559|146|207|14005|
20191128|101 |0|2|72188|2639|8520|1587|1106|3311|89351|
20191128|101 |1|1|11600|377|617|883|181|1151|14809|
20191128|101 |1|2|74042|3001|9086|2322|1609|3540|93600|
20191128|190 |0|1|7542|367|1064|873|187|147|10180|
20191128|190 |0|2|46237|2826|2985|1973|1799|2212|58032|
20191128|190 |1|1|7401|388|861|899|272|746|10567|
20191128|190 |1|2|45085|2806|2949|2179|2050|2189|57258|
20191128|253 |0|1|10785|406|1097|811|228|220|13547|
20191128|253 |0|2|70292|2709|2104|2124|2424|3937|83590|
20191128|253 |1|1|10285|455|918|1028|314|1192|14192|
20191128|253 |1|2|68598|2860|2239|2596|3198|3889|83380|
20191128|254 |0|1|5098|273|792|844|351|112|7470|
20191128|254 |0|2|34403|1778|1398|1275|3272|2253|44379|
20191128|254 |1|1|5224|257|679|765|281|666|7872|
20191128|254 |1|2|33657|1521|1221|1083|2752|2109|42343|
20191128|685 |0|1|3167|224|785|842|460|65|5543|
20191128|685 |0|2|19021|1302|1582|1217|3548|1062|27732|
20191128|685 |1|1|2972|282|738|773|413|277|5455|
20191128|685 |1|2|18600|1380|1464|1134|3392|1048|27018|
20191129|101 |0|1|12519|296|790|511|154|201|14471|
20191129|101 |0|2|75799|2502|9249|1543|1093|3404|93590|
20191129|101 |1|1|12769|385|618|849|205|1268|16094|
20191129|101 |1|2|79145|3000|9866|2178|1506|3730|99425|
20191129|190 |0|1|9172|330|1025|861|150|162|11700|
20191129|190 |0|2|55144|2871|2956|1878|1681|2483|67013|
20191129|190 |1|1|8187|320|788|907|202|838|11242|
20191129|190 |1|2|50617|2848|2829|2092|2109|2473|62968|
20191129|253 |0|1|12251|419|1176|806|208|239|15099|
20191129|253 |0|2|78190|2681|2165|2151|2448|4177|91812|
20191129|253 |1|1|11141|444|894|928|290|1304|15001|
20191129|253 |1|2|74083|2770|2162|2500|3017|4219|88751|
20191129|254 |0|1|5614|259|743|794|325|123|7858|
20191129|254 |0|2|36600|1743|1372|1211|3161|2275|46362|
20191129|254 |1|1|5767|277|675|742|279|726|8466|
20191129|254 |1|2|35952|1510|1204|1059|2773|2286|44784|
20191130|101 |0|1|15666|239|470|269|72|151|16867|
20191130|101 |0|2|78823|1530|8750|868|626|2875|93472|
20191130|101 |1|1|14858|307|377|477|107|1338|17464|
20191130|101 |1|2|76393|1895|9115|1305|911|2898|92517|
20191130|190 |0|1|11620|183|525|458|85|119|12990|
20191130|190 |0|2|59919|1347|2102|849|981|2129|67327|
20191130|190 |1|1|9869|192|380|511|122|902|11976|
20191130|190 |1|2|52988|1430|2164|1263|1441|2068|61354|
20191130|253 |0|1|14744|221|506|369|124|177|16141|
20191130|253 |0|2|76904|1282|986|761|1376|3365|84674|
20191130|253 |1|1|13756|251|472|523|205|1370|16577|
20191130|253 |1|2|73309|1441|986|1042|1938|3301|82017|
20191130|254 |0|1|7194|138|355|331|162|91|8271|
20191130|254 |0|2|38935|810|956|491|1511|1866|44569|
20191130|254 |1|1|7427|136|312|409|130|775|9189|
20191130|254 |1|2|37403|748|881|553|1306|1949|42840|
