20170701|101 |0|1|21741|337|580|378|147|283|23466|
20170701|101 |0|2|71081|1753|8501|646|561|2777|85319|
20170701|101 |1|1|20086|431|653|537|177|1703|23587|
20170701|101 |1|2|70003|2225|8599|1055|867|2951|85700|
20170701|190 |0|1|15066|203|701|431|157|59|16617|
20170701|190 |0|2|53590|1495|2364|596|935|2082|61062|
20170701|190 |1|1|13198|298|440|577|171|1082|15766|
20170701|190 |1|2|47968|1611|2450|994|1096|2029|56148|
20170701|253 |0|1|19434|337|612|509|220|306|21418|
20170701|253 |0|2|70651|1498|1011|782|1468|3432|78842|
20170701|253 |1|1|17570|371|580|664|352|1641|21178|
20170701|253 |1|2|64989|1541|1048|1021|1937|3446|73982|
20170701|254 |0|1|8278|216|408|436|310|167|9815|
20170701|254 |0|2|34380|865|1005|436|1652|1928|40266|
20170701|254 |1|1|9106|272|455|500|301|947|11581|
20170701|254 |1|2|33483|842|979|514|1427|1866|39111|
20170701|651 |0|1|13190|107|115|117|47|211|13787|
20170701|651 |0|2|42300|424|954|153|323|1753|45907|
20170701|651 |1|1|9760|140|194|100|42|867|11103|
20170701|651 |1|2|35245|488|1061|132|332|1536|38794|
20170701|685 |0|1|6327|172|486|482|410|106|7983|
20170701|685 |0|2|21365|615|1289|440|1799|1006|26514|
20170701|685 |1|1|5494|182|457|504|344|541|7522|
20170701|685 |1|2|19912|670|1130|490|2044|997|25243|
20170702|101 |0|1|16685|187|255|115|31|217|17490|
20170702|101 |0|2|56420|812|6877|347|144|2425|67025|
20170702|101 |1|1|17084|233|341|262|50|1348|19318|
20170702|101 |1|2|57183|859|7373|548|174|2361|68498|
20170702|190 |0|1|10406|109|299|118|33|53|11018|
20170702|190 |0|2|35899|794|2108|342|157|1545|40845|
20170702|190 |1|1|12034|146|188|252|58|906|13584|
20170702|190 |1|2|42538|688|2011|492|145|1625|47499|
20170702|253 |0|1|14713|148|222|154|39|206|15482|
20170702|253 |0|2|54634|563|681|291|312|2772|59253|
20170702|253 |1|1|15795|134|146|173|53|1329|17630|
20170702|253 |1|2|53962|497|635|299|295|2459|58147|
20170702|254 |0|1|6873|76|119|116|63|125|7372|
20170702|254 |0|2|26306|346|713|184|348|1386|29283|
20170702|254 |1|1|7665|82|107|139|50|820|8863|
20170702|254 |1|2|25655|255|691|162|255|1336|28354|
20170702|651 |0|1|6930|58|78|30|64|130|7290|
20170702|651 |0|2|22949|169|1028|73|64|1060|25343|
20170702|651 |1|1|10737|71|96|80|11|947|11942|
20170702|651 |1|2|36120|176|954|63|58|1491|38862|
20170702|685 |0|1|4748|56|131|107|80|76|5198|
20170702|685 |0|2|14779|193|1008|155|322|712|17169|
20170702|685 |1|1|5072|41|110|119|61|440|5843|
20170702|685 |1|2|16796|210|946|160|280|709|19101|
20170703|101 |0|1|15619|371|762|535|152|324|17763|
20170703|101 |0|2|64566|2342|7991|1106|616|3246|79867|
20170703|101 |1|1|14731|472|764|660|156|1474|18257|
20170703|101 |1|2|62245|2781|8431|1273|832|3281|78843|
20170703|190 |0|1|9830|301|1066|780|172|76|12225|
20170703|190 |0|2|41751|2568|2786|1413|1029|2103|51650|
20170703|190 |1|1|8671|437|672|733|201|806|11520|
20170703|190 |1|2|36169|2535|2738|1294|1061|1981|45778|
20170703|253 |0|1|14074|503|1033|855|268|352|17085|
20170703|253 |0|2|66523|2511|1872|1923|1818|4048|78695|
20170703|253 |1|1|12500|523|843|865|342|1279|16352|
20170703|253 |1|2|57909|2526|1852|1785|2089|3753|69914|
20170703|254 |0|1|6281|339|767|850|682|201|9120|
20170703|254 |0|2|31994|1622|1295|935|2902|2253|41001|
20170703|254 |1|1|6487|335|593|680|420|808|9323|
20170703|254 |1|2|28330|1383|1100|668|2281|2013|35775|
20170703|651 |0|1|6150|119|181|98|75|151|6774|
20170703|651 |0|2|21216|591|1023|271|322|1361|24784|
20170703|651 |1|1|6014|145|242|150|37|601|7189|
20170703|651 |1|2|22494|619|903|248|270|1483|26017|
20170703|685 |0|1|4432|306|890|824|688|111|7251|
20170703|685 |0|2|17031|1115|1219|759|2379|1000|23503|
20170703|685 |1|1|3523|314|690|712|536|372|6147|
20170703|685 |1|2|16783|1201|1299|728|2400|1155|23566|
20170704|101 |0|1|15373|410|847|588|173|362|17753|
20170704|101 |0|2|65205|2693|8280|1288|697|3339|81502|
20170704|101 |1|1|14792|490|768|858|226|1453|18587|
20170704|101 |1|2|65430|3109|8608|1695|1001|3478|83321|
20170704|190 |0|1|9288|290|1260|898|200|77|12013|
20170704|190 |0|2|39847|2820|2918|1537|1267|2079|50468|
20170704|190 |1|1|8622|465|833|1043|262|808|12033|
20170704|190 |1|2|37417|2788|2918|1852|1381|1969|48325|
20170704|253 |0|1|13660|556|1218|994|329|364|17121|
20170704|253 |0|2|65813|2800|2009|2057|2064|4033|78776|
20170704|253 |1|1|12489|608|981|1165|454|1339|17036|
20170704|253 |1|2|59950|2787|2031|2278|2422|3761|73229|
20170704|254 |0|1|6226|395|771|846|610|208|9056|
20170704|254 |0|2|31679|1656|1339|960|3113|2244|40991|
20170704|254 |1|1|6455|420|679|858|532|788|9732|
20170704|254 |1|2|30551|1504|1200|834|2566|2118|38773|
20170704|651 |0|1|5989|99|189|78|126|134|6615|
20170704|651 |0|2|23644|629|1112|344|315|1461|27505|
20170704|651 |1|1|5855|149|267|195|38|629|7133|
20170704|651 |1|2|22641|635|1041|265|273|1443|26298|
20170704|685 |0|1|3643|367|943|979|901|98|6931|
20170704|685 |0|2|17153|1231|1377|843|2773|1110|24487|
20170704|685 |1|1|3344|350|798|828|594|346|6260|
20170704|685 |1|2|16696|1273|1307|882|2919|1125|24202|
20170705|101 |0|1|16366|464|881|583|225|352|18871|
20170705|101 |0|2|68521|2704|8482|1313|813|3303|85136|
20170705|101 |1|1|15746|560|905|937|273|1440|19861|
20170705|101 |1|2|67795|3174|8753|1764|1225|3429|86140|
20170705|190 |0|1|9759|369|1306|908|226|101|12669|
20170705|190 |0|2|43015|2959|3014|1583|1407|2123|54101|
20170705|190 |1|1|9154|533|838|1054|300|819|12698|
20170705|190 |1|2|40145|2925|2961|1932|1562|2056|51581|
20170705|253 |0|1|14327|668|1280|1045|327|373|18020|
20170705|253 |0|2|68701|3021|2070|2106|2478|4295|82671|
20170705|253 |1|1|12964|654|1066|1150|461|1388|17683|
20170705|253 |1|2|61795|2966|2001|2241|2787|3888|75678|
20170705|254 |0|1|5979|393|774|879|585|167|8777|
20170705|254 |0|2|32216|1723|1314|1014|3172|2168|41607|
20170705|254 |1|1|6760|442|735|860|557|772|10126|
20170705|254 |1|2|30865|1562|1170|843|2766|2116|39322|
20170705|651 |0|1|6872|176|331|269|265|173|8086|
20170705|651 |0|2|25967|651|974|217|331|1443|29583|
20170705|651 |1|1|6113|179|284|163|59|627|7425|
20170705|651 |1|2|24244|699|1041|261|444|1457|28146|
20170705|685 |0|1|3733|370|926|1001|887|118|7035|
20170705|685 |0|2|16814|1254|1321|827|2902|1124|24242|
20170705|685 |1|1|3488|389|751|801|572|370|6371|
20170705|685 |1|2|16823|1286|1282|812|2921|1062|24186|
20170706|101 |0|1|16030|477|878|641|169|334|18529|
20170706|101 |0|2|65266|2608|8340|1207|780|3037|81238|
20170706|101 |1|1|15669|561|880|865|239|1415|19629|
20170706|101 |1|2|67581|3129|8722|1752|1243|3398|85825|
20170706|190 |0|1|10059|442|1341|944|219|145|13150|
20170706|190 |0|2|44101|3065|3012|1647|1541|2233|55599|
20170706|190 |1|1|9572|552|885|1109|307|839|13264|
20170706|190 |1|2|41411|2950|2983|1871|1698|2083|52996|
20170706|253 |0|1|14815|641|1306|1030|384|378|18554|
20170706|253 |0|2|68966|2962|2139|2095|2494|4190|82846|
20170706|253 |1|1|13756|688|1100|1164|510|1442|18660|
20170706|253 |1|2|63235|2989|2074|2275|2887|3822|77282|
20170706|254 |0|1|6044|381|902|1095|946|181|9549|
20170706|254 |0|2|32777|1805|1284|882|2862|2235|41845|
20170706|254 |1|1|6998|416|801|860|536|774|10385|
20170706|254 |1|2|31865|1628|1209|819|2727|2154|40402|
20170706|651 |0|1|6919|168|257|187|154|157|7842|
20170706|651 |0|2|26969|716|1068|283|825|1569|31430|
20170706|651 |1|1|6401|187|299|174|84|620|7765|
20170706|651 |1|2|25592|705|1056|253|758|1546|29910|
20170706|685 |0|1|3712|380|987|1029|950|98|7156|
20170706|685 |0|2|16914|1262|1349|856|2779|1094|24254|
20170706|685 |1|1|3802|381|896|836|603|388|6906|
20170706|685 |1|2|17609|1331|1369|932|3064|1127|25432|
20170707|101 |0|1|16933|434|847|600|164|311|19289|
20170707|101 |0|2|69066|2503|9009|1132|756|3231|85697|
20170707|101 |1|1|16566|496|869|760|236|1491|20418|
20170707|101 |1|2|70587|2990|9396|1572|1040|3593|89178|
20170707|190 |0|1|11175|399|1143|767|199|145|13828|
20170707|190 |0|2|47914|2691|3109|1352|1301|2339|58706|
20170707|190 |1|1|10746|475|816|931|284|1002|14254|
20170707|190 |1|2|45508|2706|2975|1663|1282|2317|56451|
20170707|253 |0|1|15009|543|1104|836|308|381|18181|
20170707|253 |0|2|69306|2634|1949|1933|2172|4107|82101|
20170707|253 |1|1|14328|582|983|1050|393|1503|18839|
20170707|253 |1|2|66602|2709|1960|2102|2551|4062|79986|
20170707|254 |0|1|6720|370|800|881|659|190|9620|
20170707|254 |0|2|31863|1655|1232|810|2625|2253|40438|
20170707|254 |1|1|6786|378|728|811|446|784|9933|
20170707|254 |1|2|30571|1452|1181|791|2601|2114|38710|
20170707|651 |0|1|8297|137|235|180|85|170|9104|
20170707|651 |0|2|33376|616|1150|255|560|1657|37614|
20170707|651 |1|1|6670|154|266|162|75|658|7985|
20170707|651 |1|2|26020|650|1113|259|529|1521|30092|
20170707|685 |0|1|3916|315|890|856|713|116|6806|
20170707|685 |0|2|19235|1219|1449|833|2564|1232|26532|
20170707|685 |1|1|3891|339|741|770|509|420|6670|
20170707|685 |1|2|18205|1221|1281|898|2601|1191|25397|
20170708|101 |0|1|18879|251|493|300|92|249|20264|
20170708|101 |0|2|64587|1559|8340|571|423|2627|78107|
20170708|101 |1|1|18651|346|605|441|148|1635|21826|
20170708|101 |1|2|65780|1987|8370|961|569|2717|80384|
20170708|190 |0|1|12958|175|548|325|111|121|14238|
20170708|190 |0|2|47624|1317|2388|493|572|1792|54186|
20170708|190 |1|1|11404|238|434|495|134|939|13644|
20170708|190 |1|2|42569|1394|2499|860|718|1768|49808|
20170708|253 |0|1|16848|673|484|469|159|259|18892|
20170708|253 |0|2|65470|1255|1142|796|1200|3263|73126|
20170708|253 |1|1|15878|277|460|571|228|1540|18954|
20170708|253 |1|2|61420|1350|1178|1034|1482|3265|69729|
20170708|254 |0|1|7972|198|370|366|221|153|9280|
20170708|254 |0|2|30930|725|965|391|1306|1816|36133|
20170708|254 |1|1|8252|230|372|425|205|883|10367|
20170708|254 |1|2|30929|724|955|459|1177|1759|36003|
20170708|651 |0|1|11147|78|95|83|21|203|11627|
20170708|651 |0|2|37821|370|1090|123|161|1681|41246|
20170708|651 |1|1|7979|95|141|63|14|768|9060|
20170708|651 |1|2|29586|420|1184|79|131|1293|32693|
20170708|685 |0|1|5398|134|381|384|296|101|6694|
20170708|685 |0|2|18482|459|1173|431|1286|907|22738|
20170708|685 |1|1|4893|149|375|457|268|471|6613|
20170708|685 |1|2|18374|501|1147|471|1543|980|23016|
20170709|101 |0|1|17504|159|258|123|27|228|18299|
20170709|101 |0|2|60800|808|7065|310|140|2416|71539|
20170709|101 |1|1|17942|216|402|228|42|1494|20324|
20170709|101 |1|2|61499|791|7318|490|147|2425|72670|
20170709|190 |0|1|10563|120|321|155|42|96|11297|
20170709|190 |0|2|38868|774|2102|377|208|1676|44005|
20170709|190 |1|1|11665|150|176|298|41|914|13244|
20170709|190 |1|2|42568|647|2002|518|179|1551|47465|
20170709|253 |0|1|15659|394|201|250|35|213|16752|
20170709|253 |0|2|58566|609|719|287|371|2963|63515|
20170709|253 |1|1|16005|140|145|179|50|1366|17885|
20170709|253 |1|2|56165|513|693|295|361|2657|60684|
20170709|254 |0|1|7786|74|133|122|56|136|8307|
20170709|254 |0|2|28185|338|739|174|303|1542|31281|
20170709|254 |1|1|8106|74|128|128|42|838|9316|
20170709|254 |1|2|27406|264|685|147|232|1501|30235|
20170709|651 |0|1|8222|47|77|33|11|130|8520|
20170709|651 |0|2|27395|149|1175|47|38|1139|29943|
20170709|651 |1|1|10752|63|96|62|12|885|11870|
20170709|651 |1|2|37043|185|1098|63|34|1569|39992|
20170709|685 |0|1|5052|57|108|131|75|79|5502|
20170709|685 |0|2|16372|238|1031|168|354|783|18946|
20170709|685 |1|1|5112|46|86|127|48|457|5876|
20170709|685 |1|2|17532|224|998|155|326|752|19987|
20170710|101 |0|1|14501|376|723|492|122|299|16513|
20170710|101 |0|2|61071|2268|8141|1055|584|3064|76183|
20170710|101 |1|1|13153|386|709|577|143|1277|16245|
20170710|101 |1|2|57546|2655|8400|1221|744|3052|73618|
20170710|190 |0|1|9373|363|1074|752|212|134|11908|
20170710|190 |0|2|39879|2582|2743|1360|955|2016|49535|
20170710|190 |1|1|8203|419|655|724|194|754|10949|
20170710|190 |1|2|34285|2407|2711|1229|947|1822|43401|
20170710|253 |0|1|12914|616|980|837|273|291|15911|
20170710|253 |0|2|62656|2275|1800|1778|1767|3753|74029|
20170710|253 |1|1|11749|507|829|828|342|1253|15508|
20170710|253 |1|2|55951|2314|1853|1674|2036|3486|67314|
20170710|254 |0|1|6284|348|736|821|562|170|8921|
20170710|254 |0|2|30865|1602|1294|855|2648|2164|39428|
20170710|254 |1|1|5859|338|627|658|431|692|8605|
20170710|254 |1|2|27347|1349|1077|604|2085|1885|34347|
20170710|651 |0|1|5710|110|201|148|42|136|6347|
20170710|651 |0|2|20899|568|911|228|257|1288|24151|
20170710|651 |1|1|5827|127|231|150|43|637|7015|
20170710|651 |1|2|22314|565|907|228|254|1461|25729|
20170710|685 |0|1|4233|252|821|721|617|98|6742|
20170710|685 |0|2|16050|989|1198|771|2180|935|22123|
20170710|685 |1|1|3374|276|679|639|444|359|5771|
20170710|685 |1|2|15973|1093|1222|718|2235|1063|22304|
20170711|101 |0|1|15963|463|889|628|155|304|18402|
20170711|101 |0|2|67310|2606|8288|1248|693|3269|83414|
20170711|101 |1|1|15379|569|874|837|232|1419|19310|
20170711|101 |1|2|67728|3122|8554|1683|971|3460|85518|
20170711|190 |0|1|9790|396|1345|862|179|150|12722|
20170711|190 |0|2|43478|2983|2962|1555|1119|2215|54312|
20170711|190 |1|1|9193|541|934|1001|247|822|12738|
20170711|190 |1|2|39098|2865|2807|1819|1183|2078|49850|
20170711|253 |0|1|14235|594|1301|967|335|327|17759|
20170711|253 |0|2|67182|2869|2101|2074|2110|4087|80423|
20170711|253 |1|1|12625|632|1113|1196|476|1338|17380|
20170711|253 |1|2|60620|2842|2094|2185|2477|3708|73926|
20170711|254 |0|1|6353|389|805|948|585|192|9272|
20170711|254 |0|2|31666|1733|1409|1050|3111|2212|41181|
20170711|254 |1|1|6560|435|766|945|557|741|10004|
20170711|254 |1|2|30270|1553|1241|874|2563|2056|38557|
20170711|651 |0|1|6699|151|228|180|46|154|7458|
20170711|651 |0|2|24974|731|1036|297|345|1555|28938|
20170711|651 |1|1|6107|177|273|182|67|607|7413|
20170711|651 |1|2|23973|728|978|261|295|1540|27775|
20170711|685 |0|1|3849|362|940|883|719|116|6869|
20170711|685 |0|2|17298|1294|1319|828|2623|1117|24479|
20170711|685 |1|1|3350|338|786|780|559|367|6180|
20170711|685 |1|2|16582|1247|1207|774|2580|1093|23483|
20170712|101 |0|1|16561|475|875|639|163|335|19048|
20170712|101 |0|2|69435|2668|8382|1246|812|3374|85917|
20170712|101 |1|1|15780|535|835|829|267|1415|19661|
20170712|101 |1|2|67572|3190|8662|1713|1146|3399|85682|
20170712|190 |0|1|9892|388|1351|892|244|172|12939|
20170712|190 |0|2|44059|2970|2929|1664|1731|2224|55577|
20170712|190 |1|1|9612|598|944|1120|328|822|13424|
20170712|190 |1|2|40812|2865|2800|1809|1801|2053|52140|
20170712|253 |0|1|14113|605|1263|965|352|347|17645|
20170712|253 |0|2|66534|2859|2081|2028|2427|4106|80035|
20170712|253 |1|1|13248|658|1141|1141|497|1405|18090|
20170712|253 |1|2|62222|2893|2055|2198|2842|3905|76115|
20170712|254 |0|1|6544|401|774|862|598|205|9384|
20170712|254 |0|2|31912|1686|1342|970|3170|2330|41410|
20170712|254 |1|1|6712|413|745|863|547|794|10074|
20170712|254 |1|2|30411|1514|1178|825|2650|2146|38724|
20170712|651 |0|1|7078|186|295|204|113|160|8036|
20170712|651 |0|2|25940|686|1042|261|400|1511|29840|
20170712|651 |1|1|6236|197|272|170|69|602|7546|
20170712|651 |1|2|24315|661|1009|264|397|1501|28147|
20170712|685 |0|1|3705|379|967|1040|912|131|7134|
20170712|685 |0|2|17173|1189|1350|872|2688|1107|24379|
20170712|685 |1|1|3693|376|822|851|583|416|6741|
20170712|685 |1|2|17356|1322|1354|901|2891|1118|24942|
20170713|101 |0|1|16493|501|942|642|178|311|19067|
20170713|101 |0|2|68581|2703|8409|1220|823|3224|84960|
20170713|101 |1|1|16408|602|919|855|294|1415|20493|
20170713|101 |1|2|69737|3221|8792|1707|1150|3544|88151|
20170713|190 |0|1|10346|407|1353|908|244|122|13380|
20170713|190 |0|2|45651|2943|3086|1582|1721|2170|57153|
20170713|190 |1|1|9800|522|884|1063|298|805|13372|
20170713|190 |1|2|42772|2948|2952|1826|1779|2119|54396|
20170713|253 |0|1|14550|616|1276|941|352|372|18107|
20170713|253 |0|2|68626|2919|2028|2051|2470|4149|82243|
20170713|253 |1|1|13468|691|1028|1096|461|1389|18133|
20170713|253 |1|2|62943|2966|1966|2179|2842|3790|76686|
20170713|254 |0|1|6474|397|796|877|578|179|9301|
20170713|254 |0|2|32689|1768|1389|1012|3150|2253|42261|
20170713|254 |1|1|6861|430|727|891|548|753|10210|
20170713|254 |1|2|30947|1526|1207|836|2672|2100|39288|
20170713|651 |0|1|7339|166|245|188|52|160|8150|
20170713|651 |0|2|27196|733|1072|312|514|1513|31340|
20170713|651 |1|1|6552|167|289|192|62|656|7918|
20170713|651 |1|2|26177|691|1024|281|458|1460|30091|
20170713|685 |0|1|3857|347|967|1063|974|106|7314|
20170713|685 |0|2|17471|1210|1341|855|2698|1123|24698|
20170713|685 |1|1|3677|368|868|830|619|383|6745|
20170713|685 |1|2|17618|1278|1368|916|3041|1140|25361|
20170714|101 |0|1|18450|435|850|613|215|341|20904|
20170714|101 |0|2|73381|2624|9244|1223|839|3389|90700|
20170714|101 |1|1|17416|549|963|877|226|1620|21651|
20170714|101 |1|2|72186|3138|9564|1671|1220|3546|91325|
20170714|190 |0|1|11785|378|1332|913|234|140|14782|
20170714|190 |0|2|51147|2958|3148|1623|1655|2563|63094|
20170714|190 |1|1|10819|506|948|1041|282|929|14525|
20170714|190 |1|2|46291|2931|3017|1885|1692|2351|58167|
20170714|253 |0|1|16315|611|1194|967|353|435|19875|
20170714|253 |0|2|73675|2834|2127|2010|2418|4213|87277|
20170714|253 |1|1|15537|686|1172|1159|447|1622|20623|
20170714|253 |1|2|69626|2945|2149|2207|3009|4161|84097|
20170714|254 |0|1|6838|429|800|817|545|187|9616|
20170714|254 |0|2|33909|1764|1382|963|3163|2307|43488|
20170714|254 |1|1|7312|446|763|823|481|843|10668|
20170714|254 |1|2|32616|1561|1202|915|2713|2198|41205|
20170714|651 |0|1|9692|144|309|202|77|180|10604|
20170714|651 |0|2|36868|730|1164|289|501|1791|41343|
20170714|651 |1|1|7290|197|329|162|57|674|8709|
20170714|651 |1|2|27926|745|1095|283|446|1639|32134|
20170714|685 |0|1|4630|375|924|1028|828|126|7911|
20170714|685 |0|2|19860|1261|1385|846|2744|1222|27318|
20170714|685 |1|1|4204|372|816|813|578|444|7227|
20170714|685 |1|2|19262|1305|1312|924|2885|1201|26889|
20170715|101 |0|1|19101|285|469|311|109|236|20511|
20170715|101 |0|2|62797|1612|8174|626|466|2454|76129|
20170715|101 |1|1|18724|354|621|476|157|1647|21979|
20170715|101 |1|2|64779|2081|8354|1011|658|2732|79615|
20170715|190 |0|1|13178|191|562|354|125|112|14522|
20170715|190 |0|2|47787|1355|2315|558|691|1822|54528|
20170715|190 |1|1|11983|259|428|521|145|975|14311|
20170715|190 |1|2|43964|1463|2413|934|853|1827|51454|
20170715|253 |0|1|17095|327|586|475|195|300|18978|
20170715|253 |0|2|66876|1273|1192|832|1279|3315|74767|
20170715|253 |1|1|16269|301|533|618|246|1504|19471|
20170715|253 |1|2|60484|1359|1215|1139|1690|3233|69120|
20170715|254 |0|1|7734|194|357|319|224|160|8988|
20170715|254 |0|2|31854|754|970|429|1481|1822|37310|
20170715|254 |1|1|8187|209|390|443|217|900|10346|
20170715|254 |1|2|30082|789|961|450|1388|1803|35473|
20170715|651 |0|1|12140|79|107|115|23|254|12718|
20170715|651 |0|2|38614|367|1085|144|201|1695|42106|
20170715|651 |1|1|8596|95|162|89|18|756|9716|
20170715|651 |1|2|31333|397|1201|95|154|1364|34544|
20170715|685 |0|1|5765|141|409|441|301|99|7156|
20170715|685 |0|2|19744|539|1187|401|1476|997|24344|
20170715|685 |1|1|5083|134|401|412|298|467|6795|
20170715|685 |1|2|17930|591|1095|479|1738|1033|22866|
20170716|101 |0|1|17994|140|234|110|29|222|18729|
20170716|101 |0|2|60657|820|7071|340|138|2508|71534|
20170716|101 |1|1|19216|205|418|226|37|1584|21686|
20170716|101 |1|2|65227|877|7471|511|171|2546|76803|
20170716|190 |0|1|10861|111|317|164|33|88|11574|
20170716|190 |0|2|38067|767|2137|392|165|1603|43131|
20170716|190 |1|1|12354|160|193|280|34|913|13934|
20170716|190 |1|2|44518|665|2031|514|132|1626|49486|
20170716|253 |0|1|16153|190|223|191|50|202|17009|
20170716|253 |0|2|58409|622|697|304|399|2847|63278|
20170716|253 |1|1|16363|129|172|199|59|1440|18362|
20170716|253 |1|2|57150|491|701|295|360|2604|61601|
20170716|254 |0|1|7220|80|114|108|48|123|7693|
20170716|254 |0|2|28382|369|750|166|298|1534|31499|
20170716|254 |1|1|8235|85|97|120|59|814|9410|
20170716|254 |1|2|27097|273|715|144|190|1490|29909|
20170716|651 |0|1|8598|50|97|31|9|182|8967|
20170716|651 |0|2|28490|177|1125|59|61|1293|31205|
20170716|651 |1|1|11469|70|94|74|7|1016|12730|
20170716|651 |1|2|38460|209|1002|70|40|1620|41401|
20170716|685 |0|1|4893|62|141|119|67|76|5358|
20170716|685 |0|2|15039|208|951|172|337|708|17415|
20170716|685 |1|1|4809|53|85|109|61|445|5562|
20170716|685 |1|2|16760|203|930|137|272|732|19034|
20170717|101 |0|1|17449|404|790|583|191|290|19707|
20170717|101 |0|2|71138|2463|8267|1082|744|3359|87053|
20170717|101 |1|1|16044|479|830|667|201|1593|19814|
20170717|101 |1|2|68162|2868|8486|1309|1027|3413|85265|
20170717|190 |0|1|10647|360|1161|873|236|144|13421|
20170717|190 |0|2|44589|2681|2731|1527|1282|2177|54987|
20170717|190 |1|1|10370|477|781|810|255|885|13578|
20170717|190 |1|2|40240|2590|2747|1426|1295|1995|50293|
20170717|253 |0|1|15503|589|1176|939|294|372|18873|
20170717|253 |0|2|70597|2694|1904|1864|2058|4311|83428|
20170717|253 |1|1|13555|568|982|944|408|1366|17823|
20170717|253 |1|2|62612|2726|1882|1779|2376|3883|75258|
20170717|254 |0|1|6690|359|728|898|572|192|9439|
20170717|254 |0|2|33339|1647|1273|922|3111|2356|42648|
20170717|254 |1|1|6789|327|669|745|483|743|9756|
20170717|254 |1|2|30175|1359|1102|664|2453|2141|37894|
20170717|651 |0|1|7581|137|282|164|53|180|8397|
20170717|651 |0|2|26299|661|984|250|528|1460|30182|
20170717|651 |1|1|7532|148|275|191|49|734|8929|
20170717|651 |1|2|27373|637|953|266|499|1622|31350|
20170717|685 |0|1|5243|370|1031|952|971|122|8689|
20170717|685 |0|2|17326|1122|1219|739|2550|1063|24019|
20170717|685 |1|1|3845|350|809|735|551|421|6711|
20170717|685 |1|2|17678|1246|1393|746|2746|1195|25004|
20170718|101 |0|1|16659|531|920|715|226|350|19401|
20170718|101 |0|2|62210|2166|8027|1062|716|2919|77100|
20170718|101 |1|1|15756|538|953|900|290|1472|19909|
20170718|101 |1|2|67544|3167|8676|1737|1337|3502|85963|
20170718|190 |0|1|9907|378|1362|938|232|156|12973|
20170718|190 |0|2|43069|2959|2968|1709|1346|2205|54256|
20170718|190 |1|1|9534|514|921|1069|264|797|13099|
20170718|190 |1|2|41175|2879|2974|1977|1487|2110|52602|
20170718|253 |0|1|13974|600|1273|1061|316|364|17588|
20170718|253 |0|2|67053|2835|2071|2138|2290|4034|80421|
20170718|253 |1|1|12859|615|1078|1160|452|1381|17545|
20170718|253 |1|2|61583|2912|2140|2238|2701|3873|75447|
20170718|254 |0|1|6505|399|790|908|642|174|9418|
20170718|254 |0|2|32058|1742|1334|983|3298|2201|41616|
20170718|254 |1|1|6743|385|721|898|538|795|10080|
20170718|254 |1|2|30988|1553|1204|851|2804|2190|39590|
20170718|651 |0|1|6873|171|273|174|62|140|7693|
20170718|651 |0|2|25513|679|1074|308|462|1515|29551|
20170718|651 |1|1|6863|173|264|176|67|626|8169|
20170718|651 |1|2|25691|677|1033|295|439|1558|29693|
20170718|685 |0|1|3653|345|1020|1019|1021|126|7184|
20170718|685 |0|2|16926|1241|1401|783|2739|1028|24118|
20170718|685 |1|1|3576|389|874|834|584|409|6666|
20170718|685 |1|2|16914|1307|1312|872|3087|1071|24563|
20170719|101 |0|1|16959|541|922|694|235|324|19675|
20170719|101 |0|2|64767|2264|8007|1097|753|2878|79766|
20170719|101 |1|1|16031|549|866|861|262|1526|20095|
20170719|101 |1|2|69453|3199|8619|1729|1274|3363|87637|
20170719|190 |0|1|9746|357|1231|892|202|154|12582|
20170719|190 |0|2|42395|2910|2882|1555|1527|2074|53343|
20170719|190 |1|1|9865|557|898|1089|300|920|13629|
20170719|190 |1|2|42155|2946|2833|1762|1607|2111|53414|
20170719|253 |0|1|14185|634|1259|1084|368|353|17883|
20170719|253 |0|2|68718|2889|2047|2089|2342|4131|82216|
20170719|253 |1|1|13150|636|1067|1211|504|1447|18015|
20170719|253 |1|2|62431|2871|2018|2238|2792|3862|76212|
20170719|254 |0|1|6502|390|786|935|576|194|9383|
20170719|254 |0|2|33011|1769|1400|1035|3378|2274|42867|
20170719|254 |1|1|6888|441|679|891|527|809|10235|
20170719|254 |1|2|31859|1565|1194|809|2843|2140|40410|
20170719|651 |0|1|7054|163|311|215|99|162|8004|
20170719|651 |0|2|26291|707|1039|281|440|1538|30296|
20170719|651 |1|1|6695|179|268|186|65|654|8047|
20170719|651 |1|2|25674|736|987|299|452|1528|29676|
20170719|685 |0|1|3838|402|974|1028|952|106|7300|
20170719|685 |0|2|17301|1246|1297|829|2880|1131|24684|
20170719|685 |1|1|3708|362|849|774|567|415|6675|
20170719|685 |1|2|17631|1371|1330|863|3049|1126|25370|
20170720|101 |0|1|16860|456|847|642|202|335|19342|
20170720|101 |0|2|63345|2069|8078|1065|723|2791|78071|
20170720|101 |1|1|16104|547|914|919|253|1514|20251|
20170720|101 |1|2|69765|3165|8771|1712|1303|3454|88170|
20170720|190 |0|1|10220|372|1312|886|246|144|13180|
20170720|190 |0|2|44932|2996|3020|1577|1425|2254|56204|
20170720|190 |1|1|9441|505|930|995|326|778|12975|
20170720|190 |1|2|40427|2857|2862|1721|1464|1975|51306|
20170720|253 |0|1|14652|696|1302|990|364|349|18353|
20170720|253 |0|2|69688|2934|2078|2026|2514|4297|83537|
20170720|253 |1|1|13425|639|1074|1134|473|1403|18148|
20170720|253 |1|2|63668|2932|2031|2256|2982|3970|77839|
20170720|254 |0|1|6639|391|772|928|596|201|9527|
20170720|254 |0|2|32570|1686|1389|997|3222|2233|42097|
20170720|254 |1|1|6940|456|729|885|490|729|10229|
20170720|254 |1|2|31823|1507|1203|813|2680|2042|40068|
20170720|651 |0|1|7323|159|311|177|72|145|8187|
20170720|651 |0|2|27061|703|1097|311|652|1489|31313|
20170720|651 |1|1|6786|183|307|189|85|625|8175|
20170720|651 |1|2|25632|720|1066|297|518|1546|29779|
20170720|685 |0|1|3807|347|971|1006|982|111|7224|
20170720|685 |0|2|17122|1260|1356|826|2867|1097|24528|
20170720|685 |1|1|3751|387|825|840|675|436|6914|
20170720|685 |1|2|17968|1362|1389|909|3099|1233|25960|
20170721|101 |0|1|18598|507|852|588|206|339|21090|
20170721|101 |0|2|66732|2053|8915|973|715|2918|82306|
20170721|101 |1|1|17546|561|956|885|247|1651|21846|
20170721|101 |1|2|73998|3182|9593|1725|1299|3604|93401|
20170721|190 |0|1|12272|368|1217|864|236|149|15106|
20170721|190 |0|2|52090|2861|3070|1482|1498|2409|63410|
20170721|190 |1|1|9919|465|824|929|254|873|13264|
20170721|190 |1|2|41293|2579|2769|1698|1463|2004|51806|
20170721|253 |0|1|16593|598|1194|975|314|377|20051|
20170721|253 |0|2|74600|2820|2062|2042|2549|4360|88433|
20170721|253 |1|1|15140|654|1077|1160|470|1594|20095|
20170721|253 |1|2|68649|2847|2067|2200|3065|4266|83094|
20170721|254 |0|1|7226|433|772|889|676|193|10189|
20170721|254 |0|2|34401|1723|1320|926|2949|2361|43680|
20170721|254 |1|1|7638|455|753|891|464|853|11054|
20170721|254 |1|2|33424|1553|1199|847|2747|2214|41984|
20170721|651 |0|1|9849|141|265|208|70|199|10732|
20170721|651 |0|2|36339|708|1164|319|489|1890|40909|
20170721|651 |1|1|7374|168|303|189|55|704|8793|
20170721|651 |1|2|27754|724|1170|310|414|1662|32034|
20170721|685 |0|1|4870|377|962|1041|953|124|8327|
20170721|685 |0|2|20819|1252|1477|846|2938|1244|28576|
20170721|685 |1|1|4334|380|865|803|588|443|7413|
20170721|685 |1|2|19839|1356|1311|884|3013|1290|27693|
20170722|101 |0|1|21478|274|491|319|127|258|22947|
20170722|101 |0|2|65948|1262|8036|533|490|2510|78779|
20170722|101 |1|1|20415|371|645|537|146|1671|23785|
20170722|101 |1|2|70404|2069|8222|994|829|2950|85468|
20170722|190 |0|1|14468|228|571|369|132|138|15906|
20170722|190 |0|2|52722|1404|2313|571|898|1952|59860|
20170722|190 |1|1|12454|280|494|492|127|1052|14899|
20170722|190 |1|2|45612|1491|2441|1013|1065|1885|53507|
20170722|253 |0|1|19828|299|529|455|202|323|21636|
20170722|253 |0|2|72191|1365|1151|874|1503|3603|80687|
20170722|253 |1|1|17361|371|501|629|255|1602|20719|
20170722|253 |1|2|65480|1452|1234|1160|2041|3408|74775|
20170722|254 |0|1|8763|187|408|361|264|169|10152|
20170722|254 |0|2|33912|844|1014|434|1615|2006|39825|
20170722|254 |1|1|8715|241|394|475|237|932|10994|
20170722|254 |1|2|31335|835|940|499|1442|1782|36833|
20170722|651 |0|1|11825|96|135|121|28|185|12390|
20170722|651 |0|2|40627|387|1034|142|196|1759|44145|
20170722|651 |1|1|8948|117|166|91|26|790|10138|
20170722|651 |1|2|32431|405|1071|116|177|1525|35725|
20170722|685 |0|1|6084|161|433|404|323|133|7538|
20170722|685 |0|2|21201|583|1185|406|1619|1011|26005|
20170722|685 |1|1|5257|170|451|484|288|505|7155|
20170722|685 |1|2|19370|625|1142|458|1799|1018|24412|
20170723|101 |0|1|18654|171|254|160|42|212|19493|
20170723|101 |0|2|57376|772|6860|289|133|2259|67689|
20170723|101 |1|1|18497|177|369|205|43|1391|20682|
20170723|101 |1|2|59682|774|7115|487|209|2411|70678|
20170723|190 |0|1|9397|114|319|149|23|90|10092|
20170723|190 |0|2|37884|730|2052|398|235|1504|42803|
20170723|190 |1|1|12242|148|220|290|33|876|13809|
20170723|190 |1|2|43383|644|1966|494|204|1451|48142|
20170723|253 |0|1|15768|147|230|190|55|218|16608|
20170723|253 |0|2|58570|621|670|314|444|2850|63469|
20170723|253 |1|1|16620|152|176|215|72|1470|18705|
20170723|253 |1|2|56011|501|565|274|378|2540|60269|
20170723|254 |0|1|6617|76|120|138|66|108|7125|
20170723|254 |0|2|25087|311|704|153|273|1305|27833|
20170723|254 |1|1|7673|78|126|145|44|765|8831|
20170723|254 |1|2|25624|243|677|149|232|1373|28298|
20170723|651 |0|1|7900|53|114|57|11|145|8280|
20170723|651 |0|2|25225|146|1077|50|49|1089|27636|
20170723|651 |1|1|10665|66|90|84|14|961|11880|
20170723|651 |1|2|34704|193|1060|83|42|1463|37545|
20170723|685 |0|1|4771|75|147|150|84|72|5299|
20170723|685 |0|2|15700|214|977|159|379|752|18181|
20170723|685 |1|1|5558|55|111|136|65|491|6416|
20170723|685 |1|2|19051|234|981|149|362|800|21577|
20170724|101 |0|1|18144|498|886|659|198|349|20734|
20170724|101 |0|2|65319|2291|8155|951|611|3143|80470|
20170724|101 |1|1|15592|442|835|664|185|1475|19193|
20170724|101 |1|2|65217|2816|8516|1277|975|3325|82126|
20170724|190 |0|1|11513|354|1245|834|175|150|14271|
20170724|190 |0|2|47696|2734|2855|1554|1245|2335|58419|
20170724|190 |1|1|10377|454|780|767|205|934|13517|
20170724|190 |1|2|41784|2602|2783|1391|1140|2170|51870|
20170724|253 |0|1|14622|471|1250|931|345|343|17962|
20170724|253 |0|2|67395|2523|1938|1942|1969|4027|79794|
20170724|253 |1|1|13180|527|958|841|353|1373|17232|
20170724|253 |1|2|59979|2521|1907|1820|2326|3741|72294|
20170724|254 |0|1|6492|342|709|810|580|168|9101|
20170724|254 |0|2|32679|1570|1330|856|2817|2276|41528|
20170724|254 |1|1|6570|345|640|692|471|774|9492|
20170724|254 |1|2|29746|1363|1168|655|2306|2023|37261|
20170724|651 |0|1|7966|149|275|159|63|188|8800|
20170724|651 |0|2|26147|604|1003|233|445|1522|29954|
20170724|651 |1|1|7557|131|259|185|65|670|8867|
20170724|651 |1|2|26852|668|911|289|385|1669|30774|
20170724|685 |0|1|5060|327|942|888|975|130|8322|
20170724|685 |0|2|16035|976|1097|645|2201|957|21911|
20170724|685 |1|1|3689|333|731|690|557|414|6414|
20170724|685 |1|2|17221|1101|1180|679|2344|1144|23669|
20170725|101 |0|1|17293|500|875|702|198|348|19916|
20170725|101 |0|2|69246|2688|8094|1172|737|3326|85263|
20170725|101 |1|1|16321|508|970|904|228|1546|20477|
20170725|101 |1|2|68106|3102|8523|1699|1223|3449|86102|
20170725|190 |0|1|10423|456|1290|880|205|166|13420|
20170725|190 |0|2|44097|2863|2969|1615|1318|2231|55093|
20170725|190 |1|1|10157|481|936|1031|264|895|13764|
20170725|190 |1|2|41603|2856|2889|1866|1431|2141|52786|
20170725|253 |0|1|15010|607|1329|1065|377|407|18795|
20170725|253 |0|2|69601|2984|2153|2198|2398|4276|83610|
20170725|253 |1|1|13765|673|1168|1176|513|1411|18706|
20170725|253 |1|2|61936|2927|2082|2291|2821|3811|75868|
20170725|254 |0|1|6922|380|788|855|562|188|9695|
20170725|254 |0|2|32754|1697|1296|953|3041|2297|42038|
20170725|254 |1|1|7108|419|763|931|537|807|10565|
20170725|254 |1|2|31932|1569|1233|850|2858|2194|40636|
20170725|651 |0|1|7521|148|307|158|48|171|8353|
20170725|651 |0|2|26287|699|1010|302|450|1557|30305|
20170725|651 |1|1|7240|182|276|161|47|662|8568|
20170725|651 |1|2|26301|701|991|307|415|1595|30310|
20170725|685 |0|1|3970|426|1006|1057|1198|97|7754|
20170725|685 |0|2|18126|1244|1283|780|2651|1149|25233|
20170725|685 |1|1|3719|374|815|763|514|377|6562|
20170725|685 |1|2|17593|1277|1231|780|2710|1146|24737|
20170726|101 |0|1|18137|479|851|648|189|321|20625|
20170726|101 |0|2|71510|2652|8402|1235|801|3402|88002|
20170726|101 |1|1|16574|536|952|887|223|1409|20581|
20170726|101 |1|2|67692|3165|8664|1703|1313|3293|85830|
20170726|190 |0|1|9309|361|1313|919|217|118|12237|
20170726|190 |0|2|47691|2949|2982|1628|1538|2222|59010|
20170726|190 |1|1|10185|518|932|1010|296|895|13836|
20170726|190 |1|2|42534|2829|2834|1834|1704|2023|53758|
20170726|253 |0|1|15650|637|1294|1146|341|367|19435|
20170726|253 |0|2|71073|3023|2100|2261|2546|4176|85179|
20170726|253 |1|1|13921|678|1097|1206|490|1417|18809|
20170726|253 |1|2|62225|2935|2100|2199|3043|3863|76365|
20170726|254 |0|1|7147|396|714|838|586|197|9878|
20170726|254 |0|2|33373|1738|1288|946|3037|2327|42709|
20170726|254 |1|1|7369|436|797|889|514|825|10830|
20170726|254 |1|2|32090|1534|1226|860|2674|2178|40562|
20170726|651 |0|1|8390|124|306|213|64|181|9278|
20170726|651 |0|2|29228|691|1020|294|722|1562|33517|
20170726|651 |1|1|7492|157|278|193|64|700|8884|
20170726|651 |1|2|27444|692|1028|300|645|1584|31693|
20170726|685 |0|1|3932|409|972|1007|1047|113|7480|
20170726|685 |0|2|17780|1250|1342|788|3060|1129|25349|
20170726|685 |1|1|3756|374|789|828|586|394|6727|
20170726|685 |1|2|17724|1362|1288|863|3050|1173|25460|
20170727|101 |0|1|18560|499|913|683|235|330|21220|
20170727|101 |0|2|72518|2806|8470|1209|881|3420|89304|
20170727|101 |1|1|17279|530|971|968|236|1465|21449|
20170727|101 |1|2|69331|3200|8759|1773|1401|3429|87893|
20170727|190 |0|1|10090|425|1373|926|245|151|13210|
20170727|190 |0|2|48457|2930|2972|1683|1708|2236|59986|
20170727|190 |1|1|10758|536|962|1071|353|979|14659|
20170727|190 |1|2|43244|2892|2942|1914|1739|2054|54785|
20170727|253 |0|1|15887|607|1350|1112|340|404|19700|
20170727|253 |0|2|71749|3016|2134|2224|2709|4327|86159|
20170727|253 |1|1|14420|686|1138|1205|544|1486|19479|
20170727|253 |1|2|65289|2956|2074|2283|3191|4017|79810|
20170727|254 |0|1|7180|397|777|880|570|189|9993|
20170727|254 |0|2|33393|1677|1317|881|3078|2299|42645|
20170727|254 |1|1|7251|456|748|873|567|770|10665|
20170727|254 |1|2|32250|1502|1214|811|2536|2133|40446|
20170727|651 |0|1|9198|152|340|208|80|208|10186|
20170727|651 |0|2|31085|708|1056|328|687|1609|35473|
20170727|651 |1|1|8322|206|335|224|65|726|9878|
20170727|651 |1|2|28895|719|1031|359|613|1679|33296|
20170727|685 |0|1|4391|373|881|946|931|106|7628|
20170727|685 |0|2|18757|1176|1355|882|2947|1162|26279|
20170727|685 |1|1|4157|340|786|834|615|415|7147|
20170727|685 |1|2|18077|1365|1308|911|3035|1111|25807|
20170728|101 |0|1|18310|402|721|575|139|290|20437|
20170728|101 |0|2|69092|2457|9145|1109|670|3220|85693|
20170728|101 |1|1|17676|514|890|880|189|1622|21771|
20170728|101 |1|2|69411|2859|9334|1529|1096|3442|87671|
20170728|190 |0|1|13801|437|1076|820|168|154|16456|
20170728|190 |0|2|54147|2632|2903|1462|1184|2461|64789|
20170728|190 |1|1|12149|441|866|983|246|1021|15706|
20170728|190 |1|2|48146|2652|2933|1698|1216|2358|59003|
20170728|253 |0|1|15306|500|1072|873|302|330|18383|
20170728|253 |0|2|71433|2588|2025|1870|2146|4072|84134|
20170728|253 |1|1|15129|534|964|1058|423|1569|19677|
20170728|253 |1|2|65841|2560|1954|1920|2571|3958|78804|
20170728|254 |0|1|7456|359|721|770|560|177|10043|
20170728|254 |0|2|33860|1596|1308|793|2763|2284|42604|
20170728|254 |1|1|7498|381|672|817|485|798|10651|
20170728|254 |1|2|31901|1480|1165|789|2351|2118|39804|
20170728|651 |0|1|10017|113|260|181|43|195|10809|
20170728|651 |0|2|35783|628|1094|295|353|1736|39889|
20170728|651 |1|1|7801|153|295|188|40|765|9242|
20170728|651 |1|2|27461|626|1050|303|305|1623|31368|
20170728|685 |0|1|5731|330|889|802|698|117|8567|
20170728|685 |0|2|18412|916|1093|660|2264|1068|24413|
20170728|685 |1|1|4186|285|725|729|503|417|6845|
20170728|685 |1|2|18770|1056|1231|806|2503|1133|25499|
20170729|101 |0|1|22117|285|441|316|119|283|23561|
20170729|101 |0|2|71448|1558|8149|629|477|2802|85063|
20170729|101 |1|1|20958|365|605|511|154|1797|24390|
20170729|101 |1|2|70339|2059|8013|1051|808|2881|85151|
20170729|190 |0|1|17069|271|483|335|116|144|18418|
20170729|190 |0|2|55400|1292|2117|485|636|1989|61919|
20170729|190 |1|1|13766|256|419|509|156|1066|16172|
20170729|190 |1|2|47778|1436|2429|923|771|1971|55308|
20170729|253 |0|1|19954|303|569|418|174|275|21693|
20170729|253 |0|2|74650|1255|876|657|1259|3540|82237|
20170729|253 |1|1|18185|339|549|673|258|1733|21737|
20170729|253 |1|2|64006|1404|936|946|1719|3276|72287|
20170729|254 |0|1|8358|172|332|369|278|160|9669|
20170729|254 |0|2|35534|793|960|391|1576|1905|41159|
20170729|254 |1|1|8889|215|405|457|216|936|11118|
20170729|254 |1|2|32253|751|951|454|1373|1840|37622|
20170729|651 |0|1|13823|77|114|116|48|243|14421|
20170729|651 |0|2|41270|346|844|150|421|1760|44791|
20170729|651 |1|1|9729|122|144|87|35|814|10931|
20170729|651 |1|2|32061|394|984|99|383|1403|35324|
20170729|685 |0|1|7272|131|388|386|321|93|8591|
20170729|685 |0|2|22037|451|1045|346|1532|973|26384|
20170729|685 |1|1|5439|158|365|391|272|531|7156|
20170729|685 |1|2|18455|541|1115|446|1740|1015|23312|
20170730|101 |0|1|20416|156|232|150|40|243|21237|
20170730|101 |0|2|64520|846|6941|337|171|2475|75290|
20170730|101 |1|1|21489|225|363|246|51|1768|24142|
20170730|101 |1|2|69478|877|7227|522|216|2697|81017|
20170730|190 |0|1|14746|151|327|188|35|124|15571|
20170730|190 |0|2|48059|772|2049|406|226|1849|53361|
20170730|190 |1|1|14908|145|223|326|59|1129|16790|
20170730|190 |1|2|50084|675|1924|563|216|1755|55217|
20170730|253 |0|1|19471|178|215|140|61|233|20298|
20170730|253 |0|2|66128|646|617|285|488|3204|71368|
20170730|253 |1|1|18984|146|181|194|67|1604|21176|
20170730|253 |1|2|61103|540|591|271|442|2868|65815|
20170730|254 |0|1|8870|84|135|144|87|138|9458|
20170730|254 |0|2|30346|344|741|178|321|1601|33531|
20170730|254 |1|1|9184|82|133|165|55|898|10517|
20170730|254 |1|2|29564|312|741|179|277|1487|32560|
20170730|651 |0|1|12454|60|110|68|14|221|12927|
20170730|651 |0|2|37003|191|809|63|60|1610|39736|
20170730|651 |1|1|12584|75|76|90|10|1071|13906|
20170730|651 |1|2|39035|177|806|94|46|1713|41871|
20170730|685 |0|1|6196|62|138|114|86|87|6683|
20170730|685 |0|2|18551|232|1007|152|531|842|21315|
20170730|685 |1|1|5961|65|102|111|58|519|6816|
20170730|685 |1|2|19121|254|906|127|434|791|21633|
20170731|101 |0|1|17761|379|666|496|150|312|19764|
20170731|101 |0|2|62424|2064|8019|1014|596|2908|77025|
20170731|101 |1|1|18152|426|747|616|160|1695|21796|
20170731|101 |1|2|65584|2469|8357|1155|881|3166|81612|
20170731|190 |0|1|12759|406|975|755|178|166|15239|
20170731|190 |0|2|47932|2363|2686|1395|1102|2238|57716|
20170731|190 |1|1|13180|394|755|763|231|1105|16428|
20170731|190 |1|2|47582|2244|2726|1290|1108|2163|57113|
20170731|253 |0|1|15816|413|789|676|257|296|18247|
20170731|253 |0|2|65572|1917|1178|1111|1589|3598|74965|
20170731|253 |1|1|15991|420|659|699|339|1564|19672|
20170731|253 |1|2|61386|1914|1184|1056|1955|3415|70910|
20170731|254 |0|1|7796|277|585|675|430|200|9963|
20170731|254 |0|2|30997|1142|1154|785|2621|2109|38808|
20170731|254 |1|1|8001|244|525|623|375|821|10589|
20170731|254 |1|2|29338|948|1047|551|2040|1884|35808|
