20170201|101 |0|1|16539|492|921|707|186|326|19171|
20170201|101 |0|2|64260|2541|8221|1239|793|3379|80433|
20170201|101 |1|1|15281|582|969|938|227|1481|19478|
20170201|101 |1|2|61540|3037|8477|1653|1159|3278|79144|
20170201|190 |0|1|9411|530|1015|924|218|190|12288|
20170201|190 |0|2|38004|2767|2945|1507|1202|2069|48494|
20170201|190 |1|1|8696|512|884|1022|289|772|12175|
20170201|190 |1|2|34738|2673|2863|1672|1322|1944|45212|
20170201|253 |0|1|13865|717|1314|1081|375|233|17585|
20170201|253 |0|2|63617|2886|1939|2049|2161|4079|76731|
20170201|253 |1|1|12590|652|1084|1178|526|1365|17395|
20170201|253 |1|2|56342|2863|1906|2095|2510|3622|69338|
20170201|254 |0|1|6355|418|702|796|643|198|9112|
20170201|254 |0|2|29030|1570|1213|884|3014|2012|37723|
20170201|254 |1|1|6525|460|732|846|535|762|9860|
20170201|254 |1|2|27334|1350|1090|744|2364|1871|34753|
20170201|651 |0|1|4707|151|226|140|109|128|5461|
20170201|651 |0|2|16438|555|911|216|631|1224|19975|
20170201|651 |1|1|4358|169|316|154|106|422|5525|
20170201|651 |1|2|16219|587|856|194|580|1197|19633|
20170201|685 |0|1|3462|350|867|867|808|101|6455|
20170201|685 |0|2|16046|1132|1360|697|2713|977|22925|
20170201|685 |1|1|3095|330|699|747|585|325|5781|
20170201|685 |1|2|14674|1225|1303|759|2817|998|21776|
20170202|101 |0|1|16435|508|906|700|201|332|19082|
20170202|101 |0|2|63434|2659|8341|1205|838|3300|79777|
20170202|101 |1|1|15420|559|994|963|237|1442|19615|
20170202|101 |1|2|61642|3065|8539|1590|1289|3265|79390|
20170202|190 |0|1|9088|534|1069|887|240|206|12024|
20170202|190 |0|2|38643|2744|2971|1520|1209|2060|49147|
20170202|190 |1|1|9525|579|944|1046|323|859|13276|
20170202|190 |1|2|36122|2701|2849|1593|1306|2010|46581|
20170202|253 |0|1|13394|686|1306|1123|405|243|17157|
20170202|253 |0|2|63290|2931|1998|2035|2364|3959|76577|
20170202|253 |1|1|12775|691|1127|1248|566|1334|17741|
20170202|253 |1|2|55300|2827|1912|2083|2651|3523|68296|
20170202|254 |0|1|6347|387|706|793|597|204|9034|
20170202|254 |0|2|28805|1539|1287|884|3045|1974|37534|
20170202|254 |1|1|6888|446|705|893|596|752|10280|
20170202|254 |1|2|29362|1417|1150|729|2472|2013|37143|
20170202|651 |0|1|4787|141|203|145|122|156|5554|
20170202|651 |0|2|17399|555|1059|235|663|1196|21107|
20170202|651 |1|1|4634|163|312|157|113|521|5900|
20170202|651 |1|2|17007|586|1005|195|623|1186|20602|
20170202|685 |0|1|3427|364|897|909|1033|95|6725|
20170202|685 |0|2|15647|1143|1298|706|2827|1030|22651|
20170202|685 |1|1|3193|381|713|770|632|348|6037|
20170202|685 |1|2|15644|1236|1293|756|3094|1056|23079|
20170203|101 |0|1|17846|499|898|701|203|355|20502|
20170203|101 |0|2|68578|2653|8946|1173|807|3500|85657|
20170203|101 |1|1|17231|550|1065|952|255|1671|21724|
20170203|101 |1|2|68691|3122|9108|1590|1221|3635|87367|
20170203|190 |0|1|9859|554|1056|931|253|199|12852|
20170203|190 |0|2|44844|2803|3068|1459|1238|2236|55648|
20170203|190 |1|1|10520|563|962|1037|301|1010|14393|
20170203|190 |1|2|42043|2773|3017|1634|1310|2211|52988|
20170203|253 |0|1|14607|758|1333|1060|469|267|18494|
20170203|253 |0|2|67525|2854|2037|1937|2289|4328|80970|
20170203|253 |1|1|14229|685|1122|1178|559|1513|19286|
20170203|253 |1|2|63977|2865|1950|2092|2852|4066|77802|
20170203|254 |0|1|6783|412|752|805|631|198|9581|
20170203|254 |0|2|30874|1620|1301|851|3143|2173|39962|
20170203|254 |1|1|7413|486|754|846|575|835|10909|
20170203|254 |1|2|31000|1437|1155|782|2562|2172|39108|
20170203|651 |0|1|6305|135|245|160|95|172|7112|
20170203|651 |0|2|22672|584|996|239|639|1417|26547|
20170203|651 |1|1|5191|164|332|152|72|540|6451|
20170203|651 |1|2|19217|608|946|207|559|1412|22949|
20170203|685 |0|1|3804|359|865|959|960|124|7071|
20170203|685 |0|2|16548|1149|1239|685|2699|1056|23376|
20170203|685 |1|1|3868|364|780|816|665|395|6888|
20170203|685 |1|2|17567|1307|1262|762|3011|1165|25074|
20170204|101 |0|1|20928|342|594|320|141|287|22612|
20170204|101 |0|2|65353|1633|8397|618|470|2939|79410|
20170204|101 |1|1|19993|429|837|585|149|1676|23669|
20170204|101 |1|2|64825|2037|8434|1005|671|2928|79900|
20170204|190 |0|1|13448|304|531|369|141|182|14975|
20170204|190 |0|2|45704|1397|2568|557|687|1930|52843|
20170204|190 |1|1|12686|284|501|528|169|968|15136|
20170204|190 |1|2|43483|1444|2523|965|855|1913|51183|
20170204|253 |0|1|17265|390|624|571|227|225|19302|
20170204|253 |0|2|62453|1423|908|739|1370|3323|70216|
20170204|253 |1|1|16357|321|596|729|303|1566|19872|
20170204|253 |1|2|59060|1479|927|974|1785|3136|67361|
20170204|254 |0|1|8063|209|354|412|327|154|9519|
20170204|254 |0|2|29286|791|913|401|1815|1750|34956|
20170204|254 |1|1|8541|228|381|476|312|888|10826|
20170204|254 |1|2|30048|794|887|472|1561|1792|35554|
20170204|651 |0|1|9146|86|139|98|85|175|9729|
20170204|651 |0|2|30439|337|893|125|543|1455|33792|
20170204|651 |1|1|7078|113|246|76|79|705|8297|
20170204|651 |1|2|24185|351|911|80|494|1259|27280|
20170204|685 |0|1|4760|158|427|432|399|91|6267|
20170204|685 |0|2|15943|537|1150|379|1646|784|20439|
20170204|685 |1|1|4678|159|438|396|365|425|6461|
20170204|685 |1|2|16522|593|1109|465|1935|840|21464|
20170205|101 |0|1|17348|174|274|142|38|221|18197|
20170205|101 |0|2|54840|814|7074|303|218|2386|65635|
20170205|101 |1|1|16479|214|502|240|41|1344|18820|
20170205|101 |1|2|52592|829|7038|520|318|2344|63641|
20170205|190 |0|1|7770|140|220|146|35|100|8411|
20170205|190 |0|2|32595|654|2356|328|172|1450|37555|
20170205|190 |1|1|10752|142|196|232|29|818|12169|
20170205|190 |1|2|35590|543|2280|348|159|1482|40402|
20170205|253 |0|1|14427|210|206|185|55|158|15241|
20170205|253 |0|2|51387|614|684|306|417|2605|56013|
20170205|253 |1|1|13603|131|176|191|87|1173|15361|
20170205|253 |1|2|44646|474|588|241|374|2240|48563|
20170205|254 |0|1|6961|67|144|125|71|112|7480|
20170205|254 |0|2|23529|304|753|157|289|1279|26311|
20170205|254 |1|1|7329|81|114|116|64|747|8451|
20170205|254 |1|2|23830|249|706|141|208|1314|26448|
20170205|651 |0|1|5424|38|54|20|3|109|5648|
20170205|651 |0|2|16715|110|836|24|23|914|18622|
20170205|651 |1|1|7585|40|94|44|3|662|8428|
20170205|651 |1|2|24907|138|856|27|17|1101|27046|
20170205|685 |0|1|4042|57|118|140|95|74|4526|
20170205|685 |0|2|12497|178|1018|119|386|609|14807|
20170205|685 |1|1|3635|45|87|103|96|373|4339|
20170205|685 |1|2|11854|194|965|108|413|593|14127|
20170206|101 |0|1|18262|508|823|630|196|406|20825|
20170206|101 |0|2|69599|2523|8310|1094|796|3647|85969|
20170206|101 |1|1|15475|597|876|767|191|1561|19467|
20170206|101 |1|2|62936|2886|8556|1375|1048|3507|80308|
20170206|190 |0|1|10386|491|1093|888|248|220|13326|
20170206|190 |0|2|42323|2693|2936|1395|1202|2206|52755|
20170206|190 |1|1|9117|468|800|761|243|857|12246|
20170206|190 |1|2|36227|2495|2799|1167|1232|1958|45878|
20170206|253 |0|1|14411|615|1344|1014|358|276|18018|
20170206|253 |0|2|67552|2784|1936|1967|2183|4212|80634|
20170206|253 |1|1|12702|586|1046|1007|473|1362|17176|
20170206|253 |1|2|57857|2716|1875|1785|2640|3812|70685|
20170206|254 |0|1|6774|389|718|801|577|219|9478|
20170206|254 |0|2|30202|1492|1200|866|3073|2198|39031|
20170206|254 |1|1|6643|389|712|702|497|754|9697|
20170206|254 |1|2|27917|1222|1101|608|2303|1992|35143|
20170206|651 |0|1|5022|125|178|127|64|126|5642|
20170206|651 |0|2|17542|520|900|204|390|1248|20804|
20170206|651 |1|1|4818|142|296|146|45|524|5971|
20170206|651 |1|2|18079|548|846|171|368|1367|21379|
20170206|685 |0|1|4137|374|862|871|814|121|7179|
20170206|685 |0|2|17729|1197|1345|695|2632|1148|24746|
20170206|685 |1|1|3448|371|666|711|555|360|6111|
20170206|685 |1|2|15923|1292|1351|634|2669|1077|22946|
20170207|101 |0|1|17157|609|947|727|220|377|20037|
20170207|101 |0|2|65676|2660|8304|1211|800|3421|82072|
20170207|101 |1|1|15805|579|1012|966|249|1462|20073|
20170207|101 |1|2|65601|3160|8498|1745|1197|3461|83662|
20170207|190 |0|1|9587|536|1098|897|244|211|12573|
20170207|190 |0|2|40011|2869|2931|1489|1313|2122|50735|
20170207|190 |1|1|9381|543|881|1084|297|891|13077|
20170207|190 |1|2|37835|2797|2897|1655|1439|2072|48695|
20170207|253 |0|1|13814|723|1366|1076|431|252|17662|
20170207|253 |0|2|65421|3042|2011|2090|2482|4029|79075|
20170207|253 |1|1|12928|648|1082|1200|592|1360|17810|
20170207|253 |1|2|58847|2935|1862|2062|2955|3759|72420|
20170207|254 |0|1|6689|413|730|817|670|219|9538|
20170207|254 |0|2|29722|1550|1307|889|3234|2152|38854|
20170207|254 |1|1|6798|470|749|888|549|795|10249|
20170207|254 |1|2|29388|1436|1123|732|2539|2041|37259|
20170207|651 |0|1|4658|136|181|146|83|126|5330|
20170207|651 |0|2|17065|598|886|230|585|1328|20692|
20170207|651 |1|1|4635|175|287|149|81|512|5839|
20170207|651 |1|2|17467|641|849|184|503|1308|20952|
20170207|685 |0|1|3577|351|871|894|915|116|6724|
20170207|685 |0|2|16136|1192|1285|694|2817|1017|23141|
20170207|685 |1|1|3330|349|760|789|596|351|6175|
20170207|685 |1|2|15867|1280|1362|787|2975|1095|23366|
20170208|101 |0|1|17270|549|894|690|242|380|20025|
20170208|101 |0|2|67087|2651|8277|1169|815|3428|83427|
20170208|101 |1|1|16097|570|947|971|224|1503|20312|
20170208|101 |1|2|65531|3029|8477|1611|1214|3348|83210|
20170208|190 |0|1|9664|507|1009|868|231|180|12459|
20170208|190 |0|2|39366|2728|2990|1423|1215|2083|49805|
20170208|190 |1|1|9422|519|869|965|309|848|12932|
20170208|190 |1|2|38085|2687|2942|1595|1375|2028|48712|
20170208|253 |0|1|13879|721|1359|1068|433|259|17719|
20170208|253 |0|2|64781|2941|1963|2033|2414|4031|78163|
20170208|253 |1|1|12809|642|1138|1212|605|1408|17814|
20170208|253 |1|2|59413|2945|1906|2086|2828|3791|72969|
20170208|254 |0|1|6625|399|713|810|699|185|9431|
20170208|254 |0|2|29522|1515|1238|851|3183|2044|38353|
20170208|254 |1|1|6842|431|731|868|609|782|10263|
20170208|254 |1|2|28907|1399|1104|757|2493|2016|36676|
20170208|651 |0|1|4812|137|210|146|82|152|5539|
20170208|651 |0|2|17412|551|868|213|664|1204|20912|
20170208|651 |1|1|4543|149|283|147|60|503|5685|
20170208|651 |1|2|17516|571|843|208|605|1256|20999|
20170208|685 |0|1|3549|373|888|933|1068|104|6915|
20170208|685 |0|2|15961|1188|1349|708|2796|1074|23076|
20170208|685 |1|1|3369|360|788|783|709|332|6341|
20170208|685 |1|2|16107|1286|1362|709|2964|1042|23470|
20170209|101 |0|1|17475|543|845|685|190|399|20137|
20170209|101 |0|2|66867|2608|8363|1121|770|3389|83118|
20170209|101 |1|1|15738|541|1015|919|211|1455|19879|
20170209|101 |1|2|62610|3047|8481|1672|1217|3303|80330|
20170209|190 |0|1|9776|502|1105|840|242|191|12656|
20170209|190 |0|2|39923|2796|3025|1382|1337|2173|50636|
20170209|190 |1|1|9577|494|941|913|304|870|13099|
20170209|190 |1|2|38934|2741|2935|1545|1365|2118|49638|
20170209|253 |0|1|13976|757|1325|1049|416|269|17792|
20170209|253 |0|2|64905|2859|2002|1957|2459|4145|78327|
20170209|253 |1|1|13445|691|1115|1170|576|1482|18479|
20170209|253 |1|2|60376|2817|1882|1975|2932|3820|73802|
20170209|254 |0|1|6605|393|756|815|646|204|9419|
20170209|254 |0|2|29725|1538|1351|845|3152|2102|38713|
20170209|254 |1|1|7045|413|739|822|560|773|10352|
20170209|254 |1|2|30502|1430|1189|773|2461|2052|38407|
20170209|651 |0|1|4851|133|209|140|126|146|5605|
20170209|651 |0|2|17914|543|957|223|716|1229|21582|
20170209|651 |1|1|4605|174|283|122|100|522|5806|
20170209|651 |1|2|17488|566|924|178|670|1277|21103|
20170209|685 |0|1|3474|363|937|851|918|100|6643|
20170209|685 |0|2|15848|1220|1286|696|2728|964|22742|
20170209|685 |1|1|3408|391|805|782|577|358|6321|
20170209|685 |1|2|15843|1216|1319|759|2951|1062|23150|
20170210|101 |0|1|18219|531|813|609|204|385|20761|
20170210|101 |0|2|69363|2573|8975|1100|754|3581|86346|
20170210|101 |1|1|17299|599|992|830|223|1608|21551|
20170210|101 |1|2|67646|3032|9239|1461|1105|3554|86037|
20170210|190 |0|1|11575|520|988|765|226|225|14299|
20170210|190 |0|2|46517|2760|3007|1301|1241|2346|57172|
20170210|190 |1|1|10903|480|903|895|277|1021|14479|
20170210|190 |1|2|43026|2657|2958|1435|1356|2297|53729|
20170210|253 |0|1|15085|732|1222|964|372|284|18659|
20170210|253 |0|2|68916|2896|1936|1890|2231|4328|82197|
20170210|253 |1|1|14570|635|1057|1118|519|1583|19482|
20170210|253 |1|2|64681|2843|1863|1865|2740|4168|78160|
20170210|254 |0|1|7155|400|749|780|598|212|9894|
20170210|254 |0|2|31521|1537|1242|844|2883|2205|40232|
20170210|254 |1|1|7540|462|734|812|563|847|10958|
20170210|254 |1|2|31356|1356|1142|780|2401|2204|39239|
20170210|651 |0|1|6675|143|200|152|75|171|7416|
20170210|651 |0|2|23435|573|953|213|529|1436|27139|
20170210|651 |1|1|5249|177|277|145|58|569|6475|
20170210|651 |1|2|19454|604|932|175|476|1368|23009|
20170210|685 |0|1|3974|380|891|821|829|113|7008|
20170210|685 |0|2|17203|1153|1402|682|2759|1108|24307|
20170210|685 |1|1|3978|364|759|711|613|416|6841|
20170210|685 |1|2|18010|1295|1308|738|2853|1236|25440|
20170211|101 |0|1|21231|386|503|289|117|341|22867|
20170211|101 |0|2|67729|1577|8849|538|475|2833|82001|
20170211|101 |1|1|20362|441|773|501|131|1737|23945|
20170211|101 |1|2|64649|2006|8835|914|636|2958|79998|
20170211|190 |0|1|14858|295|510|358|120|189|16330|
20170211|190 |0|2|48507|1344|2676|535|648|2146|55856|
20170211|190 |1|1|13208|282|468|575|118|1132|15783|
20170211|190 |1|2|43770|1360|2612|897|798|1957|51394|
20170211|253 |0|1|18513|398|571|442|210|221|20355|
20170211|253 |0|2|65805|1355|1139|827|1238|3507|73871|
20170211|253 |1|1|17170|350|588|636|292|1616|20652|
20170211|253 |1|2|61058|1404|1134|1019|1646|3311|69572|
20170211|254 |0|1|8789|235|337|373|298|156|10188|
20170211|254 |0|2|31194|708|922|379|1542|1731|36476|
20170211|254 |1|1|9353|252|391|440|280|955|11671|
20170211|254 |1|2|30960|736|902|474|1381|1759|36212|
20170211|651 |0|1|9905|109|114|75|36|198|10437|
20170211|651 |0|2|30472|339|974|139|263|1479|33666|
20170211|651 |1|1|7215|117|167|57|31|663|8250|
20170211|651 |1|2|23786|363|1028|88|239|1274|26778|
20170211|685 |0|1|5157|143|382|421|383|103|6589|
20170211|685 |0|2|17026|515|1207|331|1760|878|21717|
20170211|685 |1|1|4642|141|423|395|349|463|6413|
20170211|685 |1|2|16739|566|1120|419|1900|902|21646|
20170212|101 |0|1|20077|160|244|160|36|303|20980|
20170212|101 |0|2|62075|774|7313|256|199|2707|73324|
20170212|101 |1|1|19176|232|442|247|57|1605|21759|
20170212|101 |1|2|59281|782|7507|487|255|2557|70869|
20170212|190 |0|1|12395|157|232|150|31|188|13153|
20170212|190 |0|2|40163|668|2394|336|174|1686|45421|
20170212|190 |1|1|13577|148|240|186|31|1000|15182|
20170212|190 |1|2|43337|577|2240|343|182|1707|48386|
20170212|253 |0|1|17054|240|195|159|63|196|17907|
20170212|253 |0|2|59245|581|756|328|418|3104|64432|
20170212|253 |1|1|16184|146|173|179|73|1475|18230|
20170212|253 |1|2|52802|477|658|244|401|2699|57281|
20170212|254 |0|1|8448|86|135|124|76|147|9016|
20170212|254 |0|2|27395|328|775|120|318|1530|30466|
20170212|254 |1|1|8790|95|129|126|56|863|10059|
20170212|254 |1|2|27687|243|758|126|238|1522|30574|
20170212|651 |0|1|6766|46|51|24|10|123|7020|
20170212|651 |0|2|21199|112|933|45|64|1067|23420|
20170212|651 |1|1|9188|61|100|51|11|875|10286|
20170212|651 |1|2|29413|132|883|37|49|1347|31861|
20170212|685 |0|1|4955|68|125|143|110|86|5487|
20170212|685 |0|2|14960|175|1065|130|435|786|17551|
20170212|685 |1|1|4460|67|85|99|113|419|5243|
20170212|685 |1|2|14097|174|1051|126|411|674|16533|
20170213|101 |0|1|18227|494|816|663|242|385|20827|
20170213|101 |0|2|69659|2460|8326|1117|787|3736|86085|
20170213|101 |1|1|16119|520|887|766|195|1588|20075|
20170213|101 |1|2|63238|2814|8554|1358|1030|3493|80487|
20170213|190 |0|1|10757|525|1008|868|212|210|13580|
20170213|190 |0|2|43426|2658|2989|1306|1205|2313|53897|
20170213|190 |1|1|9838|503|836|740|232|892|13041|
20170213|190 |1|2|38548|2493|2847|1103|1307|2097|48395|
20170213|253 |0|1|15682|701|1270|1084|367|292|19396|
20170213|253 |0|2|70039|2776|1805|1968|2141|4312|83041|
20170213|253 |1|1|13177|639|955|991|507|1475|17744|
20170213|253 |1|2|59028|2668|1724|1798|2634|3849|71701|
20170213|254 |0|1|7156|396|676|825|618|188|9859|
20170213|254 |0|2|31184|1482|1261|841|3133|2145|40046|
20170213|254 |1|1|7299|423|655|726|545|806|10454|
20170213|254 |1|2|29623|1339|1089|579|2280|2078|36988|
20170213|651 |0|1|5379|136|182|118|49|139|6003|
20170213|651 |0|2|18630|551|884|202|405|1294|21966|
20170213|651 |1|1|5332|147|275|146|40|564|6504|
20170213|651 |1|2|19511|566|851|188|379|1422|22917|
20170213|685 |0|1|4339|374|912|863|833|132|7453|
20170213|685 |0|2|17712|1186|1314|669|2810|1094|24785|
20170213|685 |1|1|3675|368|766|745|606|401|6561|
20170213|685 |1|2|16477|1244|1359|653|2769|1124|23626|
20170214|101 |0|1|17738|559|898|717|260|397|20569|
20170214|101 |0|2|67567|2636|8347|1196|886|3472|84104|
20170214|101 |1|1|16180|585|965|950|238|1529|20447|
20170214|101 |1|2|64584|3049|8562|1716|1313|3371|82595|
20170214|190 |0|1|10025|539|1101|881|254|228|13028|
20170214|190 |0|2|40370|2892|2974|1534|1342|2170|51282|
20170214|190 |1|1|9837|550|947|1024|324|898|13580|
20170214|190 |1|2|38466|2758|2930|1580|1491|2152|49377|
20170214|253 |0|1|14585|729|1347|1094|403|318|18476|
20170214|253 |0|2|65918|3000|2022|1985|2435|4115|79475|
20170214|253 |1|1|13368|685|1135|1202|577|1493|18460|
20170214|253 |1|2|59877|2929|1911|2034|2964|3827|73542|
20170214|254 |0|1|6696|388|754|818|647|203|9506|
20170214|254 |0|2|29849|1563|1269|824|3143|2126|38774|
20170214|254 |1|1|7192|446|771|897|543|838|10687|
20170214|254 |1|2|30221|1453|1188|744|2569|2084|38259|
20170214|651 |0|1|5091|127|232|166|48|160|5824|
20170214|651 |0|2|17966|576|920|238|359|1308|21367|
20170214|651 |1|1|5045|153|296|156|53|553|6256|
20170214|651 |1|2|18187|618|941|198|295|1334|21573|
20170214|685 |0|1|3796|423|959|970|1200|106|7454|
20170214|685 |0|2|16919|1231|1340|783|2648|1046|23967|
20170214|685 |1|1|3480|375|770|772|651|347|6395|
20170214|685 |1|2|16271|1218|1325|780|2957|1072|23623|
20170215|101 |0|1|17575|531|915|677|236|371|20305|
20170215|101 |0|2|68655|2636|8385|1187|897|3483|85243|
20170215|101 |1|1|16177|604|927|905|270|1500|20383|
20170215|101 |1|2|64959|3118|8600|1660|1266|3437|83040|
20170215|190 |0|1|10227|517|1065|882|265|195|13151|
20170215|190 |0|2|41359|2851|3077|1416|1261|2221|52185|
20170215|190 |1|1|9896|523|959|925|352|935|13590|
20170215|190 |1|2|38992|2690|3007|1531|1484|2163|49867|
20170215|253 |0|1|14988|696|1290|1124|418|294|18810|
20170215|253 |0|2|66638|2969|2005|2031|2461|4146|80250|
20170215|253 |1|1|13809|650|1062|1179|572|1504|18776|
20170215|253 |1|2|61182|2963|1923|2055|3030|4007|75160|
20170215|254 |0|1|7035|447|800|946|903|197|10328|
20170215|254 |0|2|30852|1575|1312|1011|3091|2131|39972|
20170215|254 |1|1|7286|440|745|861|504|806|10642|
20170215|254 |1|2|30721|1437|1176|768|2550|2083|38735|
20170215|651 |0|1|5249|152|228|168|45|143|5985|
20170215|651 |0|2|18502|599|916|239|391|1329|21976|
20170215|651 |1|1|5028|182|296|161|44|541|6252|
20170215|651 |1|2|18514|610|898|207|358|1335|21922|
20170215|685 |0|1|3521|336|769|820|868|98|6412|
20170215|685 |0|2|15798|1126|1267|683|2824|993|22691|
20170215|685 |1|1|3524|373|706|738|646|385|6372|
20170215|685 |1|2|15885|1229|1320|728|3197|1025|23384|
20170216|101 |0|1|18209|547|934|697|250|355|20992|
20170216|101 |0|2|68575|2639|8373|1151|841|3418|84997|
20170216|101 |1|1|17397|589|984|960|273|1589|21792|
20170216|101 |1|2|68189|3061|8618|1671|1198|3435|86172|
20170216|190 |0|1|10181|437|790|588|215|214|12425|
20170216|190 |0|2|42864|2783|3122|1447|1307|2204|53727|
20170216|190 |1|1|10292|507|901|985|300|956|13941|
20170216|190 |1|2|40338|2726|3031|1577|1542|2176|51390|
20170216|253 |0|1|14724|732|1321|1100|448|274|18599|
20170216|253 |0|2|66922|2949|2030|2009|2515|4199|80624|
20170216|253 |1|1|13809|673|1081|1189|593|1417|18762|
20170216|253 |1|2|61322|2813|1960|2112|3009|3902|75118|
20170216|254 |0|1|7014|402|724|756|613|189|9698|
20170216|254 |0|2|30242|1517|1332|886|3135|2074|39186|
20170216|254 |1|1|7374|452|725|816|499|824|10690|
20170216|254 |1|2|30621|1425|1192|749|2337|2116|38440|
20170216|651 |0|1|5218|127|206|155|56|127|5889|
20170216|651 |0|2|18961|593|938|217|386|1302|22397|
20170216|651 |1|1|5012|170|289|134|59|558|6222|
20170216|651 |1|2|18883|574|925|180|335|1346|22243|
20170216|685 |0|1|3790|369|957|874|972|119|7081|
20170216|685 |0|2|16386|1160|1335|734|2824|1067|23506|
20170216|685 |1|1|3702|380|732|782|599|371|6566|
20170216|685 |1|2|16896|1217|1386|806|3214|1095|24614|
20170217|101 |0|1|19916|552|957|697|232|388|22742|
20170217|101 |0|2|71516|2547|8984|1046|786|3572|88451|
20170217|101 |1|1|18344|616|1033|919|258|1670|22840|
20170217|101 |1|2|70862|3128|9408|1519|1210|3588|89715|
20170217|190 |0|1|12775|505|994|873|238|252|15637|
20170217|190 |0|2|50232|2788|3073|1370|1164|2530|61157|
20170217|190 |1|1|11921|499|912|915|335|1093|15675|
20170217|190 |1|2|45273|2664|2912|1546|1339|2379|56113|
20170217|253 |0|1|15953|724|1308|1034|420|311|19750|
20170217|253 |0|2|70969|2894|2032|1920|2284|4284|84383|
20170217|253 |1|1|15257|687|1117|1182|563|1648|20454|
20170217|253 |1|2|65419|2768|1924|1959|2867|4127|79064|
20170217|254 |0|1|7216|420|738|776|577|209|9936|
20170217|254 |0|2|31881|1532|1258|850|3121|2152|40794|
20170217|254 |1|1|7863|453|782|826|561|850|11335|
20170217|254 |1|2|32365|1422|1164|786|2426|2243|40406|
20170217|651 |0|1|7028|133|208|145|37|163|7714|
20170217|651 |0|2|24711|579|987|220|350|1504|28351|
20170217|651 |1|1|5554|163|297|143|34|599|6790|
20170217|651 |1|2|20575|589|981|196|297|1428|24066|
20170217|685 |0|1|4278|358|909|885|782|108|7320|
20170217|685 |0|2|18347|1194|1444|750|2675|1137|25547|
20170217|685 |1|1|4202|365|732|713|587|423|7022|
20170217|685 |1|2|18448|1276|1329|803|2845|1189|25890|
20170218|101 |0|1|23120|380|569|302|139|313|24823|
20170218|101 |0|2|71059|1645|9107|558|591|2938|85898|
20170218|101 |1|1|21272|426|807|536|153|1726|24920|
20170218|101 |1|2|66319|2050|9188|914|838|2889|82198|
20170218|190 |0|1|15255|311|563|404|135|186|16854|
20170218|190 |0|2|52276|1453|2714|504|779|2090|59816|
20170218|190 |1|1|13646|306|484|535|165|1066|16202|
20170218|190 |1|2|47032|1456|2694|828|914|2008|54932|
20170218|253 |0|1|18582|409|600|534|224|218|20567|
20170218|253 |0|2|69406|1435|1271|886|1486|3454|77938|
20170218|253 |1|1|17817|364|585|608|319|1665|21358|
20170218|253 |1|2|62241|1417|1256|1080|2022|3242|71258|
20170218|254 |0|1|9066|237|392|364|308|183|10550|
20170218|254 |0|2|32250|785|986|390|1799|1852|38062|
20170218|254 |1|1|9470|245|429|431|303|957|11835|
20170218|254 |1|2|31816|768|944|493|1406|1857|37284|
20170218|651 |0|1|10295|103|127|93|29|202|10849|
20170218|651 |0|2|32557|361|936|113|281|1567|35815|
20170218|651 |1|1|7798|114|203|69|21|729|8934|
20170218|651 |1|2|25953|394|973|79|270|1342|29011|
20170218|685 |0|1|5850|154|398|387|388|110|7287|
20170218|685 |0|2|19148|559|1256|361|1655|932|23911|
20170218|685 |1|1|5124|157|406|433|333|473|6926|
20170218|685 |1|2|17943|594|1112|440|1977|966|23032|
20170219|101 |0|1|20517|202|316|134|56|275|21500|
20170219|101 |0|2|62476|869|7512|276|241|2603|73977|
20170219|101 |1|1|20475|259|499|268|55|1700|23256|
20170219|101 |1|2|63572|881|7782|550|312|2601|75698|
20170219|190 |0|1|12722|138|233|166|38|159|13456|
20170219|190 |0|2|41667|726|2467|344|217|1686|47107|
20170219|190 |1|1|13410|139|233|225|36|1020|15063|
20170219|190 |1|2|44601|613|2361|379|215|1693|49862|
20170219|253 |0|1|17377|260|242|189|63|208|18339|
20170219|253 |0|2|60296|622|798|302|508|2990|65516|
20170219|253 |1|1|16680|159|220|193|83|1474|18809|
20170219|253 |1|2|55637|546|736|303|506|2658|60386|
20170219|254 |0|1|8449|92|142|127|88|148|9046|
20170219|254 |0|2|27951|362|774|168|364|1506|31125|
20170219|254 |1|1|8770|117|121|121|62|910|10101|
20170219|254 |1|2|28078|283|765|143|270|1479|31018|
20170219|651 |0|1|7075|58|55|31|11|133|7363|
20170219|651 |0|2|21809|122|959|29|51|1029|23999|
20170219|651 |1|1|9143|69|96|50|3|794|10155|
20170219|651 |1|2|29660|133|922|24|45|1305|32089|
20170219|685 |0|1|5216|73|150|141|182|81|5843|
20170219|685 |0|2|15592|190|1172|146|416|784|18300|
20170219|685 |1|1|4729|58|130|128|153|451|5649|
20170219|685 |1|2|15243|208|1086|144|438|750|17869|
20170220|101 |0|1|18474|508|873|679|211|368|21113|
20170220|101 |0|2|69357|2417|8417|1089|769|3643|85692|
20170220|101 |1|1|16389|535|875|717|229|1668|20413|
20170220|101 |1|2|65358|2875|8634|1280|1016|3585|82748|
20170220|190 |0|1|11581|465|1041|902|221|279|14489|
20170220|190 |0|2|45097|2654|2857|1382|1230|2355|55575|
20170220|190 |1|1|10635|491|792|779|224|966|13887|
20170220|190 |1|2|40067|2510|2797|1197|1185|2177|49933|
20170220|253 |0|1|15411|665|1283|1062|371|285|19077|
20170220|253 |0|2|69002|2687|1930|1953|2109|4312|81993|
20170220|253 |1|1|13595|650|1048|1064|552|1425|18334|
20170220|253 |1|2|61047|2686|1884|1762|2601|3929|73909|
20170220|254 |0|1|7314|376|764|850|619|194|10117|
20170220|254 |0|2|31794|1611|1277|873|3185|2268|41008|
20170220|254 |1|1|7514|462|694|698|534|790|10692|
20170220|254 |1|2|30220|1362|1152|634|2347|2172|37887|
20170220|651 |0|1|5496|123|203|129|31|140|6122|
20170220|651 |0|2|19042|573|1037|238|281|1313|22484|
20170220|651 |1|1|5611|153|296|135|37|600|6832|
20170220|651 |1|2|20277|613|953|184|264|1358|23649|
20170220|685 |0|1|4521|318|899|825|686|118|7367|
20170220|685 |0|2|17920|1088|1272|684|2708|1035|24707|
20170220|685 |1|1|3601|329|737|696|532|363|6258|
20170220|685 |1|2|16270|1182|1280|637|2693|1121|23183|
20170221|101 |0|1|17895|592|897|745|249|380|20758|
20170221|101 |0|2|69052|2677|8466|1254|912|3524|85885|
20170221|101 |1|1|16244|637|980|974|302|1503|20640|
20170221|101 |1|2|65554|3065|8669|1688|1365|3463|83804|
20170221|190 |0|1|10615|551|1132|975|288|234|13795|
20170221|190 |0|2|42728|2865|3061|1658|1304|2250|53866|
20170221|190 |1|1|10625|500|978|1123|328|916|14470|
20170221|190 |1|2|40650|2796|2984|1738|1467|2201|51836|
20170221|253 |0|1|14499|762|1359|1088|411|308|18427|
20170221|253 |0|2|66318|2975|2076|2110|2447|4037|79963|
20170221|253 |1|1|13561|713|1226|1207|641|1466|18814|
20170221|253 |1|2|61344|2876|2059|2164|3004|3713|75160|
20170221|254 |0|1|7037|420|791|905|721|219|10093|
20170221|254 |0|2|30546|1565|1339|969|3459|2231|40109|
20170221|254 |1|1|7275|453|749|912|596|888|10873|
20170221|254 |1|2|30710|1465|1229|793|2729|2182|39108|
20170221|651 |0|1|5400|119|193|155|45|136|6048|
20170221|651 |0|2|18573|644|971|244|418|1274|22124|
20170221|651 |1|1|5315|146|270|166|48|558|6503|
20170221|651 |1|2|19012|659|1009|219|390|1327|22616|
20170221|685 |0|1|3825|382|949|911|1019|101|7187|
20170221|685 |0|2|16551|1192|1310|702|2950|1056|23761|
20170221|685 |1|1|3589|379|809|831|654|384|6646|
20170221|685 |1|2|16026|1256|1329|786|3216|1022|23635|
20170222|101 |0|1|16213|515|828|661|198|317|18732|
20170222|101 |0|2|63924|2429|8491|1143|829|3142|79958|
20170222|101 |1|1|15245|564|905|877|251|1396|19238|
20170222|101 |1|2|60629|2899|8643|1523|1151|3149|77994|
20170222|190 |0|1|9729|498|973|824|209|190|12423|
20170222|190 |0|2|39486|2707|2902|1360|1130|2171|49756|
20170222|190 |1|1|9468|459|854|869|280|839|12769|
20170222|190 |1|2|37676|2602|2834|1476|1249|2098|47935|
20170222|253 |0|1|13088|656|1193|979|375|260|16551|
20170222|253 |0|2|62332|2736|1968|2024|2294|3951|75305|
20170222|253 |1|1|12770|602|1054|1112|486|1396|17420|
20170222|253 |1|2|57842|2645|1875|2047|2688|3706|70803|
20170222|254 |0|1|6394|372|660|768|536|180|8910|
20170222|254 |0|2|28657|1416|1266|863|2923|2009|37134|
20170222|254 |1|1|6536|403|660|788|512|749|9648|
20170222|254 |1|2|28370|1311|1152|707|2381|1944|35865|
20170222|651 |0|1|4895|141|227|147|46|130|5586|
20170222|651 |0|2|17554|560|971|213|353|1190|20841|
20170222|651 |1|1|4951|173|265|162|49|541|6141|
20170222|651 |1|2|17878|586|921|185|346|1264|21180|
20170222|685 |0|1|3403|298|776|776|708|90|6051|
20170222|685 |0|2|15257|1084|1244|660|2593|965|21803|
20170222|685 |1|1|3416|306|678|752|566|362|6080|
20170222|685 |1|2|15348|1131|1287|739|2682|1018|22205|
20170223|101 |0|1|18270|578|897|690|218|396|21049|
20170223|101 |0|2|66584|2547|8447|1134|841|3301|82854|
20170223|101 |1|1|17048|615|997|946|216|1529|21351|
20170223|101 |1|2|66685|3023|8721|1655|1250|3372|84706|
20170223|190 |0|1|10805|542|1085|876|237|239|13784|
20170223|190 |0|2|44053|2896|2952|1474|1246|2237|54858|
20170223|190 |1|1|10194|542|928|929|320|951|13864|
20170223|190 |1|2|41069|2784|2834|1540|1342|2186|51755|
20170223|253 |0|1|14741|721|1232|1022|377|264|18357|
20170223|253 |0|2|67594|2968|2065|2004|2226|4039|80896|
20170223|253 |1|1|13802|690|1080|1155|564|1461|18752|
20170223|253 |1|2|62029|2985|2041|2034|2664|3948|75701|
20170223|254 |0|1|7114|396|779|908|683|218|10098|
20170223|254 |0|2|31763|1568|1385|940|3278|2228|41162|
20170223|254 |1|1|7404|443|804|849|576|796|10872|
20170223|254 |1|2|31405|1406|1214|806|2582|2194|39607|
20170223|651 |0|1|5408|147|248|130|51|146|6130|
20170223|651 |0|2|19037|590|925|238|357|1280|22427|
20170223|651 |1|1|4943|163|298|150|36|550|6140|
20170223|651 |1|2|18746|620|866|204|327|1347|22110|
20170223|685 |0|1|3844|373|917|862|896|120|7012|
20170223|685 |0|2|17261|1180|1335|685|2714|1046|24221|
20170223|685 |1|1|3493|354|788|759|631|402|6427|
20170223|685 |1|2|16257|1284|1297|750|2889|1071|23548|
20170224|101 |0|1|19298|558|895|669|193|390|22003|
20170224|101 |0|2|71991|2643|9157|1215|847|3529|89382|
20170224|101 |1|1|18716|592|1016|969|217|1679|23189|
20170224|101 |1|2|71793|3083|9455|1670|1282|3596|90879|
20170224|190 |0|1|13052|567|1036|858|264|272|16049|
20170224|190 |0|2|51561|2877|3103|1447|1274|2648|62910|
20170224|190 |1|1|12307|542|876|968|298|1129|16120|
20170224|190 |1|2|47330|2754|2906|1550|1333|2393|58266|
20170224|253 |0|1|16523|790|1336|1053|395|293|20390|
20170224|253 |0|2|73074|2991|1967|1981|2473|4383|86869|
20170224|253 |1|1|15661|714|1180|1143|565|1593|20856|
20170224|253 |1|2|67848|2891|1967|2015|3009|4305|82035|
20170224|254 |0|1|7435|421|733|843|590|227|10249|
20170224|254 |0|2|32249|1598|1277|876|3033|2227|41260|
20170224|254 |1|1|8074|464|792|919|530|917|11696|
20170224|254 |1|2|33731|1500|1216|878|2639|2316|42280|
20170224|651 |0|1|6942|142|226|175|57|164|7706|
20170224|651 |0|2|25016|590|974|268|430|1537|28815|
20170224|651 |1|1|5910|177|337|148|47|562|7181|
20170224|651 |1|2|21456|628|1046|243|404|1513|25290|
20170224|685 |0|1|4627|393|1001|987|1406|120|8534|
20170224|685 |0|2|19098|1186|1392|637|2485|1184|25982|
20170224|685 |1|1|4357|390|777|794|582|453|7353|
20170224|685 |1|2|18735|1256|1308|778|3027|1194|26298|
20170225|101 |0|1|23606|381|603|332|164|332|25418|
20170225|101 |0|2|71898|1632|9498|609|571|2913|87121|
20170225|101 |1|1|22170|474|844|652|159|1808|26107|
20170225|101 |1|2|68754|2028|9626|1027|892|2923|85250|
20170225|190 |0|1|16583|335|604|383|146|218|18269|
20170225|190 |0|2|55735|1403|2513|544|716|2215|63126|
20170225|190 |1|1|14578|305|504|533|179|1112|17211|
20170225|190 |1|2|47773|1490|2375|966|867|1975|55446|
20170225|253 |0|1|20233|445|633|504|220|268|22303|
20170225|253 |0|2|71182|1445|1079|739|1475|3634|79554|
20170225|253 |1|1|18657|383|626|659|326|1785|22436|
20170225|253 |1|2|64856|1504|1098|985|1980|3360|73783|
20170225|254 |0|1|9741|231|398|428|365|186|11349|
20170225|254 |0|2|35083|791|1086|428|1872|1912|41172|
20170225|254 |1|1|9623|283|387|493|295|1006|12087|
20170225|254 |1|2|33253|761|928|474|1502|1839|38757|
20170225|651 |0|1|10216|123|123|92|38|204|10796|
20170225|651 |0|2|33048|358|988|174|344|1564|36476|
20170225|651 |1|1|7924|127|180|80|42|759|9112|
20170225|651 |1|2|27127|391|1063|108|309|1414|30412|
20170225|685 |0|1|6291|158|441|436|436|113|7875|
20170225|685 |0|2|19067|555|1151|364|1855|932|23924|
20170225|685 |1|1|5458|182|406|465|364|472|7347|
20170225|685 |1|2|18311|612|1145|471|2109|978|23626|
20170226|101 |0|1|22280|196|298|186|59|279|23298|
20170226|101 |0|2|68360|814|7179|323|221|2751|79648|
20170226|101 |1|1|21442|268|479|294|55|1639|24177|
20170226|101 |1|2|64419|827|7484|555|301|2641|76227|
20170226|190 |0|1|14735|183|279|185|42|160|15584|
20170226|190 |0|2|47273|721|2294|332|188|1861|52669|
20170226|190 |1|1|14974|182|230|230|46|1077|16739|
20170226|190 |1|2|48315|575|2072|405|203|1877|53447|
20170226|253 |0|1|19277|264|231|190|72|204|20238|
20170226|253 |0|2|65365|636|706|296|455|3201|70659|
20170226|253 |1|1|18332|197|213|206|79|1651|20678|
20170226|253 |1|2|58991|496|660|282|481|2767|63677|
20170226|254 |0|1|9366|102|155|108|79|145|9955|
20170226|254 |0|2|31061|358|761|157|335|1612|34284|
20170226|254 |1|1|9966|97|155|130|60|1013|11421|
20170226|254 |1|2|30994|270|747|148|258|1620|34037|
20170226|651 |0|1|7883|58|57|40|10|184|8232|
20170226|651 |0|2|25620|165|878|42|56|1228|27989|
20170226|651 |1|1|9633|77|108|38|11|910|10777|
20170226|651 |1|2|31572|183|868|42|50|1412|34127|
20170226|685 |0|1|6011|75|133|130|109|79|6537|
20170226|685 |0|2|17720|182|1091|144|544|856|20537|
20170226|685 |1|1|5462|65|119|126|91|471|6334|
20170226|685 |1|2|16905|183|921|116|503|747|19375|
20170227|101 |0|1|19668|575|863|728|199|432|22465|
20170227|101 |0|2|74304|2530|8363|1123|891|3683|90894|
20170227|101 |1|1|17682|611|936|853|244|1691|22017|
20170227|101 |1|2|68080|3001|8626|1439|1276|3508|85930|
20170227|190 |0|1|12150|540|1130|926|262|234|15242|
20170227|190 |0|2|46938|2766|2805|1502|1232|2331|57574|
20170227|190 |1|1|11679|540|835|808|295|1053|15210|
20170227|190 |1|2|43412|2672|2846|1363|1219|2234|53746|
20170227|253 |0|1|16108|734|1353|1164|415|301|20075|
20170227|253 |0|2|71536|2848|1956|1956|2299|4273|84868|
20170227|253 |1|1|14690|716|1075|1114|508|1610|19713|
20170227|253 |1|2|63260|2845|1919|1923|2908|3979|76834|
20170227|254 |0|1|7679|425|793|885|653|204|10639|
20170227|254 |0|2|33132|1674|1312|982|3308|2349|42757|
20170227|254 |1|1|7651|447|720|770|534|869|10991|
20170227|254 |1|2|31064|1401|1159|671|2505|2133|38933|
20170227|651 |0|1|6016|169|248|143|52|154|6782|
20170227|651 |0|2|21374|589|1022|249|456|1374|25064|
20170227|651 |1|1|6385|199|311|154|53|638|7740|
20170227|651 |1|2|22855|621|945|206|387|1547|26561|
20170227|685 |0|1|4603|374|932|934|904|123|7870|
20170227|685 |0|2|18379|1120|1265|739|2838|1110|25451|
20170227|685 |1|1|3910|326|757|737|597|376|6703|
20170227|685 |1|2|16759|1218|1282|697|2948|1073|23977|
20170228|101 |0|1|20237|612|986|732|220|428|23215|
20170228|101 |0|2|73335|2768|8572|1226|981|3637|90519|
20170228|101 |1|1|18575|712|983|1062|263|1702|23297|
20170228|101 |1|2|69889|3256|8867|1796|1481|3550|88839|
20170228|190 |0|1|12038|567|1112|915|255|243|15130|
20170228|190 |0|2|46363|2811|2899|1476|1316|2260|57125|
20170228|190 |1|1|12301|620|1121|1220|376|1000|16638|
20170228|190 |1|2|42345|2744|2783|1733|1444|2099|53148|
20170228|253 |0|1|16188|712|1395|1179|436|294|20204|
20170228|253 |0|2|70926|2986|2050|2085|2567|4361|84975|
20170228|253 |1|1|15383|691|1201|1367|614|1566|20822|
20170228|253 |1|2|66012|3027|2017|2293|3297|4097|80743|
20170228|254 |0|1|7447|439|771|881|715|208|10461|
20170228|254 |0|2|32911|1652|1293|962|3414|2321|42553|
20170228|254 |1|1|7920|486|776|962|557|886|11587|
20170228|254 |1|2|32768|1533|1217|831|2774|2296|41419|
