20190701|101 |0|1|13947|356|776|513|153|223|15968|
20190701|101 |0|2|74419|2439|8298|1465|955|3644|91220|
20190701|101 |1|1|12486|441|844|691|179|1289|15930|
20190701|101 |1|2|73051|2847|8430|1820|1339|3818|91305|
20190701|190 |0|1|8470|326|1132|936|170|116|11150|
20190701|190 |0|2|48211|2829|2742|1806|1637|2267|59492|
20190701|190 |1|1|7773|329|763|860|210|686|10621|
20190701|190 |1|2|43315|2657|2750|1773|1604|2090|54189|
20190701|253 |0|1|11788|410|1095|840|244|248|14625|
20190701|253 |0|2|71134|2503|1909|2039|2331|3983|83899|
20190701|253 |1|1|10538|452|944|826|294|1134|14188|
20190701|253 |1|2|65534|2700|1999|2088|3020|3853|79194|
20190701|254 |0|1|5731|296|708|847|367|114|8063|
20190701|254 |0|2|35302|1633|1280|1156|3041|2362|44774|
20190701|254 |1|1|5283|264|640|641|264|649|7741|
20190701|254 |1|2|31293|1371|1049|774|2536|2081|39104|
20190701|651 |0|1|5806|89|225|128|32|114|6394|
20190701|651 |0|2|28010|626|1021|305|462|1657|32081|
20190701|651 |1|1|5507|106|261|120|41|618|6653|
20190701|651 |1|2|29129|660|983|299|419|1788|33278|
20190701|685 |0|1|4413|224|910|855|477|83|6962|
20190701|685 |0|2|20195|1266|1535|1101|3114|1109|28320|
20190701|685 |1|1|3141|235|780|702|379|324|5561|
20190701|685 |1|2|18553|1319|1524|932|3012|1134|26474|
20190702|101 |0|1|13016|329|883|612|160|230|15230|
20190702|101 |0|2|71905|2697|8260|1584|1037|3430|88913|
20190702|101 |1|1|12191|392|820|850|176|1241|15670|
20190702|101 |1|2|72203|3069|8636|2191|1470|3618|91187|
20190702|190 |0|1|7781|348|1253|948|243|100|10673|
20190702|190 |0|2|45249|2939|2834|2048|1942|2179|57191|
20190702|190 |1|1|7222|394|821|1034|311|645|10427|
20190702|190 |1|2|42490|2926|2841|2365|2079|2082|54783|
20190702|253 |0|1|10956|456|1300|981|316|256|14265|
20190702|253 |0|2|68484|2777|2000|2100|2489|3895|81745|
20190702|253 |1|1|10328|459|1050|1020|336|1202|14395|
20190702|253 |1|2|66732|3016|2113|2564|3316|3782|81523|
20190702|254 |0|1|5401|273|830|978|514|109|8105|
20190702|254 |0|2|33636|1736|1299|1130|3153|2171|43125|
20190702|254 |1|1|5418|283|736|824|342|651|8254|
20190702|254 |1|2|32291|1547|1203|1031|2870|2163|41105|
20190702|651 |0|1|5416|108|232|145|46|119|6066|
20190702|651 |0|2|27377|716|1081|396|592|1661|31823|
20190702|651 |1|1|5033|128|297|144|27|568|6197|
20190702|651 |1|2|27302|738|1009|325|534|1694|31602|
20190702|685 |0|1|3420|240|908|860|481|63|5972|
20190702|685 |0|2|19283|1380|1630|1153|3247|1110|27803|
20190702|685 |1|1|3188|286|803|860|444|323|5904|
20190702|685 |1|2|19270|1466|1519|1132|3162|1127|27676|
20190703|101 |0|1|13334|357|902|553|142|243|15531|
20190703|101 |0|2|73951|2589|8842|1581|1045|3542|91550|
20190703|101 |1|1|12315|426|844|811|186|1220|15802|
20190703|101 |1|2|73985|3004|9144|2181|1520|3716|93550|
20190703|190 |0|1|7807|319|1176|838|209|98|10447|
20190703|190 |0|2|45145|2944|2931|1990|2053|2099|57162|
20190703|190 |1|1|8439|355|804|1008|250|789|11645|
20190703|190 |1|2|42222|2869|2884|2210|2132|2018|54335|
20190703|253 |0|1|11097|413|1242|940|331|279|14302|
20190703|253 |0|2|69247|2718|1943|1951|2550|3890|82299|
20190703|253 |1|1|10390|433|1073|974|361|1147|14378|
20190703|253 |1|2|67336|2887|2050|2404|3331|3877|81885|
20190703|254 |0|1|5448|250|788|875|371|100|7832|
20190703|254 |0|2|33859|1755|1296|1194|2949|2177|43230|
20190703|254 |1|1|5409|267|669|754|328|644|8071|
20190703|254 |1|2|32158|1509|1140|979|2621|2066|40473|
20190703|651 |0|1|5660|108|210|164|45|132|6319|
20190703|651 |0|2|28313|705|1089|366|541|1642|32656|
20190703|651 |1|1|5134|131|291|141|35|550|6282|
20190703|651 |1|2|27569|703|1046|309|501|1681|31809|
20190703|685 |0|1|3319|256|877|810|455|72|5789|
20190703|685 |0|2|19264|1336|1651|1149|3393|1050|27843|
20190703|685 |1|1|3013|269|792|785|433|302|5594|
20190703|685 |1|2|18864|1388|1564|1037|3202|1107|27162|
20190704|101 |0|1|13840|400|918|605|210|207|16180|
20190704|101 |0|2|71035|2511|8197|1470|1014|3382|87609|
20190704|101 |1|1|12474|403|695|759|199|1194|15724|
20190704|101 |1|2|74419|2948|8785|2068|1545|3640|93405|
20190704|190 |0|1|7853|325|1153|908|227|100|10566|
20190704|190 |0|2|46423|2879|2933|1975|2206|2103|58519|
20190704|190 |1|1|8251|357|882|941|244|795|11470|
20190704|190 |1|2|44292|2934|2876|2233|2276|2084|56695|
20190704|253 |0|1|10943|456|1179|879|302|252|14011|
20190704|253 |0|2|68739|2666|2071|1998|2448|3838|81760|
20190704|253 |1|1|10669|490|938|955|353|1200|14605|
20190704|253 |1|2|68871|2852|2124|2387|3191|3868|83293|
20190704|254 |0|1|5423|285|759|867|354|130|7818|
20190704|254 |0|2|34253|1700|1387|1200|3029|2190|43759|
20190704|254 |1|1|5488|279|676|705|322|678|8148|
20190704|254 |1|2|32557|1488|1167|1010|2698|2081|41001|
20190704|651 |0|1|5667|106|221|174|40|113|6321|
20190704|651 |0|2|29737|689|1104|342|495|1631|33998|
20190704|651 |1|1|5222|121|311|145|45|560|6404|
20190704|651 |1|2|28751|732|1070|296|450|1678|32977|
20190704|685 |0|1|3380|229|841|802|385|75|5712|
20190704|685 |0|2|19017|1350|1607|1097|3246|1150|27467|
20190704|685 |1|1|3073|266|780|755|344|332|5550|
20190704|685 |1|2|18632|1458|1564|1009|3147|1104|26914|
20190705|101 |0|1|15307|396|878|551|175|215|17522|
20190705|101 |0|2|74043|2437|9115|1452|975|3366|91388|
20190705|101 |1|1|13784|418|684|760|176|1351|17173|
20190705|101 |1|2|78465|2958|9772|1963|1483|3856|98497|
20190705|190 |0|1|9470|326|1126|836|202|97|12057|
20190705|190 |0|2|54688|2822|2922|1881|2146|2425|66884|
20190705|190 |1|1|8662|359|825|909|196|850|11801|
20190705|190 |1|2|50625|2879|2827|2224|2103|2380|63038|
20190705|253 |0|1|12455|417|1032|845|259|286|15294|
20190705|253 |0|2|76075|2582|2031|1971|2491|4010|89160|
20190705|253 |1|1|12080|439|1008|929|339|1441|16236|
20190705|253 |1|2|75282|2874|2145|2265|3327|4253|90146|
20190705|254 |0|1|5741|293|769|792|313|136|8044|
20190705|254 |0|2|35939|1667|1361|1102|2802|2400|45271|
20190705|254 |1|1|5648|252|659|674|300|711|8244|
20190705|254 |1|2|34355|1380|1133|894|2496|2151|42409|
20190705|651 |0|1|7922|111|240|156|40|147|8616|
20190705|651 |0|2|41372|706|1200|347|515|1906|46046|
20190705|651 |1|1|5423|125|286|113|27|608|6582|
20190705|651 |1|2|30099|682|1138|277|483|1676|34355|
20190705|685 |0|1|4234|252|858|791|423|88|6646|
20190705|685 |0|2|22915|1299|1673|1084|3118|1352|31441|
20190705|685 |1|1|3566|269|812|751|413|360|6171|
20190705|685 |1|2|20901|1368|1510|1045|3081|1228|29133|
20190706|101 |0|1|17170|190|513|246|97|164|18380|
20190706|101 |0|2|78407|1511|8330|814|681|2958|92701|
20190706|101 |1|1|15727|247|429|446|126|1401|18376|
20190706|101 |1|2|76087|1878|8520|1208|998|3063|91754|
20190706|190 |0|1|12046|166|542|282|104|76|13216|
20190706|190 |0|2|59046|1312|2097|606|1056|2100|66217|
20190706|190 |1|1|10092|199|385|454|110|861|12101|
20190706|190 |1|2|51827|1467|2191|1010|1097|1959|59551|
20190706|253 |0|1|15295|204|514|349|102|174|16638|
20190706|253 |0|2|75521|1214|1188|815|1338|3431|83507|
20190706|253 |1|1|13699|211|503|511|161|1497|16582|
20190706|253 |1|2|71912|1360|1245|1114|1775|3360|80766|
20190706|254 |0|1|7195|142|330|310|126|103|8206|
20190706|254 |0|2|36902|737|1021|428|1134|1915|42137|
20190706|254 |1|1|6973|152|343|367|106|838|8779|
20190706|254 |1|2|35076|731|915|526|1100|1854|40202|
20190706|651 |0|1|10240|74|86|87|29|153|10669|
20190706|651 |0|2|46152|318|1052|175|184|1873|49754|
20190706|651 |1|1|7404|95|172|59|16|717|8463|
20190706|651 |1|2|38151|383|1102|107|168|1595|41506|
20190706|685 |0|1|5595|93|379|293|164|66|6590|
20190706|685 |0|2|25230|508|1247|436|1445|1092|29958|
20190706|685 |1|1|4534|91|317|321|166|441|5870|
20190706|685 |1|2|20898|494|1124|478|1489|933|25416|
20190707|101 |0|1|15559|114|272|158|31|137|16271|
20190707|101 |0|2|71567|814|6966|521|199|2732|82799|
20190707|101 |1|1|15285|149|235|276|39|1388|17372|
20190707|101 |1|2|72315|876|7595|798|277|2676|84537|
20190707|190 |0|1|9498|86|287|183|35|68|10157|
20190707|190 |0|2|44994|807|1997|463|316|1743|50320|
20190707|190 |1|1|10745|104|178|231|49|836|12143|
20190707|190 |1|2|53109|614|1830|596|283|1871|58303|
20190707|253 |0|1|13671|120|228|137|38|139|14333|
20190707|253 |0|2|64517|639|634|352|434|2978|69554|
20190707|253 |1|1|13724|104|155|187|45|1251|15466|
20190707|253 |1|2|66564|565|668|405|407|2858|71467|
20190707|254 |0|1|6610|53|134|113|31|77|7018|
20190707|254 |0|2|32024|360|733|198|280|1580|35175|
20190707|254 |1|1|6895|62|131|109|20|712|7929|
20190707|254 |1|2|31669|263|734|172|195|1620|34653|
20190707|651 |0|1|7291|38|78|41|8|96|7552|
20190707|651 |0|2|33296|189|1194|62|66|1422|36229|
20190707|651 |1|1|9203|52|90|66|10|817|10238|
20190707|651 |1|2|44451|232|1081|83|59|1681|47587|
20190707|685 |0|1|4757|44|132|119|53|61|5166|
20190707|685 |0|2|19251|193|1041|194|444|911|22034|
20190707|685 |1|1|4616|36|103|95|51|428|5329|
20190707|685 |1|2|20349|181|971|149|370|782|22802|
20190708|101 |0|1|15332|422|845|582|180|247|17608|
20190708|101 |0|2|71332|2271|8136|1350|884|3509|87482|
20190708|101 |1|1|12530|376|634|643|164|1308|15655|
20190708|101 |1|2|73026|2793|8597|1734|1240|3754|91144|
20190708|190 |0|1|8480|332|1106|900|195|121|11134|
20190708|190 |0|2|49593|2887|2730|2028|1862|2400|61500|
20190708|190 |1|1|7654|333|787|769|182|751|10476|
20190708|190 |1|2|44261|2741|2657|1838|1834|2140|55471|
20190708|253 |0|1|11631|362|1030|883|244|246|14396|
20190708|253 |0|2|71595|2535|1907|1962|2348|4062|84409|
20190708|253 |1|1|10457|392|925|817|345|1237|14173|
20190708|253 |1|2|66626|2688|1988|2003|3124|3842|80271|
20190708|254 |0|1|5635|283|744|884|342|121|8009|
20190708|254 |0|2|36287|1681|1336|1129|3089|2480|46002|
20190708|254 |1|1|5335|231|595|673|318|649|7801|
20190708|254 |1|2|31435|1358|1113|762|2451|2120|39239|
20190708|651 |0|1|5929|123|231|132|26|115|6556|
20190708|651 |0|2|29374|670|1007|303|464|1731|33549|
20190708|651 |1|1|5902|138|274|125|34|680|7153|
20190708|651 |1|2|31004|709|986|284|413|1826|35222|
20190708|685 |0|1|4146|234|815|814|392|76|6477|
20190708|685 |0|2|19982|1208|1511|1075|3169|1095|28040|
20190708|685 |1|1|3092|245|753|703|383|332|5508|
20190708|685 |1|2|18644|1247|1502|933|2989|1152|26467|
20190709|101 |0|1|13434|367|881|606|175|243|15706|
20190709|101 |0|2|71560|2561|8305|1563|1082|3456|88527|
20190709|101 |1|1|12129|382|717|781|197|1226|15432|
20190709|101 |1|2|73171|3047|8775|2089|1497|3669|92248|
20190709|190 |0|1|7717|352|1214|960|199|100|10542|
20190709|190 |0|2|45490|3031|2859|2051|1920|2141|57492|
20190709|190 |1|1|7337|386|869|1067|210|696|10565|
20190709|190 |1|2|43632|2907|2855|2427|2071|2136|56028|
20190709|253 |0|1|10669|380|1199|932|247|247|13674|
20190709|253 |0|2|68588|2690|2080|2113|2707|3808|81986|
20190709|253 |1|1|10208|448|1041|1085|377|1217|14376|
20190709|253 |1|2|66695|2934|2141|2516|3480|3728|81494|
20190709|254 |0|1|5353|287|808|897|410|109|7864|
20190709|254 |0|2|34086|1763|1402|1180|3383|2261|44075|
20190709|254 |1|1|5377|275|742|843|361|632|8230|
20190709|254 |1|2|32539|1515|1184|1000|2979|2153|41370|
20190709|651 |0|1|5501|115|253|175|38|121|6203|
20190709|651 |0|2|28614|686|1125|378|547|1669|33019|
20190709|651 |1|1|5232|136|294|136|35|552|6385|
20190709|651 |1|2|28436|704|1061|289|508|1692|32690|
20190709|685 |0|1|3370|238|917|861|471|69|5926|
20190709|685 |0|2|18966|1321|1565|1092|3254|1104|27302|
20190709|685 |1|1|3027|262|812|736|414|313|5564|
20190709|685 |1|2|18485|1421|1497|1038|3312|1085|26838|
20190710|101 |0|1|12714|350|832|550|162|226|14834|
20190710|101 |0|2|70419|2490|8280|1471|1043|3365|87068|
20190710|101 |1|1|12343|411|767|804|233|1177|15735|
20190710|101 |1|2|74196|2925|8733|1946|1420|3617|92837|
20190710|190 |0|1|7569|312|1080|870|223|112|10166|
20190710|190 |0|2|44016|2808|2791|1918|1791|2145|55469|
20190710|190 |1|1|7241|393|846|919|235|720|10354|
20190710|190 |1|2|43329|2822|2797|2160|1940|2057|55105|
20190710|253 |0|1|10965|418|1182|836|252|272|13925|
20190710|253 |0|2|68521|2671|2002|1931|2543|3947|81615|
20190710|253 |1|1|10429|443|1031|940|350|1220|14413|
20190710|253 |1|2|65855|2767|1992|2190|3315|3715|79834|
20190710|254 |0|1|5145|273|749|825|358|114|7464|
20190710|254 |0|2|33681|1680|1368|1164|3096|2195|43184|
20190710|254 |1|1|5266|279|734|851|328|658|8116|
20190710|254 |1|2|31946|1508|1153|946|2681|2026|40260|
20190710|651 |0|1|5075|102|239|159|58|102|5735|
20190710|651 |0|2|27312|626|1070|342|543|1572|31465|
20190710|651 |1|1|5067|118|320|129|56|538|6228|
20190710|651 |1|2|27662|693|1065|294|475|1660|31849|
20190710|685 |0|1|3308|235|823|819|380|78|5643|
20190710|685 |0|2|18998|1239|1544|1099|3276|1134|27290|
20190710|685 |1|1|2985|245|795|689|434|318|5466|
20190710|685 |1|2|17923|1331|1531|1067|3200|1119|26171|
20190711|101 |0|1|12702|268|683|456|150|211|14470|
20190711|101 |0|2|69668|2413|8214|1418|838|3392|85943|
20190711|101 |1|1|12012|347|613|616|176|1153|14917|
20190711|101 |1|2|72110|2774|8646|1826|1048|3556|89960|
20190711|190 |0|1|7490|293|965|716|175|99|9738|
20190711|190 |0|2|44788|2741|2913|1740|1473|2072|55727|
20190711|190 |1|1|6990|325|696|787|176|673|9647|
20190711|190 |1|2|42836|2662|2812|1959|1650|2035|53954|
20190711|253 |0|1|10737|374|950|744|197|231|13233|
20190711|253 |0|2|67303|2363|1850|1883|2006|3881|79286|
20190711|253 |1|1|9943|359|849|863|235|1144|13393|
20190711|253 |1|2|66033|2560|1942|2094|2371|3764|78764|
20190711|254 |0|1|5020|218|701|762|292|120|7113|
20190711|254 |0|2|32536|1591|1264|1108|2681|2096|41276|
20190711|254 |1|1|5175|211|650|708|252|667|7663|
20190711|254 |1|2|31411|1350|1127|932|2415|1993|39228|
20190711|651 |0|1|5127|83|212|108|25|120|5675|
20190711|651 |0|2|27065|587|1083|300|377|1549|30961|
20190711|651 |1|1|4635|113|260|101|30|531|5670|
20190711|651 |1|2|26031|636|1020|262|345|1622|29916|
20190711|685 |0|1|3419|204|784|720|331|69|5527|
20190711|685 |0|2|19726|1252|1626|1060|2986|1196|27846|
20190711|685 |1|1|2946|195|731|671|333|339|5215|
20190711|685 |1|2|18642|1290|1504|918|2876|1151|26381|
20190712|101 |0|1|15052|385|862|549|159|250|17257|
20190712|101 |0|2|78181|2567|9286|1429|983|3600|96046|
20190712|101 |1|1|13845|407|714|761|169|1306|17202|
20190712|101 |1|2|79954|3041|9896|2031|1371|3863|100156|
20190712|190 |0|1|9782|362|1153|859|177|118|12451|
20190712|190 |0|2|55744|2922|3047|1815|1689|2471|67688|
20190712|190 |1|1|8702|373|902|972|227|851|12027|
20190712|190 |1|2|50993|2862|2925|2075|1850|2413|63118|
20190712|253 |0|1|12774|381|1153|819|256|251|15634|
20190712|253 |0|2|77889|2666|2033|2068|2485|4109|91250|
20190712|253 |1|1|11960|433|993|923|336|1350|15995|
20190712|253 |1|2|75200|2827|2089|2414|3246|4237|90013|
20190712|254 |0|1|5973|284|759|785|370|131|8302|
20190712|254 |0|2|36851|1694|1367|1110|3050|2393|46465|
20190712|254 |1|1|5697|272|717|801|326|685|8498|
20190712|254 |1|2|34164|1510|1177|990|2777|2235|42853|
20190712|651 |0|1|8103|133|260|173|50|124|8843|
20190712|651 |0|2|41782|663|1275|362|483|2016|46581|
20190712|651 |1|1|5660|138|299|155|32|591|6875|
20190712|651 |1|2|30573|667|1186|309|408|1800|34943|
20190712|685 |0|1|4016|272|893|819|373|71|6444|
20190712|685 |0|2|22464|1384|1576|1117|3177|1278|30996|
20190712|685 |1|1|3446|269|877|726|432|386|6136|
20190712|685 |1|2|20721|1451|1495|1061|3127|1168|29023|
20190713|101 |0|1|17105|224|414|291|86|165|18285|
20190713|101 |0|2|78354|1447|8301|841|615|2900|92458|
20190713|101 |1|1|15574|262|410|448|117|1315|18126|
20190713|101 |1|2|76168|1860|8481|1143|963|3006|91621|
20190713|190 |0|1|12035|170|493|356|109|93|13256|
20190713|190 |0|2|58745|1333|2169|666|855|2090|65858|
20190713|190 |1|1|10016|185|358|437|114|917|12027|
20190713|190 |1|2|51007|1464|2243|1029|1108|1951|58802|
20190713|253 |0|1|14865|198|522|418|119|173|16295|
20190713|253 |0|2|74439|1137|1213|800|1537|3263|82389|
20190713|253 |1|1|13684|226|478|509|200|1410|16507|
20190713|253 |1|2|72258|1292|1303|1142|2081|3287|81363|
20190713|254 |0|1|7102|125|315|331|133|109|8115|
20190713|254 |0|2|36556|760|1001|474|1318|1934|42043|
20190713|254 |1|1|7131|146|334|377|114|770|8872|
20190713|254 |1|2|34599|703|872|555|1296|1869|39894|
20190713|651 |0|1|10619|68|92|66|25|132|11002|
20190713|651 |0|2|46247|361|1168|170|234|1871|50051|
20190713|651 |1|1|7562|88|168|58|12|727|8615|
20190713|651 |1|2|38476|412|1179|107|234|1639|42047|
20190713|685 |0|1|5578|97|392|310|174|68|6619|
20190713|685 |0|2|24808|475|1237|470|1536|1064|29590|
20190713|685 |1|1|4415|100|383|341|158|412|5809|
20190713|685 |1|2|20412|485|1200|510|1617|963|25187|
20190714|101 |0|1|15489|102|249|168|34|123|16165|
20190714|101 |0|2|71846|743|7047|500|222|2735|83093|
20190714|101 |1|1|15135|160|249|248|43|1321|17156|
20190714|101 |1|2|70621|792|7675|710|263|2642|82703|
20190714|190 |0|1|9411|88|290|157|34|65|10045|
20190714|190 |0|2|45032|711|1945|432|236|1716|50072|
20190714|190 |1|1|10593|106|170|261|46|831|12007|
20190714|190 |1|2|52358|553|1806|608|258|1747|57330|
20190714|253 |0|1|13280|108|201|114|52|145|13900|
20190714|253 |0|2|65166|610|709|340|528|2982|70335|
20190714|253 |1|1|13760|106|147|197|63|1299|15572|
20190714|253 |1|2|66696|523|696|402|539|2816|71672|
20190714|254 |0|1|6768|53|110|119|44|78|7172|
20190714|254 |0|2|32214|328|697|208|279|1623|35349|
20190714|254 |1|1|6868|52|106|111|31|698|7866|
20190714|254 |1|2|31864|246|700|183|214|1569|34776|
20190714|651 |0|1|7680|46|92|32|15|100|7965|
20190714|651 |0|2|34613|231|1326|75|85|1399|37729|
20190714|651 |1|1|9477|58|118|66|13|812|10544|
20190714|651 |1|2|43436|231|1139|91|66|1602|46565|
20190714|685 |0|1|4622|57|124|123|62|45|5033|
20190714|685 |0|2|19414|222|1065|191|474|892|22258|
20190714|685 |1|1|4677|36|92|98|53|418|5374|
20190714|685 |1|2|20320|200|1006|149|387|818|22880|
20190715|101 |0|1|14453|328|712|521|171|234|16419|
20190715|101 |0|2|73595|2378|8572|1389|972|3498|90404|
20190715|101 |1|1|12185|341|637|601|168|1316|15248|
20190715|101 |1|2|72399|2777|8792|1647|1347|3663|90625|
20190715|190 |0|1|8483|331|1092|882|194|106|11088|
20190715|190 |0|2|48417|2701|2784|1879|1644|2287|59712|
20190715|190 |1|1|7824|328|718|753|192|733|10548|
20190715|190 |1|2|44241|2578|2762|1743|1634|2155|55113|
20190715|253 |0|1|11547|380|1055|843|228|216|14269|
20190715|253 |0|2|71825|2436|1885|1990|2357|3866|84359|
20190715|253 |1|1|10524|384|863|829|300|1187|14087|
20190715|253 |1|2|66070|2566|1875|2031|2957|3787|79286|
20190715|254 |0|1|5598|255|686|804|325|118|7786|
20190715|254 |0|2|35034|1605|1266|1120|2968|2254|44247|
20190715|254 |1|1|5236|241|592|615|246|666|7596|
20190715|254 |1|2|31610|1338|1064|831|2361|1985|39189|
20190715|651 |0|1|6195|108|241|143|64|138|6889|
20190715|651 |0|2|29080|617|1060|313|409|1694|33173|
20190715|651 |1|1|5954|134|261|128|36|669|7182|
20190715|651 |1|2|30988|640|1010|301|434|1795|35168|
20190715|685 |0|1|4184|244|786|838|391|92|6535|
20190715|685 |0|2|19573|1194|1457|1128|3110|1105|27567|
20190715|685 |1|1|3204|226|777|635|342|310|5494|
20190715|685 |1|2|19358|1277|1479|953|3138|1145|27350|
20190716|101 |0|1|13211|335|838|569|180|246|15379|
20190716|101 |0|2|71844|2604|8674|1546|1041|3440|89149|
20190716|101 |1|1|12134|363|699|763|201|1242|15402|
20190716|101 |1|2|73254|3017|8841|2075|1513|3676|92376|
20190716|190 |0|1|7490|336|1140|919|201|90|10176|
20190716|190 |0|2|44225|2905|2814|1872|1709|2101|55626|
20190716|190 |1|1|7490|380|848|1026|235|685|10664|
20190716|190 |1|2|43477|2905|2858|2151|1900|2125|55416|
20190716|253 |0|1|10939|368|1117|917|253|223|13817|
20190716|253 |0|2|68929|2748|2077|2103|2725|4060|82642|
20190716|253 |1|1|10381|438|1000|1060|375|1192|14446|
20190716|253 |1|2|66245|2853|2123|2428|3394|3774|80817|
20190716|254 |0|1|5249|284|749|895|373|132|7682|
20190716|254 |0|2|33133|1626|1353|1238|3089|2149|42588|
20190716|254 |1|1|5208|278|676|799|304|611|7876|
20190716|254 |1|2|31474|1405|1192|1023|2716|2008|39818|
20190716|651 |0|1|5154|115|243|154|38|112|5816|
20190716|651 |0|2|27426|645|1082|354|468|1598|31573|
20190716|651 |1|1|5099|131|280|150|37|564|6261|
20190716|651 |1|2|28257|679|1034|309|402|1700|32381|
20190716|685 |0|1|3293|221|828|842|422|66|5672|
20190716|685 |0|2|18778|1330|1547|1110|3279|1097|27141|
20190716|685 |1|1|2988|237|806|772|410|294|5507|
20190716|685 |1|2|18541|1369|1500|1059|3111|1123|26703|
20190717|101 |0|1|13256|359|826|549|169|233|15392|
20190717|101 |0|2|73196|2569|8248|1475|1013|3491|89992|
20190717|101 |1|1|12389|394|695|768|201|1291|15738|
20190717|101 |1|2|74292|3036|8880|2054|1497|3642|93401|
20190717|190 |0|1|7789|333|1104|923|194|87|10430|
20190717|190 |0|2|45879|2872|2885|1823|1820|2157|57436|
20190717|190 |1|1|7546|374|756|985|226|706|10593|
20190717|190 |1|2|45140|2898|2750|2175|1989|2178|57130|
20190717|253 |0|1|10799|381|1078|903|231|234|13626|
20190717|253 |0|2|68990|2720|1986|2092|2651|3908|82347|
20190717|253 |1|1|10437|429|968|950|353|1243|14380|
20190717|253 |1|2|67631|2808|2062|2376|3454|3991|82322|
20190717|254 |0|1|5409|263|744|807|332|111|7666|
20190717|254 |0|2|34058|1709|1267|1146|3106|2257|43543|
20190717|254 |1|1|5344|270|663|776|299|637|7989|
20190717|254 |1|2|31943|1451|1131|994|2736|2121|40376|
20190717|651 |0|1|5848|106|238|163|31|102|6488|
20190717|651 |0|2|29600|661|1053|359|491|1696|33860|
20190717|651 |1|1|5274|111|258|147|36|548|6374|
20190717|651 |1|2|28644|685|1027|316|453|1708|32833|
20190717|685 |0|1|3567|235|881|843|388|73|5987|
20190717|685 |0|2|19987|1303|1618|1173|3385|1182|28648|
20190717|685 |1|1|3151|257|831|731|418|338|5726|
20190717|685 |1|2|19087|1367|1498|1105|3332|1073|27462|
20190718|101 |0|1|13300|346|804|512|152|237|15351|
20190718|101 |0|2|72867|2563|8372|1464|1059|3384|89709|
20190718|101 |1|1|12252|372|650|755|171|1172|15372|
20190718|101 |1|2|73356|2956|8977|1963|1517|3544|92313|
20190718|190 |0|1|8272|338|1172|876|192|114|10964|
20190718|190 |0|2|48110|2911|2934|1847|1788|2176|59766|
20190718|190 |1|1|7687|384|870|931|215|779|10866|
20190718|190 |1|2|45522|2835|2907|2200|1852|2074|57390|
20190718|253 |0|1|10916|435|1087|797|260|247|13742|
20190718|253 |0|2|68917|2661|2048|1996|2566|3893|82081|
20190718|253 |1|1|10485|443|927|917|352|1241|14365|
20190718|253 |1|2|67400|2854|2076|2338|3310|3914|81892|
20190718|254 |0|1|5523|267|780|886|377|119|7952|
20190718|254 |0|2|35031|1671|1369|1091|3016|2273|44451|
20190718|254 |1|1|5411|266|649|733|310|637|8006|
20190718|254 |1|2|32893|1444|1165|950|2660|2060|41172|
20190718|651 |0|1|6141|109|248|148|31|116|6793|
20190718|651 |0|2|30938|697|1195|346|501|1653|35330|
20190718|651 |1|1|5512|140|289|152|36|618|6747|
20190718|651 |1|2|29345|675|1125|295|424|1733|33597|
20190718|685 |0|1|3600|208|893|836|422|74|6033|
20190718|685 |0|2|19628|1303|1626|1107|3363|1129|28156|
20190718|685 |1|1|3071|246|868|762|426|322|5695|
20190718|685 |1|2|19168|1390|1549|1046|3180|1154|27487|
20190719|101 |0|1|14512|314|792|516|165|226|16525|
20190719|101 |0|2|77087|2459|9065|1414|952|3518|94495|
20190719|101 |1|1|13689|403|703|690|180|1379|17044|
20190719|101 |1|2|78455|2913|9823|1856|1352|3827|98226|
20190719|190 |0|1|9405|300|1119|805|194|120|11943|
20190719|190 |0|2|54123|2831|2886|1820|1722|2427|65809|
20190719|190 |1|1|8735|343|846|898|238|863|11923|
20190719|190 |1|2|51118|2838|2829|2139|1865|2399|63188|
20190719|253 |0|1|12591|400|1086|798|224|262|15361|
20190719|253 |0|2|76406|2562|2003|1965|2623|4189|89748|
20190719|253 |1|1|12138|391|941|883|339|1340|16032|
20190719|253 |1|2|74818|2695|2034|2291|3478|4241|89557|
20190719|254 |0|1|5897|273|768|840|343|140|8261|
20190719|254 |0|2|36865|1651|1313|1094|3066|2364|46353|
20190719|254 |1|1|5999|276|709|721|321|728|8754|
20190719|254 |1|2|35299|1481|1170|933|2790|2260|43933|
20190719|651 |0|1|8096|111|257|171|48|146|8829|
20190719|651 |0|2|41603|709|1178|322|485|1968|46265|
20190719|651 |1|1|6233|152|322|140|38|677|7562|
20190719|651 |1|2|32651|734|1155|298|416|1806|37060|
20190719|685 |0|1|3983|268|822|793|388|91|6345|
20190719|685 |0|2|22579|1286|1578|1035|3449|1273|31200|
20190719|685 |1|1|3767|283|823|740|393|369|6375|
20190719|685 |1|2|21066|1364|1402|1030|3381|1194|29437|
20190720|101 |0|1|15441|187|452|264|78|168|16590|
20190720|101 |0|2|73687|1460|7863|827|566|2798|87201|
20190720|101 |1|1|14292|259|429|409|89|1310|16788|
20190720|101 |1|2|70264|1840|8170|1101|770|2832|84977|
20190720|190 |0|1|10652|152|513|267|81|73|11738|
20190720|190 |0|2|51674|1267|2157|645|734|1964|58441|
20190720|190 |1|1|9224|168|316|423|83|834|11048|
20190720|190 |1|2|47565|1386|2194|947|831|1947|54870|
20190720|253 |0|1|13888|190|427|325|108|180|15118|
20190720|253 |0|2|68919|1110|936|620|1270|3179|76034|
20190720|253 |1|1|12703|190|442|423|145|1358|15261|
20190720|253 |1|2|65940|1198|918|874|1590|3153|73673|
20190720|254 |0|1|6535|112|324|287|128|87|7473|
20190720|254 |0|2|34217|684|937|399|1213|1760|39210|
20190720|254 |1|1|6637|127|334|369|103|751|8321|
20190720|254 |1|2|33828|685|896|539|1213|1810|38971|
20190720|651 |0|1|9945|64|105|80|19|153|10366|
20190720|651 |0|2|45069|334|1204|170|193|1849|48819|
20190720|651 |1|1|7191|77|172|66|15|690|8211|
20190720|651 |1|2|36635|382|1221|112|149|1566|40065|
20190720|685 |0|1|4903|81|351|299|140|82|5856|
20190720|685 |0|2|22166|458|1279|422|1711|1037|27073|
20190720|685 |1|1|4102|87|319|274|135|387|5304|
20190720|685 |1|2|18964|477|1198|392|1719|856|23606|
20190721|101 |0|1|14504|112|262|143|30|110|15161|
20190721|101 |0|2|68650|810|6792|545|149|2621|79567|
20190721|101 |1|1|13940|163|269|227|33|1219|15851|
20190721|101 |1|2|66381|839|7291|695|202|2591|77999|
20190721|190 |0|1|9040|98|315|160|18|55|9686|
20190721|190 |0|2|43526|788|2037|442|169|1733|48695|
20190721|190 |1|1|9436|104|177|198|38|802|10755|
20190721|190 |1|2|48337|624|1960|569|169|1626|53285|
20190721|253 |0|1|12670|129|205|231|42|144|13421|
20190721|253 |0|2|62369|629|689|318|339|2822|67166|
20190721|253 |1|1|12430|114|159|135|55|1181|14074|
20190721|253 |1|2|60996|504|698|325|299|2595|65417|
20190721|254 |0|1|6310|63|118|117|36|65|6709|
20190721|254 |0|2|30706|337|725|185|267|1600|33820|
20190721|254 |1|1|6550|59|133|102|27|708|7579|
20190721|254 |1|2|30359|274|714|145|181|1522|33195|
20190721|651 |0|1|6835|46|97|27|6|85|7096|
20190721|651 |0|2|31340|200|1299|65|66|1293|34263|
20190721|651 |1|1|8500|56|99|44|7|719|9425|
20190721|651 |1|2|39858|215|1142|99|47|1574|42935|
20190721|685 |0|1|4440|31|109|108|36|57|4781|
20190721|685 |0|2|19112|213|1036|153|432|830|21776|
20190721|685 |1|1|3989|28|87|64|29|399|4596|
20190721|685 |1|2|18001|194|1014|124|384|697|20414|
20190722|101 |0|1|14576|349|701|521|160|229|16536|
20190722|101 |0|2|76517|2361|8200|1376|955|3608|93017|
20190722|101 |1|1|12682|366|638|623|146|1255|15710|
20190722|101 |1|2|73625|2755|8785|1558|1207|3708|91638|
20190722|190 |0|1|8950|301|1139|907|175|95|11567|
20190722|190 |0|2|50450|2709|2785|1732|1585|2430|61691|
20190722|190 |1|1|7679|345|776|730|174|743|10447|
20190722|190 |1|2|44230|2540|2687|1728|1658|2163|55006|
20190722|253 |0|1|11568|358|991|811|229|229|14186|
20190722|253 |0|2|70698|2408|1844|1900|2142|3998|82990|
20190722|253 |1|1|10476|380|880|749|333|1214|14032|
20190722|253 |1|2|65498|2598|1901|1894|2866|3762|78519|
20190722|254 |0|1|6034|256|728|858|305|123|8304|
20190722|254 |0|2|36976|1718|1282|1178|2808|2407|46369|
20190722|254 |1|1|5682|268|654|677|319|664|8264|
20190722|254 |1|2|33667|1420|1126|805|2286|2171|41475|
20190722|651 |0|1|6488|104|257|110|26|140|7125|
20190722|651 |0|2|30228|666|1040|302|477|1713|34426|
20190722|651 |1|1|5882|114|283|135|33|671|7118|
20190722|651 |1|2|30691|697|1012|325|410|1786|34921|
20190722|685 |0|1|4308|247|821|841|401|78|6696|
20190722|685 |0|2|20024|1225|1479|1114|3357|1105|28304|
20190722|685 |1|1|3237|259|764|700|346|324|5630|
20190722|685 |1|2|18812|1343|1459|950|3067|1185|26816|
20190723|101 |0|1|14171|355|781|583|174|226|16290|
20190723|101 |0|2|74089|2612|8243|1560|1036|3450|90990|
20190723|101 |1|1|12681|384|688|781|222|1247|16003|
20190723|101 |1|2|73994|3004|8898|2024|1488|3592|93000|
20190723|190 |0|1|8079|334|1208|965|196|100|10882|
20190723|190 |0|2|46976|2845|2765|2033|1901|2157|58677|
20190723|190 |1|1|7900|348|854|1068|253|728|11151|
20190723|190 |1|2|45308|2898|2714|2372|2141|2139|57572|
20190723|253 |0|1|10962|436|1172|875|238|228|13911|
20190723|253 |0|2|68414|2730|2054|2057|2566|3872|81693|
20190723|253 |1|1|10584|468|975|978|303|1197|14505|
20190723|253 |1|2|67646|2811|2054|2413|3402|3889|82215|
20190723|254 |0|1|5387|270|780|894|450|117|7898|
20190723|254 |0|2|34804|1668|1260|1201|3072|2268|44273|
20190723|254 |1|1|5499|267|732|823|365|581|8267|
20190723|254 |1|2|33312|1484|1155|1058|2698|2130|41837|
20190723|651 |0|1|6106|107|284|145|44|123|6809|
20190723|651 |0|2|29741|686|1100|393|530|1679|34129|
20190723|651 |1|1|5855|118|281|151|30|663|7098|
20190723|651 |1|2|30542|698|1072|338|463|1763|34876|
20190723|685 |0|1|3607|247|912|876|453|83|6178|
20190723|685 |0|2|20338|1288|1569|1133|3494|1162|28984|
20190723|685 |1|1|3262|252|901|791|469|338|6013|
20190723|685 |1|2|19403|1381|1492|1034|3419|1176|27905|
20190724|101 |0|1|13327|353|753|555|182|210|15380|
20190724|101 |0|2|70908|2508|8174|1480|1122|3369|87561|
20190724|101 |1|1|12517|394|670|744|201|1233|15759|
20190724|101 |1|2|73596|2946|8667|1859|1537|3576|92181|
20190724|190 |0|1|8200|299|1111|899|181|99|10789|
20190724|190 |0|2|47312|2734|2776|1988|1828|2115|58753|
20190724|190 |1|1|7814|342|864|909|203|717|10849|
20190724|190 |1|2|45831|2825|2745|2221|1941|2092|57655|
20190724|253 |0|1|10869|422|1056|957|238|213|13755|
20190724|253 |0|2|67906|2615|1939|1990|2456|3689|80595|
20190724|253 |1|1|10598|381|1011|942|335|1227|14494|
20190724|253 |1|2|67460|2712|2054|2265|3267|3829|81587|
20190724|254 |0|1|5472|254|730|828|361|127|7772|
20190724|254 |0|2|34722|1692|1252|1175|2961|2338|44140|
20190724|254 |1|1|5390|253|731|754|357|667|8152|
20190724|254 |1|2|33140|1491|1123|984|2646|2098|41482|
20190724|651 |0|1|5922|95|271|140|41|114|6583|
20190724|651 |0|2|29474|683|1036|341|550|1663|33747|
20190724|651 |1|1|5677|120|275|131|38|560|6801|
20190724|651 |1|2|29179|697|1049|337|473|1739|33474|
20190724|685 |0|1|3330|217|845|875|503|65|5835|
20190724|685 |0|2|18886|1174|1530|1114|3456|1051|27211|
20190724|685 |1|1|3214|255|821|728|423|312|5753|
20190724|685 |1|2|18610|1291|1449|1032|3373|1055|26810|
20190725|101 |0|1|13325|329|691|473|140|213|15171|
20190725|101 |0|2|69771|2342|8211|1400|871|3298|85893|
20190725|101 |1|1|11889|355|615|642|132|1227|14860|
20190725|101 |1|2|69578|2752|8727|1834|1015|3385|87291|
20190725|190 |0|1|8175|285|980|663|139|104|10346|
20190725|190 |0|2|45638|2674|2842|1668|1275|2136|56233|
20190725|190 |1|1|7580|318|757|764|165|706|10290|
20190725|190 |1|2|44098|2675|2819|1918|1410|2126|55046|
20190725|253 |0|1|10729|353|923|785|193|236|13219|
20190725|253 |0|2|66335|2365|1907|1878|1975|3651|78111|
20190725|253 |1|1|10445|375|838|832|269|1172|13931|
20190725|253 |1|2|66074|2589|1987|2103|2350|3724|78827|
20190725|254 |0|1|5177|245|731|761|300|104|7318|
20190725|254 |0|2|32959|1609|1314|1102|2569|2191|41744|
20190725|254 |1|1|5453|246|670|754|308|610|8041|
20190725|254 |1|2|32329|1406|1185|984|2256|2134|40294|
20190725|651 |0|1|6047|94|224|131|28|119|6643|
20190725|651 |0|2|29444|631|1146|300|381|1581|33483|
20190725|651 |1|1|5340|100|237|116|28|563|6384|
20190725|651 |1|2|27595|632|1083|295|330|1643|31578|
20190725|685 |0|1|3390|203|726|722|374|71|5486|
20190725|685 |0|2|19356|1127|1561|1029|3101|1147|27321|
20190725|685 |1|1|3178|225|737|664|349|327|5480|
20190725|685 |1|2|18547|1241|1471|983|2961|1113|26316|
20190726|101 |0|1|12851|285|575|405|87|164|14367|
20190726|101 |0|2|67585|2123|8869|1291|730|2956|83554|
20190726|101 |1|1|12413|306|525|575|126|1137|15082|
20190726|101 |1|2|70170|2561|9546|1589|973|3370|88209|
20190726|190 |0|1|9194|248|873|559|129|86|11089|
20190726|190 |0|2|50168|2392|2778|1517|1168|2140|60163|
20190726|190 |1|1|8242|306|681|707|152|821|10909|
20190726|190 |1|2|47243|2457|2748|1719|1201|2178|57546|
20190726|253 |0|1|11183|337|841|1050|162|201|13774|
20190726|253 |0|2|68725|2132|1892|1673|1703|3442|79567|
20190726|253 |1|1|10577|322|801|777|234|1172|13883|
20190726|253 |1|2|67271|2242|1903|1895|2046|3648|79005|
20190726|254 |0|1|5336|192|656|641|276|90|7191|
20190726|254 |0|2|34038|1483|1281|1045|2286|2042|42175|
20190726|254 |1|1|5449|206|613|689|272|623|7852|
20190726|254 |1|2|32814|1291|1138|898|2104|1969|40214|
20190726|651 |0|1|6647|104|183|113|30|163|7240|
20190726|651 |0|2|33659|599|1105|285|339|1752|37739|
20190726|651 |1|1|5106|87|213|114|28|554|6102|
20190726|651 |1|2|26819|587|1078|269|304|1661|30718|
20190726|685 |0|1|3593|181|624|660|348|70|5476|
20190726|685 |0|2|20686|1015|1505|886|2508|1125|27725|
20190726|685 |1|1|3287|170|687|623|334|355|5456|
20190726|685 |1|2|19830|1136|1353|855|2443|1085|26702|
20190727|101 |0|1|15998|199|361|198|59|168|16983|
20190727|101 |0|2|74791|1391|7745|701|373|2776|87777|
20190727|101 |1|1|14224|261|364|359|55|1265|16528|
20190727|101 |1|2|68332|1754|7780|1023|562|2749|82200|
20190727|190 |0|1|12011|154|401|249|76|111|13002|
20190727|190 |0|2|56441|1210|2120|593|515|1955|62834|
20190727|190 |1|1|9441|171|343|387|79|840|11261|
20190727|190 |1|2|48308|1348|2206|956|688|1886|55392|
20190727|253 |0|1|14674|184|398|354|84|174|15868|
20190727|253 |0|2|72870|1060|883|650|1049|3319|79831|
20190727|253 |1|1|13160|193|384|419|107|1340|15603|
20190727|253 |1|2|67786|1196|929|885|1271|3148|75215|
20190727|254 |0|1|6389|104|282|263|96|92|7226|
20190727|254 |0|2|32978|612|936|378|863|1726|37493|
20190727|254 |1|1|6338|121|323|321|94|738|7935|
20190727|254 |1|2|32340|647|848|499|874|1791|36999|
20190727|651 |0|1|10487|75|77|71|17|171|10898|
20190727|651 |0|2|46577|369|1039|153|168|1941|50247|
20190727|651 |1|1|6921|76|164|50|12|661|7884|
20190727|651 |1|2|34765|393|1061|91|126|1578|38014|
20190727|685 |0|1|6016|74|342|295|167|83|6977|
20190727|685 |0|2|26005|439|1212|394|1252|1126|30428|
20190727|685 |1|1|4615|79|373|321|139|437|5964|
20190727|685 |1|2|20875|449|1190|418|1387|996|25315|
20190728|101 |0|1|14011|109|213|151|35|119|14638|
20190728|101 |0|2|65047|730|6748|470|164|2366|75525|
20190728|101 |1|1|13414|168|229|227|30|1188|15256|
20190728|101 |1|2|63289|741|7363|668|180|2327|74568|
20190728|190 |0|1|9633|79|300|141|16|67|10236|
20190728|190 |0|2|45189|721|1856|473|206|1630|50075|
20190728|190 |1|1|9735|100|186|248|42|799|11110|
20190728|190 |1|2|47727|553|1705|618|200|1643|52446|
20190728|253 |0|1|12818|104|148|355|33|101|13559|
20190728|253 |0|2|61523|542|644|330|353|2823|66215|
20190728|253 |1|1|12578|101|139|165|48|1129|14160|
20190728|253 |1|2|60831|476|641|338|309|2556|65151|
20190728|254 |0|1|5244|49|100|119|42|51|5605|
20190728|254 |0|2|25806|300|655|215|266|1315|28557|
20190728|254 |1|1|5588|45|107|107|30|581|6458|
20190728|254 |1|2|26750|227|707|190|199|1299|29372|
20190728|651 |0|1|7888|53|127|36|7|140|8251|
20190728|651 |0|2|34213|198|1206|71|51|1383|37122|
20190728|651 |1|1|8528|69|134|56|6|724|9517|
20190728|651 |1|2|37261|235|1048|99|46|1453|40142|
20190728|685 |0|1|5097|64|125|113|58|68|5525|
20190728|685 |0|2|21526|196|1065|150|437|910|24284|
20190728|685 |1|1|4436|36|91|72|52|428|5115|
20190728|685 |1|2|19989|175|1007|122|401|792|22486|
20190729|101 |0|1|15386|343|720|517|152|235|17353|
20190729|101 |0|2|74943|2303|8199|1340|918|3446|91149|
20190729|101 |1|1|13616|382|681|587|134|1358|16758|
20190729|101 |1|2|74293|2717|8719|1650|1155|3509|92043|
20190729|190 |0|1|10267|316|1032|790|170|112|12687|
20190729|190 |0|2|54714|2715|2776|1866|1472|2422|65965|
20190729|190 |1|1|9064|363|769|729|210|871|12006|
20190729|190 |1|2|49329|2582|2728|1778|1472|2257|60146|
20190729|253 |0|1|13132|412|980|788|205|236|15753|
20190729|253 |0|2|74353|2434|1869|1813|2100|3958|86527|
20190729|253 |1|1|11634|434|887|777|269|1311|15312|
20190729|253 |1|2|69814|2668|1925|1871|2594|3741|82613|
20190729|254 |0|1|6079|252|753|789|319|117|8309|
20190729|254 |0|2|36526|1706|1299|1129|2812|2302|45774|
20190729|254 |1|1|5807|225|628|646|270|691|8267|
20190729|254 |1|2|33266|1373|1101|768|2414|2115|41037|
20190729|651 |0|1|8222|118|302|133|49|120|8944|
20190729|651 |0|2|36519|684|1095|310|389|1860|40857|
20190729|651 |1|1|7377|129|278|146|37|747|8714|
20190729|651 |1|2|35644|694|1038|305|354|1913|39948|
20190729|685 |0|1|4990|283|841|781|486|86|7467|
20190729|685 |0|2|20441|1114|1371|925|2852|1064|27767|
20190729|685 |1|1|3768|271|726|642|373|403|6183|
20190729|685 |1|2|20330|1292|1430|821|2785|1178|27836|
20190730|101 |0|1|15031|385|860|570|149|244|17239|
20190730|101 |0|2|72883|2501|8074|1468|1008|3306|89240|
20190730|101 |1|1|13313|403|691|759|164|1230|16560|
20190730|101 |1|2|73087|2919|8752|2054|1458|3495|91765|
20190730|190 |0|1|9499|354|1193|877|189|113|12225|
20190730|190 |0|2|50578|2810|2737|2099|1828|2303|62355|
20190730|190 |1|1|9183|384|931|999|205|864|12566|
20190730|190 |1|2|46686|2831|2670|2458|1990|2179|58814|
20190730|253 |0|1|12394|415|1118|839|222|247|15235|
20190730|253 |0|2|71524|2647|1921|2002|2542|3929|84565|
20190730|253 |1|1|11849|479|1075|997|386|1345|16131|
20190730|253 |1|2|70461|2806|1904|2293|3211|3913|84588|
20190730|254 |0|1|5700|252|748|828|364|117|8009|
20190730|254 |0|2|35020|1613|1283|1111|3080|2124|44231|
20190730|254 |1|1|5763|232|645|795|367|705|8507|
20190730|254 |1|2|33284|1408|1077|911|2410|2102|41192|
20190730|651 |0|1|7554|128|271|166|49|146|8314|
20190730|651 |0|2|34353|673|1022|372|571|1814|38805|
20190730|651 |1|1|7574|128|282|162|48|750|8944|
20190730|651 |1|2|35954|728|1001|332|484|1942|40441|
20190730|685 |0|1|4155|218|790|784|434|75|6456|
20190730|685 |0|2|21689|1233|1454|990|3246|1187|29799|
20190730|685 |1|1|3859|224|760|754|381|377|6355|
20190730|685 |1|2|20549|1301|1421|995|3211|1156|28633|
20190731|101 |0|1|13908|343|682|418|129|211|15691|
20190731|101 |0|2|69391|2250|8121|1381|862|3091|85096|
20190731|101 |1|1|13056|410|585|699|143|1252|16145|
20190731|101 |1|2|71811|2656|8660|1899|1174|3347|89547|
20190731|190 |0|1|9952|298|1016|695|149|110|12220|
20190731|190 |0|2|51400|2502|2629|1659|1485|2129|61804|
20190731|190 |1|1|8658|330|716|831|186|811|11532|
20190731|190 |1|2|46583|2517|2605|1974|1573|2089|57341|
20190731|253 |0|1|12374|356|857|769|173|225|14754|
20190731|253 |0|2|70002|2152|1799|1833|2034|3537|81357|
20190731|253 |1|1|11591|370|805|826|275|1291|15158|
20190731|253 |1|2|67680|2291|1889|2045|2543|3629|80077|
