20180101|101 |0|1|18382|125|198|108|30|188|19031|
20180101|101 |0|2|62592|1020|6885|328|164|2457|73446|
20180101|101 |1|1|17755|183|379|159|28|1477|19981|
20180101|101 |1|2|62199|1137|7590|393|166|2287|73772|
20180101|190 |0|1|11621|103|192|118|25|81|12140|
20180101|190 |0|2|41076|862|1968|322|141|1732|46101|
20180101|190 |1|1|13067|106|141|102|23|1003|14442|
20180101|190 |1|2|47665|713|1856|274|109|1733|52350|
20180101|253 |0|1|16361|94|166|118|58|188|16985|
20180101|253 |0|2|59245|721|585|262|348|2930|64091|
20180101|253 |1|1|15968|89|115|121|35|1431|17759|
20180101|253 |1|2|57062|666|544|218|265|2539|61294|
20180101|254 |0|1|8088|73|119|106|62|120|8568|
20180101|254 |0|2|29711|385|701|197|353|1553|32900|
20180101|254 |1|1|7970|54|97|129|41|856|9147|
20180101|254 |1|2|28241|298|697|137|247|1497|31117|
20180101|651 |0|1|7586|41|42|9|13|351|8042|
20180101|651 |0|2|27802|199|865|40|50|1312|30268|
20180101|651 |1|1|9462|43|64|49|7|823|10448|
20180101|651 |1|2|34735|223|772|45|36|1438|37249|
20180101|685 |0|1|5225|36|94|111|77|77|5620|
20180101|685 |0|2|17992|224|1004|163|461|822|20666|
20180101|685 |1|1|5041|43|83|82|60|458|5767|
20180101|685 |1|2|18285|216|891|112|384|720|20608|
20180102|101 |0|1|16426|386|673|506|135|303|18429|
20180102|101 |0|2|69900|2485|8222|1168|749|3475|85999|
20180102|101 |1|1|14472|422|771|647|165|1550|18027|
20180102|101 |1|2|64924|2729|8400|1522|1079|3327|81981|
20180102|190 |0|1|9307|357|885|706|170|152|11577|
20180102|190 |0|2|40766|2417|2693|1397|1161|2088|50522|
20180102|190 |1|1|8892|385|652|665|180|759|11533|
20180102|190 |1|2|38050|2350|2617|1264|1195|2014|47490|
20180102|253 |0|1|13684|422|870|771|238|297|16282|
20180102|253 |0|2|66550|2375|1326|1277|1807|3827|77162|
20180102|253 |1|1|11696|359|759|755|275|1258|15102|
20180102|253 |1|2|58276|2369|1310|1250|2048|3431|68684|
20180102|254 |0|1|6257|303|637|773|479|178|8627|
20180102|254 |0|2|30557|1490|1185|926|2413|2138|38709|
20180102|254 |1|1|6001|276|636|625|349|717|8604|
20180102|254 |1|2|28024|1270|1053|666|2000|1996|35009|
20180102|651 |0|1|4935|124|141|112|44|372|5728|
20180102|651 |0|2|19937|546|939|220|328|1289|23259|
20180102|651 |1|1|5810|131|200|141|23|623|6928|
20180102|651 |1|2|23492|573|906|228|325|1491|27015|
20180102|685 |0|1|3972|218|729|758|444|92|6213|
20180102|685 |0|2|18703|1141|1500|845|2879|1088|26156|
20180102|685 |1|1|3432|241|684|625|424|327|5733|
20180102|685 |1|2|16461|1206|1404|710|2782|1030|23593|
20180103|101 |0|1|15156|386|919|635|160|267|17523|
20180103|101 |0|2|66865|2774|8139|1473|989|3352|83592|
20180103|101 |1|1|13626|483|830|864|222|1351|17376|
20180103|101 |1|2|63349|3226|8450|1974|1368|3284|81651|
20180103|190 |0|1|8304|406|1147|922|215|112|11106|
20180103|190 |0|2|38076|2782|2879|1723|1391|1995|48846|
20180103|190 |1|1|7979|455|846|1044|266|768|11358|
20180103|190 |1|2|36156|2736|2831|1866|1489|1959|47037|
20180103|253 |0|1|12238|527|1165|906|303|314|15453|
20180103|253 |0|2|64102|2841|1965|1982|2297|3856|77043|
20180103|253 |1|1|10897|524|1006|1020|400|1256|15103|
20180103|253 |1|2|58360|2927|1950|2197|2653|3508|71595|
20180103|254 |0|1|5910|356|743|917|508|157|8591|
20180103|254 |0|2|30773|1737|1309|1130|3265|2160|40374|
20180103|254 |1|1|5885|318|736|871|502|691|9003|
20180103|254 |1|2|29485|1520|1228|919|2822|2027|38001|
20180103|651 |0|1|4768|126|181|169|44|265|5553|
20180103|651 |0|2|19467|627|959|315|368|1264|23000|
20180103|651 |1|1|4648|153|256|135|39|530|5761|
20180103|651 |1|2|19741|641|910|292|375|1260|23219|
20180103|685 |0|1|3405|270|847|814|583|66|5985|
20180103|685 |0|2|17085|1277|1587|1028|3431|1042|25450|
20180103|685 |1|1|3079|313|756|770|543|305|5766|
20180103|685 |1|2|16390|1331|1459|926|3312|1099|24517|
20180104|101 |0|1|15378|426|906|605|188|298|17801|
20180104|101 |0|2|67512|2825|8155|1377|1022|3345|84236|
20180104|101 |1|1|14099|477|883|863|213|1412|17947|
20180104|101 |1|2|65814|3140|8522|1937|1450|3331|84194|
20180104|190 |0|1|8465|384|1135|865|218|125|11192|
20180104|190 |0|2|38736|2787|2815|1604|1300|2006|49248|
20180104|190 |1|1|8120|421|835|925|244|744|11289|
20180104|190 |1|2|37062|2739|2708|1771|1495|1949|47724|
20180104|253 |0|1|12241|514|1179|905|305|312|15456|
20180104|253 |0|2|63679|2833|1944|2036|2334|3720|76546|
20180104|253 |1|1|11145|487|1015|1039|383|1283|15352|
20180104|253 |1|2|60071|2858|1932|2160|2776|3654|73451|
20180104|254 |0|1|6074|376|737|843|476|181|8687|
20180104|254 |0|2|30944|1682|1287|1106|3223|2189|40431|
20180104|254 |1|1|6058|346|783|803|427|712|9129|
20180104|254 |1|2|30182|1490|1141|931|2692|1979|38415|
20180104|651 |0|1|4739|127|221|167|39|255|5548|
20180104|651 |0|2|20089|620|941|307|437|1327|23721|
20180104|651 |1|1|4719|153|285|166|31|507|5861|
20180104|651 |1|2|19877|654|884|265|388|1368|23436|
20180104|685 |0|1|3296|243|835|841|591|84|5890|
20180104|685 |0|2|16958|1248|1518|953|3389|1080|25146|
20180104|685 |1|1|3273|285|780|823|556|308|6025|
20180104|685 |1|2|17194|1343|1480|953|3325|1141|25436|
20180105|101 |0|1|16483|410|838|599|149|299|18778|
20180105|101 |0|2|70896|2683|8971|1368|864|3487|88269|
20180105|101 |1|1|15425|497|877|790|189|1511|19289|
20180105|101 |1|2|68889|3090|9252|1868|1229|3488|87816|
20180105|190 |0|1|9324|369|1123|891|212|161|12080|
20180105|190 |0|2|43709|2770|2939|1592|1440|2136|54586|
20180105|190 |1|1|9196|433|823|977|244|884|12557|
20180105|190 |1|2|42517|2752|2799|1768|1565|2150|53551|
20180105|253 |0|1|13159|492|1150|894|250|331|16276|
20180105|253 |0|2|66783|2733|1757|1726|2273|3896|79168|
20180105|253 |1|1|12580|485|994|1036|363|1407|16865|
20180105|253 |1|2|66091|2817|1736|1911|2801|3873|79229|
20180105|254 |0|1|6463|364|753|887|501|196|9164|
20180105|254 |0|2|32807|1690|1381|1093|3087|2316|42374|
20180105|254 |1|1|6652|360|747|844|451|776|9830|
20180105|254 |1|2|32567|1488|1235|940|2743|2138|41111|
20180105|651 |0|1|6137|134|222|169|49|266|6977|
20180105|651 |0|2|25997|638|1002|275|471|1504|29887|
20180105|651 |1|1|5162|146|282|150|44|562|6346|
20180105|651 |1|2|21883|649|991|243|439|1404|25609|
20180105|685 |0|1|3881|296|878|842|541|84|6522|
20180105|685 |0|2|18378|1314|1496|1025|3221|1149|26583|
20180105|685 |1|1|3681|307|785|810|504|386|6473|
20180105|685 |1|2|18336|1380|1399|966|3159|1125|26365|
20180106|101 |0|1|18020|263|502|292|83|219|19379|
20180106|101 |0|2|64613|1672|8003|674|608|2686|78256|
20180106|101 |1|1|17348|360|615|496|120|1503|20442|
20180106|101 |1|2|63273|2010|8162|1078|787|2684|77994|
20180106|190 |0|1|11563|226|555|346|100|107|12897|
20180106|190 |0|2|45713|1360|2395|573|733|1812|52586|
20180106|190 |1|1|10765|248|467|484|115|921|13000|
20180106|190 |1|2|42767|1476|2419|991|912|1813|50378|
20180106|253 |0|1|15327|249|578|421|155|237|16967|
20180106|253 |0|2|62308|1286|906|694|1359|3094|69647|
20180106|253 |1|1|14245|242|486|521|207|1424|17125|
20180106|253 |1|2|61176|1392|891|966|1745|3113|69283|
20180106|254 |0|1|7380|187|356|372|245|124|8664|
20180106|254 |0|2|31550|752|969|496|1646|1787|37200|
20180106|254 |1|1|7674|172|407|469|216|808|9746|
20180106|254 |1|2|30755|779|936|543|1543|1710|36266|
20180106|651 |0|1|8525|82|129|108|19|283|9146|
20180106|651 |0|2|33738|370|912|167|223|1507|36917|
20180106|651 |1|1|6584|89|164|61|23|622|7543|
20180106|651 |1|2|26573|392|951|115|207|1308|29546|
20180106|685 |0|1|4540|117|418|417|309|55|5856|
20180106|685 |0|2|17928|523|1253|452|1762|862|22780|
20180106|685 |1|1|4366|133|413|424|266|406|6008|
20180106|685 |1|2|17271|569|1226|526|1921|897|22410|
20180107|101 |0|1|16549|115|228|138|45|173|17248|
20180107|101 |0|2|60180|832|6963|372|323|2528|71198|
20180107|101 |1|1|16035|158|386|262|58|1340|18239|
20180107|101 |1|2|58124|856|7134|652|417|2420|69603|
20180107|190 |0|1|9722|112|245|166|24|78|10347|
20180107|190 |0|2|36124|668|2123|337|205|1499|40956|
20180107|190 |1|1|9867|116|192|203|53|799|11230|
20180107|190 |1|2|38733|535|2075|401|242|1484|43470|
20180107|253 |0|1|13809|120|192|140|50|162|14473|
20180107|253 |0|2|54449|602|642|318|488|2678|59177|
20180107|253 |1|1|12861|96|166|155|69|1243|14590|
20180107|253 |1|2|50511|465|616|319|513|2365|54789|
20180107|254 |0|1|7023|74|106|141|51|134|7529|
20180107|254 |0|2|27461|322|768|170|312|1432|30465|
20180107|254 |1|1|7097|77|106|99|50|748|8177|
20180107|254 |1|2|26079|266|739|159|276|1405|28924|
20180107|651 |0|1|6245|35|35|22|10|254|6601|
20180107|651 |0|2|23061|119|891|45|50|1092|25258|
20180107|651 |1|1|7539|48|76|37|6|663|8369|
20180107|651 |1|2|29294|153|820|47|39|1281|31634|
20180107|685 |0|1|4310|57|127|112|65|58|4729|
20180107|685 |0|2|15627|191|1076|190|422|680|18186|
20180107|685 |1|1|3740|54|108|95|57|360|4414|
20180107|685 |1|2|13860|210|1045|160|393|575|16243|
20180108|101 |0|1|15936|383|785|598|170|305|18177|
20180108|101 |0|2|67630|2477|8227|1279|1002|3446|84061|
20180108|101 |1|1|13568|434|754|669|197|1411|17033|
20180108|101 |1|2|62589|2853|8533|1459|1169|3352|79955|
20180108|190 |0|1|8835|374|1024|839|187|120|11379|
20180108|190 |0|2|39996|2590|2751|1605|1334|2045|50321|
20180108|190 |1|1|7859|401|757|689|221|722|10649|
20180108|190 |1|2|35829|2434|2698|1392|1447|1906|45706|
20180108|253 |0|1|12693|494|1100|884|288|320|15779|
20180108|253 |0|2|65161|2566|1742|1677|2109|3809|77064|
20180108|253 |1|1|11015|477|909|858|329|1325|14913|
20180108|253 |1|2|57959|2653|1766|1633|2630|3564|70205|
20180108|254 |0|1|6493|365|735|915|531|174|9213|
20180108|254 |0|2|32639|1740|1468|1122|3444|2265|42678|
20180108|254 |1|1|5850|308|679|673|424|662|8596|
20180108|254 |1|2|28536|1512|1166|726|2649|1998|36587|
20180108|651 |0|1|5157|115|177|131|55|210|5845|
20180108|651 |0|2|20471|612|970|263|400|1273|23989|
20180108|651 |1|1|5033|143|272|131|34|532|6145|
20180108|651 |1|2|21194|624|905|226|360|1420|24729|
20180108|685 |0|1|3943|272|761|714|478|72|6240|
20180108|685 |0|2|15649|1038|1319|865|2712|928|22511|
20180108|685 |1|1|3207|260|710|654|426|295|5552|
20180108|685 |1|2|15683|1085|1435|751|2801|989|22744|
20180109|101 |0|1|13713|397|820|624|156|248|15958|
20180109|101 |0|2|63458|2689|8195|1358|956|3240|79896|
20180109|101 |1|1|12713|469|893|903|211|1224|16413|
20180109|101 |1|2|60105|3097|8532|1917|1284|3179|78114|
20180109|190 |0|1|7519|369|1081|854|189|122|10134|
20180109|190 |0|2|35728|2639|2826|1645|1256|1848|45942|
20180109|190 |1|1|7375|433|891|934|252|713|10598|
20180109|190 |1|2|34987|2602|2725|1862|1506|1851|45533|
20180109|253 |0|1|11197|463|1141|884|325|305|14315|
20180109|253 |0|2|59826|2699|1845|1816|2316|3432|71934|
20180109|253 |1|1|10383|437|1008|1050|380|1174|14432|
20180109|253 |1|2|56942|2720|1874|1949|2742|3392|69619|
20180109|254 |0|1|5646|346|835|989|707|172|8695|
20180109|254 |0|2|30274|1708|1397|1078|3139|2190|39786|
20180109|254 |1|1|5519|301|769|852|445|652|8538|
20180109|254 |1|2|28667|1439|1234|931|2862|1974|37107|
20180109|651 |0|1|4590|115|178|161|39|193|5276|
20180109|651 |0|2|18487|600|945|304|386|1236|21958|
20180109|651 |1|1|4460|144|272|143|33|514|5566|
20180109|651 |1|2|19061|629|918|248|343|1287|22486|
20180109|685 |0|1|2872|254|826|743|484|68|5247|
20180109|685 |0|2|15464|1251|1385|917|2877|935|22829|
20180109|685 |1|1|2795|299|803|697|504|304|5402|
20180109|685 |1|2|15281|1305|1406|936|2909|1007|22844|
20180110|101 |0|1|13276|379|826|568|165|269|15483|
20180110|101 |0|2|60891|2629|8272|1279|940|3141|77152|
20180110|101 |1|1|12321|437|862|758|172|1186|15736|
20180110|101 |1|2|59742|2957|8430|1689|1221|3196|77235|
20180110|190 |0|1|7502|344|1034|748|208|129|9965|
20180110|190 |0|2|35978|2628|2747|1514|1256|1827|45950|
20180110|190 |1|1|7280|363|783|828|231|705|10190|
20180110|190 |1|2|35030|2602|2705|1644|1394|1815|45190|
20180110|253 |0|1|10912|452|1067|862|288|277|13858|
20180110|253 |0|2|58442|2661|1765|1723|2251|3567|70409|
20180110|253 |1|1|10245|461|1011|1025|424|1161|14327|
20180110|253 |1|2|56080|2798|1864|1848|2608|3442|68640|
20180110|254 |0|1|5345|345|764|906|447|143|7950|
20180110|254 |0|2|29731|1595|1386|1126|3135|1968|38941|
20180110|254 |1|1|5450|299|762|817|451|601|8380|
20180110|254 |1|2|28097|1400|1143|897|2628|1835|36000|
20180110|651 |0|1|4581|111|174|164|42|128|5200|
20180110|651 |0|2|18602|598|979|279|333|1243|22034|
20180110|651 |1|1|4509|135|255|129|31|485|5544|
20180110|651 |1|2|18805|581|942|237|313|1270|22148|
20180110|685 |0|1|2796|230|755|725|484|57|5047|
20180110|685 |0|2|15250|1169|1451|939|2834|950|22593|
20180110|685 |1|1|2690|258|755|678|452|295|5128|
20180110|685 |1|2|14958|1174|1326|832|2658|890|21838|
20180111|101 |0|1|14129|368|764|547|165|278|16251|
20180111|101 |0|2|62201|2697|8228|1246|1084|3183|78639|
20180111|101 |1|1|13072|407|816|778|197|1351|16621|
20180111|101 |1|2|61599|3023|8463|1698|1242|3187|79212|
20180111|190 |0|1|7732|390|998|700|220|129|10169|
20180111|190 |0|2|36961|2659|2860|1425|1349|1873|47127|
20180111|190 |1|1|7554|415|760|821|231|711|10492|
20180111|190 |1|2|35732|2568|2736|1547|1462|1865|45910|
20180111|253 |0|1|11121|451|1106|804|288|299|14069|
20180111|253 |0|2|59567|2562|1938|1941|2163|3642|71813|
20180111|253 |1|1|10352|470|990|928|348|1139|14227|
20180111|253 |1|2|57110|2654|1935|2051|2468|3591|69809|
20180111|254 |0|1|5727|332|786|885|503|159|8392|
20180111|254 |0|2|29705|1641|1434|1137|2990|2120|39027|
20180111|254 |1|1|5730|313|711|773|446|688|8661|
20180111|254 |1|2|29296|1497|1255|903|2548|1993|37492|
20180111|651 |0|1|4570|125|181|129|44|135|5184|
20180111|651 |0|2|18966|607|983|275|347|1251|22429|
20180111|651 |1|1|4266|148|261|136|37|495|5343|
20180111|651 |1|2|18729|628|935|241|350|1257|22140|
20180111|685 |0|1|2873|246|726|717|500|77|5139|
20180111|685 |0|2|15224|1143|1392|880|2728|920|22287|
20180111|685 |1|1|2798|259|739|714|463|304|5277|
20180111|685 |1|2|15573|1280|1448|873|2754|1003|22931|
20180112|101 |0|1|15585|383|776|513|168|285|17710|
20180112|101 |0|2|66814|2573|8827|1171|902|3356|83643|
20180112|101 |1|1|14662|437|881|755|151|1446|18332|
20180112|101 |1|2|66738|2938|9093|1611|1138|3456|84974|
20180112|190 |0|1|9089|340|962|710|167|131|11399|
20180112|190 |0|2|41897|2556|2867|1395|1311|2077|52103|
20180112|190 |1|1|8939|415|787|820|200|840|12001|
20180112|190 |1|2|41486|2560|2720|1594|1365|2097|51822|
20180112|253 |0|1|12704|421|1061|752|270|308|15516|
20180112|253 |0|2|64441|2613|1934|1814|1976|3911|76689|
20180112|253 |1|1|11942|437|961|890|349|1300|15879|
20180112|253 |1|2|62553|2603|1922|1956|2275|3857|75166|
20180112|254 |0|1|5896|347|742|789|424|184|8382|
20180112|254 |0|2|30955|1673|1313|1003|2638|2199|39781|
20180112|254 |1|1|6321|325|790|760|408|750|9354|
20180112|254 |1|2|30927|1470|1215|860|2441|2113|39026|
20180112|651 |0|1|5908|113|167|145|37|202|6572|
20180112|651 |0|2|25240|581|1002|290|302|1485|28900|
20180112|651 |1|1|4784|127|273|127|21|521|5853|
20180112|651 |1|2|20987|611|975|218|259|1371|24421|
20180112|685 |0|1|3336|246|762|759|461|89|5653|
20180112|685 |0|2|17309|1193|1504|949|2821|1087|24863|
20180112|685 |1|1|3545|273|752|695|414|395|6074|
20180112|685 |1|2|18038|1323|1379|989|2786|1195|25710|
20180113|101 |0|1|17731|231|481|259|91|226|19019|
20180113|101 |0|2|63916|1588|8227|589|630|2641|77591|
20180113|101 |1|1|16435|303|632|421|134|1441|19366|
20180113|101 |1|2|61202|1988|8206|977|769|2555|75697|
20180113|190 |0|1|11396|218|530|370|127|85|12726|
20180113|190 |0|2|44103|1232|2354|615|679|1723|50706|
20180113|190 |1|1|10213|236|408|528|119|839|12343|
20180113|190 |1|2|40801|1348|2414|1010|883|1759|48215|
20180113|253 |0|1|14015|219|467|385|133|194|15413|
20180113|253 |0|2|58472|1192|1007|612|1226|2772|65281|
20180113|253 |1|1|13353|185|479|498|213|1280|16008|
20180113|253 |1|2|56902|1293|1027|888|1549|2812|64471|
20180113|254 |0|1|7389|150|360|419|258|130|8706|
20180113|254 |0|2|30376|732|1232|528|1616|1602|36086|
20180113|254 |1|1|7489|162|381|414|212|730|9388|
20180113|254 |1|2|30085|723|998|549|1489|1656|35500|
20180113|651 |0|1|8779|77|101|88|23|133|9201|
20180113|651 |0|2|32729|327|950|137|213|1467|35823|
20180113|651 |1|1|6673|93|178|69|18|594|7625|
20180113|651 |1|2|25932|344|995|94|182|1225|28772|
20180113|685 |0|1|3754|95|297|315|220|63|4744|
20180113|685 |0|2|14250|409|950|365|1234|691|17899|
20180113|685 |1|1|4112|118|368|387|274|416|5675|
20180113|685 |1|2|16133|465|1135|456|1524|772|20485|
20180114|101 |0|1|17263|126|266|123|33|182|17993|
20180114|101 |0|2|60496|783|7038|366|249|2487|71419|
20180114|101 |1|1|16655|164|439|267|54|1358|18937|
20180114|101 |1|2|59184|822|7274|644|356|2464|70744|
20180114|190 |0|1|10020|93|238|143|32|62|10588|
20180114|190 |0|2|38003|651|2235|365|180|1581|43015|
20180114|190 |1|1|9989|119|192|179|35|791|11305|
20180114|190 |1|2|39135|525|2080|413|228|1506|43887|
20180114|253 |0|1|14007|143|191|138|58|166|14703|
20180114|253 |0|2|55261|562|763|310|358|2692|59946|
20180114|253 |1|1|13369|112|140|147|61|1296|15125|
20180114|253 |1|2|52011|461|729|279|349|2356|56185|
20180114|254 |0|1|7209|71|114|142|78|113|7727|
20180114|254 |0|2|28111|317|800|208|268|1543|31247|
20180114|254 |1|1|7090|74|114|109|51|716|8154|
20180114|254 |1|2|26379|258|799|161|219|1447|29263|
20180114|651 |0|1|6714|38|49|24|5|97|6927|
20180114|651 |0|2|24022|117|930|52|52|1109|26282|
20180114|651 |1|1|8185|56|108|36|7|688|9080|
20180114|651 |1|2|30712|159|901|54|48|1345|33219|
20180114|685 |0|1|4264|53|121|115|62|57|4672|
20180114|685 |0|2|15703|195|1162|157|407|706|18330|
20180114|685 |1|1|3536|37|99|89|65|328|4154|
20180114|685 |1|2|13110|184|1053|135|359|532|15373|
20180115|101 |0|1|16977|442|827|582|162|355|19345|
20180115|101 |0|2|69274|2551|8201|1219|1007|3359|85611|
20180115|101 |1|1|14457|476|830|753|225|1465|18206|
20180115|101 |1|2|64856|2941|8479|1547|1090|3311|82224|
20180115|190 |0|1|9564|345|1031|836|189|121|12086|
20180115|190 |0|2|42796|2595|2723|1513|1332|2207|53166|
20180115|190 |1|1|8381|384|789|698|196|802|11250|
20180115|190 |1|2|37714|2448|2699|1325|1367|1962|47515|
20180115|253 |0|1|13277|467|1056|825|288|320|16233|
20180115|253 |0|2|66612|2553|1895|1874|2185|3895|79014|
20180115|253 |1|1|11408|445|962|856|327|1275|15273|
20180115|253 |1|2|59230|2631|1934|1773|2577|3555|71700|
20180115|254 |0|1|6502|357|809|883|478|183|9212|
20180115|254 |0|2|33287|1613|1447|1105|3149|2363|42964|
20180115|254 |1|1|6241|289|709|711|374|722|9046|
20180115|254 |1|2|30056|1375|1203|739|2638|2090|38101|
20180115|651 |0|1|5487|111|178|143|41|133|6093|
20180115|651 |0|2|20858|646|976|259|368|1306|24413|
20180115|651 |1|1|5304|138|256|152|32|541|6423|
20180115|651 |1|2|21945|671|929|246|356|1436|25583|
20180115|685 |0|1|4030|242|814|820|496|88|6490|
20180115|685 |0|2|18074|1216|1441|949|2943|1050|25673|
20180115|685 |1|1|3386|280|771|691|461|361|5950|
20180115|685 |1|2|17305|1310|1486|828|2820|1112|24861|
20180116|101 |0|1|15367|429|920|644|159|297|17816|
20180116|101 |0|2|67099|2726|8299|1383|1124|3382|84013|
20180116|101 |1|1|14148|471|893|887|265|1396|18060|
20180116|101 |1|2|64630|3081|8532|1848|1409|3344|82844|
20180116|190 |0|1|8478|396|1114|850|202|104|11144|
20180116|190 |0|2|38646|2735|2831|1597|1301|2044|49154|
20180116|190 |1|1|8036|395|906|935|256|737|11265|
20180116|190 |1|2|36687|2690|2773|1799|1476|1952|47377|
20180116|253 |0|1|12355|482|1190|877|312|296|15512|
20180116|253 |0|2|63153|2704|1837|1852|2383|3748|75677|
20180116|253 |1|1|11286|475|1007|1046|425|1235|15474|
20180116|253 |1|2|59139|2717|1902|2068|2811|3623|72260|
20180116|254 |0|1|5983|316|834|907|530|175|8745|
20180116|254 |0|2|31009|1635|1380|1124|3273|2159|40580|
20180116|254 |1|1|5642|322|698|810|483|657|8612|
20180116|254 |1|2|29263|1404|1191|922|2727|1992|37499|
20180116|651 |0|1|4925|134|232|153|41|126|5611|
20180116|651 |0|2|19876|597|990|334|430|1293|23520|
20180116|651 |1|1|4774|145|287|129|25|555|5915|
20180116|651 |1|2|19641|594|954|283|358|1284|23114|
20180116|685 |0|1|3330|258|820|802|521|87|5818|
20180116|685 |0|2|17010|1256|1557|1021|3065|1089|24998|
20180116|685 |1|1|3284|289|806|798|520|329|6026|
20180116|685 |1|2|16984|1325|1540|986|3181|1089|25105|
20180117|101 |0|1|15250|453|851|596|188|300|17638|
20180117|101 |0|2|66802|2612|8135|1371|1197|3337|83454|
20180117|101 |1|1|14174|474|908|882|255|1405|18098|
20180117|101 |1|2|66046|2971|8444|1857|1353|3379|84050|
20180117|190 |0|1|8413|380|1153|858|212|127|11143|
20180117|190 |0|2|39403|2719|2882|1523|1318|1996|49841|
20180117|190 |1|1|8022|419|862|831|235|756|11125|
20180117|190 |1|2|37399|2642|2838|1716|1528|1963|48086|
20180117|253 |0|1|12286|483|1166|910|307|295|15447|
20180117|253 |0|2|63131|2720|1913|1872|2242|3848|75726|
20180117|253 |1|1|11336|457|1077|928|406|1194|15398|
20180117|253 |1|2|60152|2813|1962|2080|2782|3601|73390|
20180117|254 |0|1|6274|362|779|895|463|165|8938|
20180117|254 |0|2|32038|1643|1458|1144|3198|2249|41730|
20180117|254 |1|1|6126|345|704|851|417|644|9087|
20180117|254 |1|2|29777|1425|1261|919|2598|2003|37983|
20180117|651 |0|1|5214|110|190|142|47|132|5835|
20180117|651 |0|2|20230|623|975|293|359|1308|23788|
20180117|651 |1|1|4777|136|270|135|38|480|5836|
20180117|651 |1|2|20162|661|943|245|341|1335|23687|
20180117|685 |0|1|3366|274|819|832|512|84|5887|
20180117|685 |0|2|17149|1242|1539|1020|3019|1066|25035|
20180117|685 |1|1|3136|289|835|760|498|336|5854|
20180117|685 |1|2|17366|1349|1511|978|3074|1153|25431|
20180118|101 |0|1|15935|408|897|582|169|298|18289|
20180118|101 |0|2|68494|2743|8317|1324|1209|3298|85385|
20180118|101 |1|1|14821|464|884|858|205|1344|18576|
20180118|101 |1|2|67250|3128|8643|1898|1437|3372|85728|
20180118|190 |0|1|8873|372|1144|858|204|117|11568|
20180118|190 |0|2|40648|2718|2787|1542|1300|2058|51053|
20180118|190 |1|1|7932|400|833|906|234|757|11062|
20180118|190 |1|2|36195|2609|2632|1713|1550|1853|46552|
20180118|253 |0|1|12501|520|1123|918|318|329|15709|
20180118|253 |0|2|64208|2638|1634|1571|2071|3855|75977|
20180118|253 |1|1|11600|508|986|983|381|1319|15777|
20180118|253 |1|2|61293|2735|1617|1730|2515|3792|73682|
20180118|254 |0|1|6086|331|727|843|503|172|8662|
20180118|254 |0|2|31267|1655|1366|1102|3020|2206|40616|
20180118|254 |1|1|6157|307|751|816|433|731|9195|
20180118|254 |1|2|31110|1451|1194|903|2656|2108|39422|
20180118|651 |0|1|5292|115|232|155|52|120|5966|
20180118|651 |0|2|21289|606|1018|281|435|1319|24948|
20180118|651 |1|1|4914|155|300|153|49|560|6131|
20180118|651 |1|2|20506|662|936|263|365|1383|24115|
20180118|685 |0|1|3265|264|810|805|531|76|5751|
20180118|685 |0|2|17117|1291|1603|1010|3203|1105|25329|
20180118|685 |1|1|3292|273|774|746|523|330|5938|
20180118|685 |1|2|17949|1349|1547|904|3206|1162|26117|
20180119|101 |0|1|16507|378|889|580|181|310|18845|
20180119|101 |0|2|69120|2662|8872|1301|1194|3366|86515|
20180119|101 |1|1|16198|449|868|844|186|1572|20117|
20180119|101 |1|2|72538|3091|9441|1817|1472|3690|92049|
20180119|190 |0|1|10123|382|1111|822|207|127|12772|
20180119|190 |0|2|46024|2774|2941|1554|1300|2272|56865|
20180119|190 |1|1|9297|426|839|887|238|816|12503|
20180119|190 |1|2|42024|2646|2707|1719|1408|2209|52713|
20180119|253 |0|1|13660|488|1093|824|339|321|16725|
20180119|253 |0|2|67530|2671|1947|1860|2187|3902|80097|
20180119|253 |1|1|13107|478|1038|997|405|1476|17501|
20180119|253 |1|2|66540|2757|1995|2078|2759|4048|80177|
20180119|254 |0|1|6521|362|806|868|451|213|9221|
20180119|254 |0|2|34516|1742|1455|1052|3167|2353|44285|
20180119|254 |1|1|6497|324|788|826|388|717|9540|
20180119|254 |1|2|32463|1569|1226|937|2737|2159|41091|
20180119|651 |0|1|7025|115|240|163|69|161|7773|
20180119|651 |0|2|28466|633|1074|293|314|1579|32359|
20180119|651 |1|1|5710|127|338|142|44|561|6922|
20180119|651 |1|2|22736|620|1034|258|319|1440|26407|
20180119|685 |0|1|3901|281|844|852|536|75|6489|
20180119|685 |0|2|19009|1254|1579|983|3076|1190|27091|
20180119|685 |1|1|3700|291|775|793|491|362|6412|
20180119|685 |1|2|19118|1352|1454|931|3091|1157|27103|
20180120|101 |0|1|20097|267|480|300|129|228|21501|
20180120|101 |0|2|70369|1706|8211|691|805|2766|84548|
20180120|101 |1|1|18346|323|664|505|114|1516|21468|
20180120|101 |1|2|68114|2090|8383|1116|906|2894|83503|
20180120|190 |0|1|12676|205|523|413|92|128|14037|
20180120|190 |0|2|48818|1297|2417|574|740|1936|55782|
20180120|190 |1|1|11717|223|403|523|113|1088|14067|
20180120|190 |1|2|46220|1435|2461|964|866|2002|53948|
20180120|253 |0|1|16568|275|565|394|165|246|18213|
20180120|253 |0|2|64784|1300|1011|663|1322|3214|72294|
20180120|253 |1|1|15402|234|479|504|208|1458|18285|
20180120|253 |1|2|62791|1420|1048|927|1894|3132|71212|
20180120|254 |0|1|8001|170|347|376|228|141|9263|
20180120|254 |0|2|33386|760|1055|457|1590|1877|39125|
20180120|254 |1|1|8211|162|372|430|216|832|10223|
20180120|254 |1|2|32610|757|971|558|1497|1852|38245|
20180120|651 |0|1|9512|91|138|79|22|170|10012|
20180120|651 |0|2|35505|372|1001|152|197|1547|38774|
20180120|651 |1|1|7548|110|175|57|17|679|8586|
20180120|651 |1|2|28750|395|986|95|179|1349|31754|
20180120|685 |0|1|4989|127|407|408|271|72|6274|
20180120|685 |0|2|19188|530|1304|468|1604|874|23968|
20180120|685 |1|1|4706|150|415|432|262|460|6425|
20180120|685 |1|2|18506|532|1220|495|1802|943|23498|
20180121|101 |0|1|17771|133|277|134|40|184|18539|
20180121|101 |0|2|62343|847|7023|419|357|2678|73667|
20180121|101 |1|1|17640|186|417|245|60|1541|20089|
20180121|101 |1|2|62807|858|7370|688|427|2586|74736|
20180121|190 |0|1|10659|96|269|131|30|73|11258|
20180121|190 |0|2|39300|654|2292|372|228|1601|44447|
20180121|190 |1|1|10885|106|190|189|34|894|12298|
20180121|190 |1|2|42551|520|2142|443|231|1560|47447|
20180121|253 |0|1|15012|125|248|134|58|196|15773|
20180121|253 |0|2|58042|610|732|311|439|2840|62974|
20180121|253 |1|1|13840|102|178|151|60|1310|15641|
20180121|253 |1|2|52446|538|679|324|469|2518|56974|
20180121|254 |0|1|7432|77|121|152|58|118|7958|
20180121|254 |0|2|29194|358|831|187|330|1579|32479|
20180121|254 |1|1|7659|69|108|115|55|801|8807|
20180121|254 |1|2|28442|285|812|179|310|1539|31567|
20180121|651 |0|1|7147|52|56|25|8|133|7421|
20180121|651 |0|2|25412|138|978|43|51|1179|27801|
20180121|651 |1|1|8497|58|110|35|14|764|9478|
20180121|651 |1|2|32724|169|904|46|40|1433|35316|
20180121|685 |0|1|4593|39|132|118|76|62|5020|
20180121|685 |0|2|16136|200|1079|174|454|727|18770|
20180121|685 |1|1|4007|38|103|95|80|356|4679|
20180121|685 |1|2|14483|199|953|149|430|615|16829|
20180122|101 |0|1|15763|349|886|556|158|303|18015|
20180122|101 |0|2|68107|2504|8184|1260|1040|3410|84505|
20180122|101 |1|1|14288|422|799|701|217|1423|17850|
20180122|101 |1|2|65559|2890|8534|1583|1215|3505|83286|
20180122|190 |0|1|9448|373|1037|921|198|134|12111|
20180122|190 |0|2|42752|2597|2791|1595|1219|2191|53145|
20180122|190 |1|1|8208|413|795|697|207|755|11075|
20180122|190 |1|2|36526|2381|2641|1315|1310|1883|46056|
20180122|253 |0|1|13352|458|1140|918|317|313|16498|
20180122|253 |0|2|67105|2630|1962|1931|2108|4031|79767|
20180122|253 |1|1|11405|443|990|934|397|1266|15435|
20180122|253 |1|2|59166|2634|1977|1888|2582|3642|71889|
20180122|254 |0|1|6376|334|748|955|543|181|9137|
20180122|254 |0|2|32408|1688|1407|1142|3404|2269|42318|
20180122|254 |1|1|6081|290|718|712|500|714|9015|
20180122|254 |1|2|30001|1394|1163|741|2707|2066|38072|
20180122|651 |0|1|5384|125|187|106|37|117|5956|
20180122|651 |0|2|20883|626|948|274|351|1359|24441|
20180122|651 |1|1|5382|156|269|138|36|581|6562|
20180122|651 |1|2|22294|660|923|238|301|1436|25852|
20180122|685 |0|1|3719|264|823|727|526|83|6142|
20180122|685 |0|2|18471|1224|1493|966|2942|1094|26190|
20180122|685 |1|1|3219|292|759|700|485|319|5774|
20180122|685 |1|2|16725|1366|1500|820|2855|1108|24374|
20180123|101 |0|1|14726|390|862|578|177|284|17017|
20180123|101 |0|2|66094|2746|8159|1394|1099|3322|82814|
20180123|101 |1|1|13331|473|832|846|200|1300|16982|
20180123|101 |1|2|62939|3001|8538|1814|1322|3259|80873|
20180123|190 |0|1|7491|343|1006|757|178|92|9867|
20180123|190 |0|2|35971|2631|2809|1444|1116|1902|45873|
20180123|190 |1|1|7241|380|834|873|209|696|10233|
20180123|190 |1|2|34775|2587|2748|1658|1239|1880|44887|
20180123|253 |0|1|11299|438|1213|825|309|272|14356|
20180123|253 |0|2|61236|2636|2038|2003|2185|3717|73815|
20180123|253 |1|1|10843|453|1073|1009|405|1192|14975|
20180123|253 |1|2|58884|2772|1987|2228|2604|3562|72037|
20180123|254 |0|1|5673|313|799|949|559|137|8430|
20180123|254 |0|2|30140|1620|1374|1065|2927|2073|39199|
20180123|254 |1|1|5755|303|782|827|448|617|8732|
20180123|254 |1|2|28777|1439|1231|929|2588|1918|36882|
20180123|651 |0|1|4329|125|194|134|45|104|4931|
20180123|651 |0|2|17728|613|957|283|386|1175|21142|
20180123|651 |1|1|4503|152|273|117|45|466|5556|
20180123|651 |1|2|18463|618|904|253|359|1271|21868|
20180123|685 |0|1|3185|260|832|807|572|81|5737|
20180123|685 |0|2|16445|1226|1555|981|3141|1000|24348|
20180123|685 |1|1|2855|248|740|758|515|296|5412|
20180123|685 |1|2|15848|1250|1424|860|2977|1046|23405|
20180124|101 |0|1|14630|432|832|550|179|289|16912|
20180124|101 |0|2|65737|2555|8186|1279|921|3367|82045|
20180124|101 |1|1|13723|480|839|809|173|1325|17349|
20180124|101 |1|2|64221|2961|8404|1701|1207|3320|81814|
20180124|190 |0|1|7390|302|854|519|148|103|9316|
20180124|190 |0|2|36697|2592|2695|1378|1081|1937|46380|
20180124|190 |1|1|7532|413|834|802|204|761|10546|
20180124|190 |1|2|35472|2561|2678|1555|1175|1832|45273|
20180124|253 |0|1|11447|476|1038|801|271|280|14313|
20180124|253 |0|2|61171|2590|1987|1931|2043|3781|73503|
20180124|253 |1|1|10928|474|964|891|313|1226|14796|
20180124|253 |1|2|58408|2636|1993|2045|2307|3695|71084|
20180124|254 |0|1|5712|334|726|832|424|135|8163|
20180124|254 |0|2|30610|1606|1357|1096|2842|2222|39733|
20180124|254 |1|1|5820|314|764|768|414|700|8780|
20180124|254 |1|2|29612|1385|1191|903|2454|1972|37517|
20180124|651 |0|1|4304|114|176|156|52|159|4961|
20180124|651 |0|2|18002|586|927|313|407|1246|21481|
20180124|651 |1|1|4285|145|254|143|38|447|5312|
20180124|651 |1|2|18312|630|907|250|378|1298|21775|
20180124|685 |0|1|3098|240|826|815|502|78|5559|
20180124|685 |0|2|16519|1175|1553|989|2953|1057|24246|
20180124|685 |1|1|2881|264|751|743|522|312|5473|
20180124|685 |1|2|16371|1227|1493|870|2752|1087|23800|
20180125|101 |0|1|15216|359|836|545|142|290|17388|
20180125|101 |0|2|66956|2632|8264|1280|910|3283|83325|
20180125|101 |1|1|13817|433|870|758|145|1357|17380|
20180125|101 |1|2|64156|2957|8378|1719|1118|3306|81634|
20180125|190 |0|1|7767|309|871|582|150|109|9788|
20180125|190 |0|2|36879|2628|2778|1423|1081|1944|46733|
20180125|190 |1|1|7796|385|833|767|193|803|10777|
20180125|190 |1|2|36775|2622|2693|1534|1200|1948|46772|
20180125|253 |0|1|11842|480|1098|772|252|325|14769|
20180125|253 |0|2|62052|2589|1954|1886|2019|3789|74289|
20180125|253 |1|1|11373|473|1046|919|320|1213|15344|
20180125|253 |1|2|60215|2685|1975|2019|2229|3700|72823|
20180125|254 |0|1|5686|303|762|799|442|156|8148|
20180125|254 |0|2|30671|1589|1309|1038|2648|2225|39480|
20180125|254 |1|1|5997|292|789|795|446|720|9039|
20180125|254 |1|2|30310|1436|1179|934|2340|2039|38238|
20180125|651 |0|1|4503|125|225|150|46|200|5249|
20180125|651 |0|2|18595|584|967|290|419|1273|22128|
20180125|651 |1|1|4277|146|306|134|43|535|5441|
20180125|651 |1|2|18637|621|908|238|354|1314|22072|
20180125|685 |0|1|3284|262|789|765|513|96|5709|
20180125|685 |0|2|16991|1187|1528|1076|2804|1031|24617|
20180125|685 |1|1|3050|257|742|715|508|356|5628|
20180125|685 |1|2|16800|1254|1480|868|2576|1057|24035|
20180126|101 |0|1|15662|399|745|469|131|305|17711|
20180126|101 |0|2|69127|2528|8700|1230|852|3518|85955|
20180126|101 |1|1|15031|419|900|712|144|1508|18714|
20180126|101 |1|2|69144|2921|9103|1606|1081|3491|87346|
20180126|190 |0|1|8987|361|938|639|190|120|11235|
20180126|190 |0|2|42466|2536|2810|1329|989|2073|52203|
20180126|190 |1|1|9192|436|830|757|210|889|12314|
20180126|190 |1|2|43211|2533|2744|1516|1114|2202|53320|
20180126|253 |0|1|13126|457|1040|732|254|300|15909|
20180126|253 |0|2|65658|2522|1886|1811|1812|3982|77671|
20180126|253 |1|1|12739|464|950|903|315|1373|16744|
20180126|253 |1|2|64748|2583|1841|1931|1995|3966|77064|
20180126|254 |0|1|6283|341|734|769|415|158|8700|
20180126|254 |0|2|32430|1618|1389|1047|2470|2277|41231|
20180126|254 |1|1|6522|300|746|783|399|781|9531|
20180126|254 |1|2|32062|1420|1207|893|2158|2154|39894|
20180126|651 |0|1|6084|112|218|140|49|142|6745|
20180126|651 |0|2|25510|594|1062|281|349|1492|29288|
20180126|651 |1|1|4991|151|326|127|47|549|6191|
20180126|651 |1|2|21003|609|991|262|308|1380|24553|
20180126|685 |0|1|3612|241|727|739|502|70|5891|
20180126|685 |0|2|18240|1146|1514|891|2772|1082|25645|
20180126|685 |1|1|3633|289|757|753|456|365|6253|
20180126|685 |1|2|18668|1254|1379|859|2642|1124|25926|
20180127|101 |0|1|18559|299|531|267|110|236|20002|
20180127|101 |0|2|66043|1537|7913|651|391|2662|79197|
20180127|101 |1|1|16738|317|675|419|79|1473|19701|
20180127|101 |1|2|63272|1924|7975|1048|649|2680|77548|
20180127|190 |0|1|11327|203|470|285|93|111|12489|
20180127|190 |0|2|43403|1270|2362|495|533|1801|49864|
20180127|190 |1|1|10786|237|434|436|112|913|12918|
20180127|190 |1|2|42369|1381|2398|871|718|1846|49583|
20180127|253 |0|1|14854|269|437|320|130|216|16226|
20180127|253 |0|2|61095|1166|842|611|1009|2957|67680|
20180127|253 |1|1|14743|255|466|485|171|1398|17518|
20180127|253 |1|2|60762|1298|908|890|1267|3073|68198|
20180127|254 |0|1|7295|171|354|338|185|151|8494|
20180127|254 |0|2|31676|711|995|474|1294|1817|36967|
20180127|254 |1|1|7488|167|382|384|182|776|9379|
20180127|254 |1|2|30837|706|950|538|1239|1814|36084|
20180127|651 |0|1|8198|78|133|64|26|178|8677|
20180127|651 |0|2|31126|325|941|172|167|1455|34186|
20180127|651 |1|1|6479|88|187|60|20|628|7462|
20180127|651 |1|2|25202|357|938|116|155|1273|28041|
20180127|685 |0|1|4498|99|363|391|232|73|5656|
20180127|685 |0|2|17829|455|1276|445|1501|846|22352|
20180127|685 |1|1|4367|104|347|408|214|467|5907|
20180127|685 |1|2|17615|505|1237|463|1608|898|22326|
20180128|101 |0|1|17208|144|253|136|42|169|17952|
20180128|101 |0|2|60448|790|6877|353|193|2551|71212|
20180128|101 |1|1|16184|174|456|221|37|1410|18482|
20180128|101 |1|2|58810|756|7039|603|296|2505|70009|
20180128|190 |0|1|10023|122|232|138|27|102|10644|
20180128|190 |0|2|37609|667|2105|338|164|1600|42483|
20180128|190 |1|1|10186|116|190|190|27|874|11583|
20180128|190 |1|2|38853|487|2010|378|168|1517|43413|
20180128|253 |0|1|14357|127|196|126|52|184|15042|
20180128|253 |0|2|56118|583|653|314|395|2790|60853|
20180128|253 |1|1|13377|83|155|127|40|1262|15044|
20180128|253 |1|2|51563|453|610|310|381|2410|55727|
20180128|254 |0|1|7354|74|122|137|61|118|7866|
20180128|254 |0|2|28395|306|750|207|289|1509|31456|
20180128|254 |1|1|7135|67|127|121|39|768|8257|
20180128|254 |1|2|26583|242|760|174|244|1409|29412|
20180128|651 |0|1|6225|52|70|23|17|92|6479|
20180128|651 |0|2|22489|133|910|50|90|1058|24730|
20180128|651 |1|1|7694|79|130|44|13|695|8655|
20180128|651 |1|2|29444|185|873|58|99|1261|31920|
20180128|685 |0|1|4286|46|116|135|72|58|4713|
20180128|685 |0|2|16062|192|1128|195|463|696|18736|
20180128|685 |1|1|3720|44|103|96|60|364|4387|
20180128|685 |1|2|13730|180|1044|140|433|585|16112|
20180129|101 |0|1|16483|404|884|547|160|322|18800|
20180129|101 |0|2|70716|2505|8093|1241|812|3601|86968|
20180129|101 |1|1|14201|428|865|681|150|1494|17819|
20180129|101 |1|2|65140|2852|8360|1498|1042|3459|82351|
20180129|190 |0|1|8882|367|1045|748|147|110|11299|
20180129|190 |0|2|41593|2624|2772|1470|1130|2177|51766|
20180129|190 |1|1|8051|390|780|703|163|783|10870|
20180129|190 |1|2|36446|2440|2762|1373|1107|2007|46135|
20180129|253 |0|1|13014|455|1111|828|273|322|16003|
20180129|253 |0|2|67718|2515|1926|1907|2015|3913|79994|
20180129|253 |1|1|11542|474|966|829|385|1295|15491|
20180129|253 |1|2|60108|2612|1933|1779|2179|3721|72332|
20180129|254 |0|1|6006|328|721|846|447|169|8517|
20180129|254 |0|2|31616|1599|1317|1083|2887|2169|40671|
20180129|254 |1|1|5759|303|717|709|500|660|8648|
20180129|254 |1|2|28422|1334|1157|737|2261|1914|35825|
20180129|651 |0|1|5110|118|199|124|43|116|5710|
20180129|651 |0|2|19956|597|947|261|360|1305|23426|
20180129|651 |1|1|5038|121|279|126|27|553|6144|
20180129|651 |1|2|21152|660|899|238|329|1432|24710|
20180129|685 |0|1|3728|252|745|757|481|84|6047|
20180129|685 |0|2|18643|1201|1520|939|2887|1104|26294|
20180129|685 |1|1|3120|266|720|660|401|344|5511|
20180129|685 |1|2|16228|1236|1476|776|2713|1023|23452|
20180130|101 |0|1|14884|420|862|606|158|285|17215|
20180130|101 |0|2|68544|2785|8130|1380|927|3255|85021|
20180130|101 |1|1|13216|466|941|862|176|1361|17022|
20180130|101 |1|2|63453|3057|8425|1920|1222|3238|81315|
20180130|190 |0|1|7914|306|871|650|146|119|10006|
20180130|190 |0|2|37521|2750|2815|1679|1148|2007|47920|
20180130|190 |1|1|7711|406|850|920|232|758|10877|
20180130|190 |1|2|35336|2701|2676|1916|1403|1930|45962|
20180130|253 |0|1|11716|446|1184|925|300|289|14860|
20180130|253 |0|2|62355|2773|2040|2101|2251|3685|75205|
20180130|253 |1|1|10923|464|1035|1043|389|1217|15071|
20180130|253 |1|2|58017|2834|2055|2278|2638|3428|71250|
20180130|254 |0|1|5774|333|784|922|537|176|8526|
20180130|254 |0|2|30693|1647|1380|1156|3145|2036|40057|
20180130|254 |1|1|5686|313|739|877|454|666|8735|
20180130|254 |1|2|28887|1447|1201|943|2737|1914|37129|
20180130|651 |0|1|4553|129|200|151|53|113|5199|
20180130|651 |0|2|19133|635|915|319|427|1323|22752|
20180130|651 |1|1|4692|169|267|153|47|491|5819|
20180130|651 |1|2|19583|642|902|256|396|1302|23081|
20180130|685 |0|1|3371|286|888|837|498|65|5945|
20180130|685 |0|2|17133|1245|1578|1018|3224|1076|25274|
20180130|685 |1|1|3080|292|816|757|507|328|5780|
20180130|685 |1|2|16768|1321|1473|962|3101|1076|24701|
20180131|101 |0|1|14726|452|875|588|161|289|17091|
20180131|101 |0|2|66592|2727|8236|1408|967|3230|83160|
20180131|101 |1|1|13726|489|885|862|189|1403|17554|
20180131|101 |1|2|64879|3078|8483|1921|1262|3216|82839|
20180131|190 |0|1|7978|369|1090|874|188|124|10623|
20180131|190 |0|2|37098|2737|2889|1601|1196|1854|47375|
20180131|190 |1|1|7730|427|875|978|232|714|10956|
20180131|190 |1|2|35498|2692|2793|1816|1431|1840|46070|
20180131|253 |0|1|11527|503|1214|886|307|276|14713|
20180131|253 |0|2|61270|2827|2050|2085|2182|3647|74061|
20180131|253 |1|1|10666|494|1053|1036|412|1089|14750|
20180131|253 |1|2|58216|2913|2014|2241|2711|3479|71574|
20180131|254 |0|1|5713|357|810|967|576|155|8578|
20180131|254 |0|2|30688|1667|1379|1113|3025|2100|39972|
20180131|254 |1|1|5715|316|759|836|405|594|8625|
20180131|254 |1|2|29681|1436|1206|956|2856|1921|38056|
