20161201|101 |0|1|17749|607|1015|813|269|388|20841|
20161201|101 |0|2|68217|2690|8929|1215|933|3489|85473|
20161201|101 |1|1|16548|675|958|1125|382|1506|21194|
20161201|101 |1|2|64797|3131|9264|1752|1457|3331|83732|
20161201|190 |0|1|9072|620|961|998|270|203|12124|
20161201|190 |0|2|35353|2651|2960|1421|1458|1744|45587|
20161201|190 |1|1|8756|557|872|1046|413|765|12409|
20161201|190 |1|2|34245|2770|2872|1590|1591|1734|44802|
20161201|253 |0|1|14686|874|1361|1153|481|296|18851|
20161201|253 |0|2|66178|3055|2180|2030|2688|4191|80322|
20161201|253 |1|1|13782|825|1123|1374|763|1394|19261|
20161201|253 |1|2|60332|2991|2020|2065|3062|3866|74336|
20161201|254 |0|1|6778|444|702|952|793|235|9904|
20161201|254 |0|2|30252|1624|1336|929|3135|2192|39468|
20161201|254 |1|1|7118|485|730|857|696|818|10704|
20161201|254 |1|2|29979|1516|1210|802|2581|2107|38195|
20161201|651 |0|1|5109|178|228|180|89|141|5925|
20161201|651 |0|2|18689|601|950|241|563|1275|22319|
20161201|651 |1|1|4909|204|296|195|100|463|6167|
20161201|651 |1|2|18183|652|887|195|504|1335|21756|
20161201|685 |0|1|3676|411|936|960|1242|111|7336|
20161201|685 |0|2|16014|1269|1343|734|2859|1027|23246|
20161201|685 |1|1|3499|426|756|907|813|354|6755|
20161201|685 |1|2|15620|1284|1353|838|3164|1003|23262|
20161202|101 |0|1|19272|617|943|789|273|400|22294|
20161202|101 |0|2|71949|2633|9481|1216|1013|3469|89761|
20161202|101 |1|1|18249|653|1030|1162|378|1686|23158|
20161202|101 |1|2|69163|3151|9889|1810|1529|3557|89099|
20161202|190 |0|1|11335|559|956|932|317|212|14311|
20161202|190 |0|2|42775|2576|2975|1369|1474|2038|53207|
20161202|190 |1|1|10251|600|893|996|446|831|14017|
20161202|190 |1|2|37975|2571|2776|1475|1581|1922|48300|
20161202|253 |0|1|16749|879|1416|1188|466|330|21028|
20161202|253 |0|2|72925|3056|2144|1979|2659|4359|87122|
20161202|253 |1|1|15886|841|1161|1396|823|1687|21794|
20161202|253 |1|2|67488|3129|2088|2207|3385|4227|82524|
20161202|254 |0|1|7421|450|764|930|741|204|10510|
20161202|254 |0|2|31821|1610|1332|908|3195|2182|41048|
20161202|254 |1|1|7546|461|729|847|660|832|11075|
20161202|254 |1|2|30465|1416|1123|748|2397|2077|38226|
20161202|651 |0|1|6581|168|233|177|78|160|7397|
20161202|651 |0|2|24175|638|1001|245|755|1449|28263|
20161202|651 |1|1|5599|186|334|174|96|567|6956|
20161202|651 |1|2|20890|683|1039|156|703|1426|24897|
20161202|685 |0|1|4359|401|875|953|1128|147|7863|
20161202|685 |0|2|18595|1235|1429|788|2788|1141|25976|
20161202|685 |1|1|3991|425|748|841|823|410|7238|
20161202|685 |1|2|17530|1284|1330|827|2915|1130|25016|
20161203|101 |0|1|24755|362|659|419|159|347|26701|
20161203|101 |0|2|76193|1677|8930|617|574|3039|91030|
20161203|101 |1|1|22390|445|691|617|213|1762|26118|
20161203|101 |1|2|69002|2054|9221|1036|876|2889|85078|
20161203|190 |0|1|14305|310|440|438|164|216|15873|
20161203|190 |0|2|44418|1255|2175|507|794|1724|50873|
20161203|190 |1|1|12612|285|442|615|241|997|15192|
20161203|190 |1|2|39193|1476|2299|845|1008|1753|46574|
20161203|253 |0|1|21718|540|799|623|292|289|24261|
20161203|253 |0|2|73131|1458|1432|1166|1783|3623|82593|
20161203|253 |1|1|19482|420|681|831|473|1838|23725|
20161203|253 |1|2|66184|1581|1403|1397|2419|3468|76452|
20161203|254 |0|1|9572|234|375|424|452|194|11251|
20161203|254 |0|2|32990|786|971|440|2017|1883|39087|
20161203|254 |1|1|9856|283|406|456|399|1029|12429|
20161203|254 |1|2|31732|784|864|484|1560|1739|37163|
20161203|651 |0|1|10039|112|130|110|36|216|10643|
20161203|651 |0|2|32756|387|1018|134|397|1543|36235|
20161203|651 |1|1|7913|123|205|81|52|757|9131|
20161203|651 |1|2|25852|385|1000|72|347|1333|28989|
20161203|685 |0|1|6416|169|499|449|466|118|8117|
20161203|685 |0|2|19926|579|1217|394|1752|928|24796|
20161203|685 |1|1|5720|199|443|482|453|487|7784|
20161203|685 |1|2|18475|611|1126|472|2115|974|23773|
20161204|101 |0|1|21827|206|401|190|58|258|22940|
20161204|101 |0|2|66367|885|7531|316|297|2760|78156|
20161204|101 |1|1|22318|266|489|362|95|1683|25213|
20161204|101 |1|2|67570|956|7732|633|370|2625|79886|
20161204|190 |0|1|12904|174|234|233|76|167|13788|
20161204|190 |0|2|40148|746|2210|376|292|1629|45401|
20161204|190 |1|1|13708|138|214|235|100|1040|15435|
20161204|190 |1|2|41416|605|1861|377|332|1603|46194|
20161204|253 |0|1|19465|271|326|258|106|231|20657|
20161204|253 |0|2|64156|697|745|398|662|3214|69872|
20161204|253 |1|1|19710|163|227|285|153|1648|22186|
20161204|253 |1|2|61006|596|675|385|637|2863|66162|
20161204|254 |0|1|9084|95|122|147|108|159|9715|
20161204|254 |0|2|28831|374|718|148|585|1524|32180|
20161204|254 |1|1|9539|89|135|111|77|981|10932|
20161204|254 |1|2|28644|266|678|120|538|1566|31812|
20161204|651 |0|1|6403|59|62|28|11|132|6695|
20161204|651 |0|2|19954|139|788|47|48|993|21969|
20161204|651 |1|1|8737|76|102|47|18|745|9725|
20161204|651 |1|2|28206|156|832|41|28|1269|30532|
20161204|685 |0|1|5374|62|157|151|149|98|5991|
20161204|685 |0|2|15732|198|1054|156|637|810|18587|
20161204|685 |1|1|5922|62|123|130|146|492|6875|
20161204|685 |1|2|17937|203|937|156|645|789|20667|
20161205|101 |0|1|19550|565|941|745|241|422|22464|
20161205|101 |0|2|67332|2456|8506|1061|902|3599|83856|
20161205|101 |1|1|16544|591|884|884|303|1601|20807|
20161205|101 |1|2|65694|2968|8910|1453|1297|3577|83899|
20161205|190 |0|1|10538|562|1004|961|295|206|13566|
20161205|190 |0|2|40756|2628|2928|1384|1316|2048|51060|
20161205|190 |1|1|9415|513|751|821|320|834|12654|
20161205|190 |1|2|34968|2484|2916|1170|1309|1816|44663|
20161205|253 |0|1|15796|774|1326|1150|462|303|19811|
20161205|253 |0|2|69086|2903|2016|1969|2418|4219|82611|
20161205|253 |1|1|14227|730|931|1131|625|1446|19090|
20161205|253 |1|2|60831|2825|1984|1860|2996|3988|74484|
20161205|254 |0|1|7435|462|691|914|770|241|10513|
20161205|254 |0|2|31940|1627|1358|893|3286|2208|41312|
20161205|254 |1|1|6980|469|651|753|648|794|10295|
20161205|254 |1|2|28840|1466|1133|623|2419|2000|36481|
20161205|651 |0|1|5429|156|177|169|62|142|6135|
20161205|651 |0|2|18959|558|884|204|575|1264|22444|
20161205|651 |1|1|5315|213|291|208|92|537|6656|
20161205|651 |1|2|19310|626|878|158|529|1386|22887|
20161205|685 |0|1|4858|411|968|907|958|119|8221|
20161205|685 |0|2|16511|1104|1255|703|2707|977|23257|
20161205|685 |1|1|3832|429|766|752|691|376|6846|
20161205|685 |1|2|16293|1261|1400|678|2778|1038|23448|
20161206|101 |0|1|16683|598|1003|789|275|386|19734|
20161206|101 |0|2|65718|2702|8702|1267|982|3385|82756|
20161206|101 |1|1|15631|616|943|1172|374|1423|20159|
20161206|101 |1|2|62256|3191|9034|1804|1564|3358|81207|
20161206|190 |0|1|5326|293|435|558|166|100|6878|
20161206|190 |0|2|38099|2828|3061|1522|1614|2022|49146|
20161206|190 |1|1|9235|592|924|1089|431|830|13101|
20161206|190 |1|2|35592|2754|3010|1637|1682|1968|46643|
20161206|253 |0|1|14250|817|1454|1320|489|272|18602|
20161206|253 |0|2|65947|3134|2247|2065|2620|4204|80217|
20161206|253 |1|1|13458|772|1146|1463|774|1364|18977|
20161206|253 |1|2|60476|3139|2170|2180|3288|3894|75147|
20161206|254 |0|1|6791|449|787|925|1013|202|10167|
20161206|254 |0|2|30060|1654|1299|1008|3263|2190|39474|
20161206|254 |1|1|6880|502|772|912|732|779|10577|
20161206|254 |1|2|29188|1521|1219|756|2627|2136|37447|
20161206|651 |0|1|4938|170|238|166|86|129|5727|
20161206|651 |0|2|17753|652|938|262|585|1237|21427|
20161206|651 |1|1|4926|223|308|165|107|488|6217|
20161206|651 |1|2|17954|664|905|191|529|1279|21522|
20161206|685 |0|1|3590|395|938|976|1223|121|7243|
20161206|685 |0|2|15829|1269|1385|755|2848|1003|23089|
20161206|685 |1|1|3358|416|777|887|804|318|6560|
20161206|685 |1|2|15110|1276|1304|829|2962|1002|22483|
20161207|101 |0|1|16673|572|925|828|261|379|19638|
20161207|101 |0|2|66010|2672|8804|1177|998|3502|83163|
20161207|101 |1|1|15772|647|946|1074|334|1443|20216|
20161207|101 |1|2|63648|3195|9018|1696|1445|3430|82432|
20161207|190 |0|1|9226|588|1008|963|273|194|12252|
20161207|190 |0|2|37645|2914|3086|1486|1431|1964|48526|
20161207|190 |1|1|9071|583|919|1049|393|759|12774|
20161207|190 |1|2|35075|2818|3046|1549|1516|1872|45876|
20161207|253 |0|1|14319|812|1400|1240|479|303|18553|
20161207|253 |0|2|65092|3116|2170|2046|2588|4169|79181|
20161207|253 |1|1|13333|778|1130|1353|742|1422|18758|
20161207|253 |1|2|59660|3005|2092|2199|3241|3824|74021|
20161207|254 |0|1|6299|366|495|605|709|186|8660|
20161207|254 |0|2|28970|1593|1264|924|3100|2137|37988|
20161207|254 |1|1|6623|485|721|882|677|739|10127|
20161207|254 |1|2|28158|1442|1099|756|2487|2047|35989|
20161207|651 |0|1|4830|178|197|159|120|134|5618|
20161207|651 |0|2|17622|619|901|233|616|1237|21228|
20161207|651 |1|1|4673|238|281|153|148|476|5969|
20161207|651 |1|2|17734|663|860|191|553|1261|21262|
20161207|685 |0|1|3515|352|948|967|1181|125|7088|
20161207|685 |0|2|15688|1182|1335|750|2824|1045|22824|
20161207|685 |1|1|3605|391|802|884|772|372|6826|
20161207|685 |1|2|16089|1282|1330|832|3071|1048|23652|
20161208|101 |0|1|17576|574|1000|755|286|362|20553|
20161208|101 |0|2|67453|2693|8788|1191|1032|3464|84621|
20161208|101 |1|1|15973|619|991|1131|336|1408|20458|
20161208|101 |1|2|64347|3053|9098|1768|1382|3326|82974|
20161208|190 |0|1|9447|569|982|1038|299|203|12538|
20161208|190 |0|2|37783|2780|3072|1453|1422|1936|48446|
20161208|190 |1|1|9248|560|928|1028|368|771|12903|
20161208|190 |1|2|35662|2774|2946|1557|1535|1874|46348|
20161208|253 |0|1|14215|805|1362|1194|491|309|18376|
20161208|253 |0|2|65265|3064|2149|1999|2518|4045|79040|
20161208|253 |1|1|13786|769|1145|1312|754|1451|19217|
20161208|253 |1|2|61605|3007|2089|2130|3357|3949|76137|
20161208|254 |0|1|6566|425|632|744|580|225|9172|
20161208|254 |0|2|30146|1631|1403|936|3447|2224|39787|
20161208|254 |1|1|7036|440|711|857|643|770|10457|
20161208|254 |1|2|29569|1504|1177|745|2521|2076|37592|
20161208|651 |0|1|4951|178|256|217|71|141|5814|
20161208|651 |0|2|18338|625|980|259|655|1263|22120|
20161208|651 |1|1|4815|199|342|233|110|507|6206|
20161208|651 |1|2|17968|629|928|184|554|1280|21543|
20161208|685 |0|1|3512|357|904|1003|1096|96|6968|
20161208|685 |0|2|15547|1167|1302|703|2852|965|22536|
20161208|685 |1|1|3545|414|766|851|735|403|6714|
20161208|685 |1|2|15315|1308|1338|770|3247|1011|22989|
20161209|101 |0|1|18638|559|937|700|254|368|21456|
20161209|101 |0|2|70409|2577|9481|1176|798|3564|88005|
20161209|101 |1|1|18070|616|983|1070|302|1576|22617|
20161209|101 |1|2|69262|3060|9953|1690|1325|3708|88998|
20161209|190 |0|1|9967|603|959|985|253|229|12996|
20161209|190 |0|2|44567|2746|3218|1315|1452|2079|55377|
20161209|190 |1|1|10611|586|874|1013|319|862|14265|
20161209|190 |1|2|39141|2662|2971|1408|1418|1957|49557|
20161209|253 |0|1|16096|797|1383|1151|402|328|20157|
20161209|253 |0|2|70771|2947|2114|1949|2585|4360|84726|
20161209|253 |1|1|15365|754|1193|1358|683|1610|20963|
20161209|253 |1|2|65808|2984|2039|2091|3178|4113|80213|
20161209|254 |0|1|7228|434|658|796|677|202|9995|
20161209|254 |0|2|31077|1582|1336|863|3071|2234|40163|
20161209|254 |1|1|7831|495|752|844|652|840|11414|
20161209|254 |1|2|31614|1471|1244|725|2502|2225|39781|
20161209|651 |0|1|6570|136|251|184|75|178|7394|
20161209|651 |0|2|22904|619|997|259|413|1450|26642|
20161209|651 |1|1|5567|190|358|184|101|536|6936|
20161209|651 |1|2|19607|646|981|202|387|1379|23202|
20161209|685 |0|1|4181|405|965|1050|1071|134|7806|
20161209|685 |0|2|17954|1276|1462|750|2804|1081|25327|
20161209|685 |1|1|4097|438|829|838|762|429|7393|
20161209|685 |1|2|17813|1324|1260|771|2867|1150|25185|
20161210|101 |0|1|23624|385|663|390|161|329|25552|
20161210|101 |0|2|71080|1616|9099|539|537|2949|85820|
20161210|101 |1|1|21875|462|720|666|189|1733|25645|
20161210|101 |1|2|66588|2038|9175|948|796|2945|82490|
20161210|190 |0|1|15519|295|481|408|140|204|17047|
20161210|190 |0|2|49948|1363|2518|492|762|2057|57140|
20161210|190 |1|1|13803|319|471|566|190|1144|16493|
20161210|190 |1|2|44994|1523|2456|861|951|1955|52740|
20161210|253 |0|1|20604|508|719|585|259|264|22939|
20161210|253 |0|2|69512|1461|1460|1129|1793|3551|78906|
20161210|253 |1|1|18908|391|647|810|422|1800|22978|
20161210|253 |1|2|64464|1524|1482|1354|2351|3427|74602|
20161210|254 |0|1|9439|188|375|387|324|206|10919|
20161210|254 |0|2|32328|785|949|424|1943|1860|38289|
20161210|254 |1|1|9922|242|402|483|333|1063|12445|
20161210|254 |1|2|32317|817|885|473|1550|1810|37852|
20161210|651 |0|1|9412|94|139|93|52|207|9997|
20161210|651 |0|2|29233|360|917|143|409|1416|32478|
20161210|651 |1|1|7063|115|209|86|58|654|8185|
20161210|651 |1|2|23344|386|939|86|373|1263|26391|
20161210|685 |0|1|6037|186|458|418|490|122|7711|
20161210|685 |0|2|19191|545|1200|414|1806|910|24066|
20161210|685 |1|1|5269|187|444|519|478|451|7348|
20161210|685 |1|2|17383|582|1044|449|2057|871|22386|
20161211|101 |0|1|21817|188|297|178|57|279|22816|
20161211|101 |0|2|65001|770|7493|298|201|2721|76484|
20161211|101 |1|1|21007|214|461|331|68|1625|23706|
20161211|101 |1|2|61825|857|7632|558|308|2544|73724|
20161211|190 |0|1|12666|158|208|199|35|196|13462|
20161211|190 |0|2|40501|729|2101|362|244|1774|45711|
20161211|190 |1|1|14191|162|202|229|69|1084|15937|
20161211|190 |1|2|44183|613|1982|341|269|1803|49191|
20161211|253 |0|1|19279|272|262|236|88|198|20335|
20161211|253 |0|2|63383|700|740|391|620|3115|68949|
20161211|253 |1|1|18305|187|206|235|100|1520|20553|
20161211|253 |1|2|58505|598|643|360|626|2732|63464|
20161211|254 |0|1|9390|96|133|142|93|170|10024|
20161211|254 |0|2|29308|404|807|164|446|1592|32721|
20161211|254 |1|1|9713|97|139|126|66|928|11069|
20161211|254 |1|2|29123|304|712|126|290|1590|32145|
20161211|651 |0|1|6359|65|50|39|26|152|6691|
20161211|651 |0|2|19445|141|818|46|87|1020|21557|
20161211|651 |1|1|8667|72|110|65|32|790|9736|
20161211|651 |1|2|27361|187|830|41|51|1224|29694|
20161211|685 |0|1|5070|51|150|143|112|80|5606|
20161211|685 |0|2|14813|184|924|173|468|720|17282|
20161211|685 |1|1|4815|52|129|143|128|448|5715|
20161211|685 |1|2|15298|188|929|146|488|681|17730|
20161212|101 |0|1|18418|494|880|723|236|377|21128|
20161212|101 |0|2|69880|2459|8548|1068|879|3522|86356|
20161212|101 |1|1|16071|540|976|872|273|1523|20255|
20161212|101 |1|2|63434|2829|8900|1342|1212|3372|81089|
20161212|190 |0|1|10772|548|993|982|286|249|13830|
20161212|190 |0|2|42268|2733|2932|1348|1310|2185|52776|
20161212|190 |1|1|9942|554|815|846|293|891|13341|
20161212|190 |1|2|37331|2665|2983|1187|1420|2056|47642|
20161212|253 |0|1|15666|780|1375|1153|446|289|19709|
20161212|253 |0|2|69200|2870|1977|1931|2391|4295|82664|
20161212|253 |1|1|13639|736|1061|1148|613|1469|18666|
20161212|253 |1|2|59994|2773|1976|1794|2972|3917|73426|
20161212|254 |0|1|7394|437|724|956|703|228|10442|
20161212|254 |0|2|31960|1547|1387|957|3471|2265|41587|
20161212|254 |1|1|7222|456|690|797|647|820|10632|
20161212|254 |1|2|29358|1384|1144|655|2448|2092|37081|
20161212|651 |0|1|5328|151|220|157|85|162|6103|
20161212|651 |0|2|18506|606|896|216|540|1241|22005|
20161212|651 |1|1|5099|192|286|175|92|529|6373|
20161212|651 |1|2|18468|642|845|189|482|1376|22002|
20161212|685 |0|1|4849|386|939|929|1002|129|8234|
20161212|685 |0|2|16326|1156|1214|742|2616|1027|23081|
20161212|685 |1|1|3600|360|734|816|724|366|6600|
20161212|685 |1|2|15589|1245|1276|684|2767|1062|22623|
20161213|101 |0|1|17244|578|936|788|224|391|20161|
20161213|101 |0|2|66493|2664|8665|1255|983|3411|83471|
20161213|101 |1|1|16366|604|988|1111|351|1540|20960|
20161213|101 |1|2|64274|3102|9008|1792|1565|3414|83155|
20161213|190 |0|1|9858|565|1100|1043|308|222|13096|
20161213|190 |0|2|39231|2914|3082|1554|1500|2126|50407|
20161213|190 |1|1|9588|552|915|1089|364|873|13381|
20161213|190 |1|2|37156|2861|2957|1621|1670|1996|48261|
20161213|253 |0|1|14839|841|1451|1230|466|306|19133|
20161213|253 |0|2|66760|3120|2187|2070|2708|4322|81167|
20161213|253 |1|1|13383|762|1247|1400|699|1380|18871|
20161213|253 |1|2|58975|3022|2136|2110|3313|3833|73389|
20161213|254 |0|1|6637|457|716|950|756|211|9727|
20161213|254 |0|2|29059|1661|1335|955|3344|2173|38527|
20161213|254 |1|1|7031|502|775|984|673|831|10796|
20161213|254 |1|2|29756|1494|1201|773|2648|2185|38057|
20161213|651 |0|1|4971|154|221|156|92|156|5750|
20161213|651 |0|2|18110|663|942|257|580|1301|21853|
20161213|651 |1|1|4627|171|326|174|111|481|5890|
20161213|651 |1|2|18305|664|900|202|523|1335|21929|
20161213|685 |0|1|3758|388|882|1067|1189|107|7391|
20161213|685 |0|2|16346|1249|1332|761|3018|1032|23738|
20161213|685 |1|1|3549|383|814|917|862|351|6876|
20161213|685 |1|2|15825|1334|1283|806|3120|1100|23468|
20161214|101 |0|1|16918|556|893|788|279|358|19792|
20161214|101 |0|2|65548|2618|8683|1216|1042|3417|82524|
20161214|101 |1|1|15904|616|932|1003|302|1447|20204|
20161214|101 |1|2|64112|3112|8975|1664|1453|3508|82824|
20161214|190 |0|1|9023|537|989|1015|255|202|12021|
20161214|190 |0|2|36999|2819|2922|1421|1345|1972|47478|
20161214|190 |1|1|9107|509|908|1049|355|860|12788|
20161214|190 |1|2|36001|2789|2881|1441|1489|1994|46595|
20161214|253 |0|1|14341|815|1384|1219|465|304|18528|
20161214|253 |0|2|64785|2962|2128|2063|2668|4128|78734|
20161214|253 |1|1|13586|778|1125|1324|659|1381|18853|
20161214|253 |1|2|60500|2936|2024|2189|3441|3863|74953|
20161214|254 |0|1|6869|458|748|939|766|217|9997|
20161214|254 |0|2|30215|1703|1339|984|3505|2264|40010|
20161214|254 |1|1|7009|478|697|950|649|781|10564|
20161214|254 |1|2|29857|1491|1161|761|2605|2130|38005|
20161214|651 |0|1|4368|138|215|172|69|122|5084|
20161214|651 |0|2|16261|613|909|219|501|1181|19684|
20161214|651 |1|1|4333|190|326|195|110|452|5606|
20161214|651 |1|2|16516|626|871|183|420|1265|19881|
20161214|685 |0|1|3481|350|823|905|961|111|6631|
20161214|685 |0|2|15068|1133|1213|737|2816|1031|21998|
20161214|685 |1|1|3592|390|751|862|748|329|6672|
20161214|685 |1|2|15567|1219|1269|745|3122|1076|22998|
20161215|101 |0|1|17349|544|982|759|247|369|20250|
20161215|101 |0|2|66930|2699|8772|1194|965|3495|84055|
20161215|101 |1|1|16286|584|984|969|295|1443|20561|
20161215|101 |1|2|63932|3034|9044|1649|1418|3314|82391|
20161215|190 |0|1|9094|569|1037|955|279|189|12123|
20161215|190 |0|2|36655|2855|3019|1449|1434|1915|47327|
20161215|190 |1|1|8715|548|924|999|333|736|12255|
20161215|190 |1|2|34042|2788|2966|1527|1497|1772|44592|
20161215|253 |0|1|14480|837|1378|1151|427|278|18551|
20161215|253 |0|2|65562|3053|2127|2067|2620|4091|79520|
20161215|253 |1|1|13859|765|1177|1236|657|1436|19130|
20161215|253 |1|2|61610|3017|2122|2185|3261|3905|76100|
20161215|254 |0|1|6875|446|694|894|664|232|9805|
20161215|254 |0|2|30019|1566|1253|911|3207|2190|39146|
20161215|254 |1|1|7167|490|775|823|614|837|10706|
20161215|254 |1|2|29711|1441|1126|723|2492|2033|37526|
20161215|651 |0|1|4647|147|225|155|68|118|5360|
20161215|651 |0|2|16691|625|937|253|694|1185|20385|
20161215|651 |1|1|4495|188|292|171|83|446|5675|
20161215|651 |1|2|16909|639|917|181|615|1246|20507|
20161215|685 |0|1|3581|393|937|999|1112|109|7131|
20161215|685 |0|2|15862|1186|1349|752|2868|1049|23066|
20161215|685 |1|1|3482|396|765|842|658|327|6470|
20161215|685 |1|2|15456|1310|1305|796|3160|1029|23056|
20161216|101 |0|1|19071|536|962|682|240|403|21894|
20161216|101 |0|2|70904|2645|9375|1184|878|3526|88512|
20161216|101 |1|1|17914|624|1049|990|273|1631|22481|
20161216|101 |1|2|67058|3022|9708|1634|1362|3539|86323|
20161216|190 |0|1|11224|552|954|927|262|230|14149|
20161216|190 |0|2|43290|2761|3232|1390|1448|2168|54289|
20161216|190 |1|1|11236|585|924|1023|322|966|15056|
20161216|190 |1|2|42753|2735|3023|1474|1597|2252|53834|
20161216|253 |0|1|15999|809|1342|1198|426|303|20077|
20161216|253 |0|2|70490|2950|2071|1988|2594|4222|84315|
20161216|253 |1|1|15285|774|1133|1233|636|1569|20630|
20161216|253 |1|2|65053|2910|2042|2100|3374|4059|79538|
20161216|254 |0|1|7277|437|688|861|675|202|10140|
20161216|254 |0|2|31444|1605|1297|936|3008|2203|40493|
20161216|254 |1|1|8008|473|796|878|575|944|11674|
20161216|254 |1|2|31969|1415|1139|744|2498|2236|40001|
20161216|651 |0|1|6403|151|240|185|96|159|7234|
20161216|651 |0|2|22182|608|1030|259|648|1384|26111|
20161216|651 |1|1|5434|173|359|162|90|552|6770|
20161216|651 |1|2|19395|668|1029|205|607|1312|23216|
20161216|685 |0|1|4141|384|918|1053|1153|97|7746|
20161216|685 |0|2|17410|1205|1374|705|2870|1091|24655|
20161216|685 |1|1|4069|373|769|810|621|432|7074|
20161216|685 |1|2|17457|1269|1228|774|3100|1144|24972|
20161217|101 |0|1|24464|380|652|347|132|335|26310|
20161217|101 |0|2|72878|1661|9255|599|562|3037|87992|
20161217|101 |1|1|22269|450|750|569|185|1818|26041|
20161217|101 |1|2|67219|2029|9303|948|822|2954|83275|
20161217|190 |0|1|15763|314|531|397|146|202|17353|
20161217|190 |0|2|50547|1437|2547|556|812|2030|57929|
20161217|190 |1|1|14376|319|514|584|207|1131|17131|
20161217|190 |1|2|46314|1601|2506|883|1015|1984|54303|
20161217|253 |0|1|20686|497|745|618|256|289|23091|
20161217|253 |0|2|70839|1512|1503|1145|1708|3544|80251|
20161217|253 |1|1|18760|402|664|736|360|1716|22638|
20161217|253 |1|2|63766|1650|1453|1436|2316|3390|74011|
20161217|254 |0|1|9809|247|392|425|359|201|11433|
20161217|254 |0|2|33475|819|974|382|1856|1825|39331|
20161217|254 |1|1|10054|261|402|453|324|1005|12499|
20161217|254 |1|2|32635|821|928|461|1554|1815|38214|
20161217|651 |0|1|9548|114|124|102|44|194|10126|
20161217|651 |0|2|28948|361|941|139|488|1412|32289|
20161217|651 |1|1|7067|131|192|72|45|708|8215|
20161217|651 |1|2|23140|398|973|96|462|1270|26339|
20161217|685 |0|1|5940|174|432|467|494|102|7609|
20161217|685 |0|2|18928|582|1246|429|1827|905|23917|
20161217|685 |1|1|5638|185|423|501|414|507|7668|
20161217|685 |1|2|18692|612|1101|491|2082|968|23946|
20161218|101 |0|1|21891|205|329|188|40|294|22947|
20161218|101 |0|2|66165|874|7373|355|256|2736|77759|
20161218|101 |1|1|21777|237|479|309|67|1686|24555|
20161218|101 |1|2|64297|927|7665|601|349|2611|76450|
20161218|190 |0|1|13311|170|245|239|53|179|14197|
20161218|190 |0|2|41669|773|2324|379|455|1731|47331|
20161218|190 |1|1|14543|162|233|295|66|1040|16339|
20161218|190 |1|2|44614|640|2159|397|449|1709|49968|
20161218|253 |0|1|19704|264|276|188|89|228|20749|
20161218|253 |0|2|64277|701|775|344|518|3206|69821|
20161218|253 |1|1|18361|182|248|233|95|1615|20734|
20161218|253 |1|2|58037|620|679|328|527|2770|62961|
20161218|254 |0|1|9198|104|122|137|98|165|9824|
20161218|254 |0|2|29435|378|729|164|410|1576|32692|
20161218|254 |1|1|9674|105|117|136|107|925|11064|
20161218|254 |1|2|28968|284|690|146|288|1527|31903|
20161218|651 |0|1|6494|47|64|34|11|124|6774|
20161218|651 |0|2|19426|134|858|45|72|1032|21567|
20161218|651 |1|1|8571|61|106|30|11|796|9575|
20161218|651 |1|2|27237|169|904|49|65|1251|29675|
20161218|685 |0|1|5442|64|165|149|123|80|6023|
20161218|685 |0|2|15882|175|1038|164|486|821|18566|
20161218|685 |1|1|5234|62|112|126|131|448|6113|
20161218|685 |1|2|16241|204|985|164|520|727|18841|
20161219|101 |0|1|18410|498|886|692|212|390|21088|
20161219|101 |0|2|70389|2484|8497|1104|866|3666|87006|
20161219|101 |1|1|16351|556|895|785|236|1638|20461|
20161219|101 |1|2|64375|2859|8798|1326|1194|3541|82093|
20161219|190 |0|1|10877|538|977|999|247|227|13865|
20161219|190 |0|2|41991|2660|2822|1434|1199|2068|52174|
20161219|190 |1|1|9914|500|839|807|279|848|13187|
20161219|190 |1|2|36915|2527|2751|1193|1282|2027|46695|
20161219|253 |0|1|15789|722|1346|1076|428|321|19682|
20161219|253 |0|2|68810|2742|1903|1907|2292|4272|81926|
20161219|253 |1|1|13494|657|995|1086|558|1441|18231|
20161219|253 |1|2|59330|2740|1857|1801|2875|3868|72471|
20161219|254 |0|1|7197|396|705|875|652|208|10033|
20161219|254 |0|2|31072|1559|1304|853|3177|2193|40158|
20161219|254 |1|1|7088|411|692|714|580|786|10271|
20161219|254 |1|2|28720|1314|1124|603|2360|2094|36215|
20161219|651 |0|1|5372|158|208|141|58|138|6075|
20161219|651 |0|2|18454|585|898|201|476|1323|21937|
20161219|651 |1|1|5293|188|298|140|79|536|6534|
20161219|651 |1|2|19169|600|830|180|432|1432|22643|
20161219|685 |0|1|4275|339|837|941|907|136|7435|
20161219|685 |0|2|17246|1149|1319|728|2845|1074|24361|
20161219|685 |1|1|3741|336|781|784|606|389|6637|
20161219|685 |1|2|16288|1294|1371|647|2896|1113|23609|
20161220|101 |0|1|17596|592|968|825|212|361|20554|
20161220|101 |0|2|66193|2744|8631|1308|847|3304|83027|
20161220|101 |1|1|16239|639|1009|1083|328|1467|20765|
20161220|101 |1|2|63777|3195|8936|1763|1407|3336|82414|
20161220|190 |0|1|10210|580|1044|1097|308|211|13450|
20161220|190 |0|2|41170|2989|2971|1547|1598|2056|52331|
20161220|190 |1|1|8967|549|905|1131|390|780|12722|
20161220|190 |1|2|33619|2731|2808|1634|1661|1718|44171|
20161220|253 |0|1|14762|798|1454|1223|451|276|18964|
20161220|253 |0|2|67609|3091|2140|2122|2747|4214|81923|
20161220|253 |1|1|13479|756|1248|1365|699|1462|19009|
20161220|253 |1|2|59949|3120|2036|2194|3477|3763|74539|
20161220|254 |0|1|7127|445|746|895|752|226|10191|
20161220|254 |0|2|30620|1690|1268|940|3557|2175|40250|
20161220|254 |1|1|7178|468|774|924|676|862|10882|
20161220|254 |1|2|30114|1517|1149|780|2682|2081|38323|
20161220|651 |0|1|5414|168|243|180|120|144|6269|
20161220|651 |0|2|18672|654|885|268|406|1327|22212|
20161220|651 |1|1|5257|214|346|226|177|555|6775|
20161220|651 |1|2|18800|663|845|175|273|1341|22097|
20161220|685 |0|1|3718|371|914|1027|1061|99|7190|
20161220|685 |0|2|16297|1263|1308|742|2960|1083|23653|
20161220|685 |1|1|3577|410|838|870|691|353|6739|
20161220|685 |1|2|15657|1281|1252|762|3066|1033|23051|
20161221|101 |0|1|18495|527|977|770|254|410|21433|
20161221|101 |0|2|65510|2629|8667|1193|859|3267|82125|
20161221|101 |1|1|15929|616|894|1087|319|1439|20284|
20161221|101 |1|2|61117|3095|9136|1686|1313|3195|79542|
20161221|190 |0|1|9598|574|1030|1020|314|177|12713|
20161221|190 |0|2|38992|2807|2984|1519|1494|2009|49805|
20161221|190 |1|1|9131|548|961|1067|340|793|12840|
20161221|190 |1|2|35742|2700|2829|1600|1566|1850|46287|
20161221|253 |0|1|13814|772|1391|1165|470|278|17890|
20161221|253 |0|2|64594|3009|2105|2102|2535|3964|78309|
20161221|253 |1|1|13528|732|1174|1265|689|1378|18766|
20161221|253 |1|2|59511|3044|2097|2194|3246|3815|73907|
20161221|254 |0|1|6687|438|746|922|730|197|9720|
20161221|254 |0|2|30714|1594|1313|922|3531|2093|40167|
20161221|254 |1|1|6985|496|710|887|618|815|10511|
20161221|254 |1|2|29178|1465|1118|756|2643|2036|37196|
20161221|651 |0|1|5097|156|268|170|84|152|5927|
20161221|651 |0|2|17825|641|952|240|457|1220|21335|
20161221|651 |1|1|5193|183|337|176|71|517|6477|
20161221|651 |1|2|18709|708|940|223|424|1359|22363|
20161221|685 |0|1|3349|369|878|1036|1218|92|6942|
20161221|685 |0|2|14704|1100|1174|807|2609|980|21374|
20161221|685 |1|1|3620|369|820|818|745|364|6736|
20161221|685 |1|2|14792|1163|1231|730|3077|948|21941|
20161222|101 |0|1|16407|523|827|715|177|351|19000|
20161222|101 |0|2|62686|2509|8435|1181|722|3264|78797|
20161222|101 |1|1|15448|576|889|999|239|1381|19532|
20161222|101 |1|2|59860|2885|8790|1668|1083|3131|77417|
20161222|190 |0|1|9387|476|1007|941|280|197|12288|
20161222|190 |0|2|36651|2647|2937|1378|1213|1946|46772|
20161222|190 |1|1|9439|490|867|1010|319|843|12968|
20161222|190 |1|2|36366|2666|2816|1486|1341|1881|46556|
20161222|253 |0|1|13396|681|1281|1056|399|263|17076|
20161222|253 |0|2|61228|2681|1999|1950|2120|3858|73836|
20161222|253 |1|1|12787|687|1077|1183|565|1360|17659|
20161222|253 |1|2|57436|2631|1940|2009|2766|3616|70398|
20161222|254 |0|1|6230|393|694|849|689|200|9055|
20161222|254 |0|2|28225|1472|1276|852|2775|1987|36587|
20161222|254 |1|1|6629|432|673|831|527|745|9837|
20161222|254 |1|2|27757|1369|1103|684|2237|1937|35087|
20161222|651 |0|1|4768|129|210|160|44|141|5452|
20161222|651 |0|2|16795|556|892|225|328|1174|19970|
20161222|651 |1|1|4613|159|270|169|40|474|5725|
20161222|651 |1|2|16761|594|882|189|325|1240|19991|
20161222|685 |0|1|3457|314|795|842|777|95|6280|
20161222|685 |0|2|14827|1063|1233|768|2729|946|21566|
20161222|685 |1|1|3213|316|703|763|564|339|5898|
20161222|685 |1|2|14949|1142|1141|740|2662|990|21624|
20161223|101 |0|1|18046|534|883|724|184|377|20748|
20161223|101 |0|2|67943|2578|9124|1145|793|3400|84983|
20161223|101 |1|1|17044|589|1025|967|238|1495|21358|
20161223|101 |1|2|65275|3057|9325|1571|1246|3512|83986|
20161223|190 |0|1|11321|574|912|916|273|199|14195|
20161223|190 |0|2|44412|2740|3028|1361|1330|2209|55080|
20161223|190 |1|1|10779|592|908|916|303|915|14413|
20161223|190 |1|2|41680|2703|2870|1444|1379|2123|52199|
20161223|253 |0|1|15221|748|1247|1024|400|291|18931|
20161223|253 |0|2|68050|2914|1992|1969|2407|4214|81546|
20161223|253 |1|1|14886|710|1151|1133|627|1565|20072|
20161223|253 |1|2|65093|2884|1990|2074|2951|4139|79131|
20161223|254 |0|1|7016|406|680|870|593|209|9774|
20161223|254 |0|2|30614|1570|1212|862|2818|2189|39265|
20161223|254 |1|1|7346|492|715|833|590|766|10742|
20161223|254 |1|2|30188|1390|1067|788|2260|2018|37711|
20161223|651 |0|1|6470|136|200|199|70|151|7226|
20161223|651 |0|2|23000|615|972|240|363|1431|26621|
20161223|651 |1|1|5191|176|340|202|66|527|6502|
20161223|651 |1|2|19182|649|986|222|367|1393|22799|
20161223|685 |0|1|3856|356|849|879|891|113|6944|
20161223|685 |0|2|16919|1121|1350|732|2665|1089|23876|
20161223|685 |1|1|3800|339|757|823|541|421|6681|
20161223|685 |1|2|17237|1187|1202|749|2683|1073|24131|
20161224|101 |0|1|21026|360|573|309|122|331|22721|
20161224|101 |0|2|64059|1590|7972|592|508|2839|77560|
20161224|101 |1|1|20284|412|779|572|152|1716|23915|
20161224|101 |1|2|62346|2051|8111|1002|790|2812|77112|
20161224|190 |0|1|13598|311|437|358|172|195|15071|
20161224|190 |0|2|43270|1292|2351|510|784|1783|49990|
20161224|190 |1|1|12504|299|478|484|189|1000|14954|
20161224|190 |1|2|39970|1432|2382|868|919|1768|47339|
20161224|253 |0|1|17964|423|637|550|242|227|20043|
20161224|253 |0|2|62103|1366|942|715|1467|3176|69769|
20161224|253 |1|1|17006|346|546|721|320|1546|20485|
20161224|253 |1|2|59426|1395|897|974|2033|3279|68004|
20161224|254 |0|1|8583|212|329|426|324|186|10060|
20161224|254 |0|2|29314|765|925|417|1668|1735|34824|
20161224|254 |1|1|8881|236|389|455|315|879|11155|
20161224|254 |1|2|29187|764|844|471|1445|1677|34388|
20161224|651 |0|1|10393|115|150|114|115|206|11093|
20161224|651 |0|2|31311|370|802|136|266|1504|34389|
20161224|651 |1|1|6840|127|204|99|29|653|7952|
20161224|651 |1|2|22214|387|841|109|316|1191|25058|
20161224|685 |0|1|4767|148|411|439|405|81|6251|
20161224|685 |0|2|15392|498|1143|400|1766|739|19938|
20161224|685 |1|1|4816|148|424|464|391|437|6680|
20161224|685 |1|2|16603|562|1134|461|2014|885|21659|
20161225|101 |0|1|20236|163|269|166|37|276|21147|
20161225|101 |0|2|60532|732|6734|275|252|2629|71154|
20161225|101 |1|1|19443|188|456|290|55|1702|22134|
20161225|101 |1|2|58372|810|6862|540|357|2534|69475|
20161225|190 |0|1|12104|135|218|153|43|150|12803|
20161225|190 |0|2|37490|673|2045|318|221|1643|42390|
20161225|190 |1|1|12481|108|237|229|50|992|14097|
20161225|190 |1|2|39397|560|1927|333|200|1619|44036|
20161225|253 |0|1|17190|215|229|186|72|182|18074|
20161225|253 |0|2|58138|585|567|283|462|2949|62984|
20161225|253 |1|1|16496|141|207|197|88|1485|18614|
20161225|253 |1|2|52137|499|478|302|483|2493|56392|
20161225|254 |0|1|8547|73|129|124|89|162|9124|
20161225|254 |0|2|26795|323|667|153|356|1371|29665|
20161225|254 |1|1|8704|82|124|120|71|927|10028|
20161225|254 |1|2|26679|229|620|142|246|1409|29325|
20161225|651 |0|1|7288|52|58|33|7|147|7585|
20161225|651 |0|2|21129|100|756|66|78|1057|23186|
20161225|651 |1|1|9325|54|89|72|7|867|10414|
20161225|651 |1|2|29124|144|746|72|60|1297|31443|
20161225|685 |0|1|4823|50|132|135|151|91|5382|
20161225|685 |0|2|14373|180|958|144|555|708|16918|
20161225|685 |1|1|4334|42|103|118|132|398|5127|
20161225|685 |1|2|13209|172|888|119|539|644|15571|
20161226|101 |0|1|18305|547|873|694|192|393|21004|
20161226|101 |0|2|68424|2390|8364|1100|855|3510|84643|
20161226|101 |1|1|16094|565|897|768|228|1524|20076|
20161226|101 |1|2|62052|2804|8647|1310|1176|3355|79344|
20161226|190 |0|1|11441|556|1009|909|279|236|14430|
20161226|190 |0|2|43439|2772|2896|1379|1319|2190|53995|
20161226|190 |1|1|10177|507|817|876|296|908|13581|
20161226|190 |1|2|37858|2622|2804|1138|1309|2061|47792|
20161226|253 |0|1|15911|731|1311|1151|399|300|19803|
20161226|253 |0|2|69807|2759|1845|1968|2309|4280|82968|
20161226|253 |1|1|13362|683|1048|1007|516|1443|18059|
20161226|253 |1|2|59047|2830|1844|1833|2864|3750|72168|
20161226|254 |0|1|7330|426|657|914|627|203|10157|
20161226|254 |0|2|31100|1522|1265|867|3078|2134|39966|
20161226|254 |1|1|7215|443|669|763|567|830|10487|
20161226|254 |1|2|29105|1404|1048|628|2292|2027|36504|
20161226|651 |0|1|5729|146|228|168|68|150|6489|
20161226|651 |0|2|19644|619|928|216|475|1292|23174|
20161226|651 |1|1|6056|170|323|175|57|630|7411|
20161226|651 |1|2|21232|664|861|197|456|1415|24825|
20161226|685 |0|1|4080|373|916|988|1053|107|7517|
20161226|685 |0|2|16979|1153|1199|703|2852|1039|23925|
20161226|685 |1|1|3450|376|732|725|598|345|6226|
20161226|685 |1|2|15229|1208|1252|694|3055|1006|22444|
20161227|101 |0|1|17562|587|971|737|211|401|20469|
20161227|101 |0|2|65346|2727|8354|1256|923|3385|81991|
20161227|101 |1|1|16067|606|1064|1032|264|1454|20487|
20161227|101 |1|2|61951|3045|8629|1700|1381|3325|80031|
20161227|190 |0|1|9977|587|1069|960|275|184|13052|
20161227|190 |0|2|39186|2817|2925|1477|1449|2065|49919|
20161227|190 |1|1|9758|557|979|1054|360|837|13545|
20161227|190 |1|2|37160|2765|2862|1612|1587|1978|47964|
20161227|253 |0|1|14462|774|1365|1178|460|285|18524|
20161227|253 |0|2|65299|2944|2100|2043|2493|4071|78950|
20161227|253 |1|1|13234|810|1098|1312|635|1345|18434|
20161227|253 |1|2|58662|2957|2080|2160|3209|3731|72799|
20161227|254 |0|1|6382|430|682|921|634|199|9248|
20161227|254 |0|2|29214|1588|1232|911|3209|2038|38192|
20161227|254 |1|1|6791|433|684|848|607|765|10128|
20161227|254 |1|2|28312|1402|1035|715|2558|1906|35928|
20161227|651 |0|1|5145|156|221|189|58|131|5900|
20161227|651 |0|2|18154|633|909|230|358|1244|21528|
20161227|651 |1|1|5133|184|309|196|53|504|6379|
20161227|651 |1|2|18296|666|869|194|350|1257|21632|
20161227|685 |0|1|3594|384|914|1094|1179|96|7261|
20161227|685 |0|2|16029|1154|1276|744|2998|1007|23208|
20161227|685 |1|1|3410|366|780|858|628|357|6399|
20161227|685 |1|2|15016|1201|1225|782|3242|974|22440|
20161228|101 |0|1|17283|566|895|715|202|375|20036|
20161228|101 |0|2|64585|2620|8220|1210|1003|3340|80978|
20161228|101 |1|1|16179|613|1088|985|267|1525|20657|
20161228|101 |1|2|62210|2977|8450|1600|1426|3255|79918|
20161228|190 |0|1|10438|579|1012|1008|294|220|13551|
20161228|190 |0|2|40488|2792|2922|1440|1488|2162|51292|
20161228|190 |1|1|9350|576|903|1011|350|802|12992|
20161228|190 |1|2|34936|2596|2753|1529|1599|1814|45227|
20161228|253 |0|1|14483|784|1357|1157|461|287|18529|
20161228|253 |0|2|66277|2915|1993|2012|2610|4076|79883|
20161228|253 |1|1|13483|740|1146|1215|589|1422|18595|
20161228|253 |1|2|59562|2888|1929|2132|3207|3840|73558|
20161228|254 |0|1|6932|442|746|911|731|196|9958|
20161228|254 |0|2|30319|1554|1235|936|3243|2134|39421|
20161228|254 |1|1|7049|462|721|884|606|844|10566|
20161228|254 |1|2|29541|1411|1127|753|2523|1979|37334|
20161228|651 |0|1|5446|167|220|143|79|142|6197|
20161228|651 |0|2|18972|615|866|262|581|1296|22592|
20161228|651 |1|1|5203|193|293|157|65|482|6393|
20161228|651 |1|2|18632|641|861|206|510|1326|22176|
20161228|685 |0|1|3507|342|861|956|1024|98|6788|
20161228|685 |0|2|15332|1141|1203|752|2901|962|22291|
20161228|685 |1|1|3417|362|762|777|683|376|6377|
20161228|685 |1|2|15322|1164|1162|795|3172|1019|22634|
20161229|101 |0|1|17832|601|863|715|222|362|20595|
20161229|101 |0|2|64820|2572|8262|1143|905|3226|80928|
20161229|101 |1|1|16437|643|990|935|297|1399|20701|
20161229|101 |1|2|61161|2902|8473|1661|1273|3147|78617|
20161229|190 |0|1|10365|578|983|968|262|201|13357|
20161229|190 |0|2|40854|2772|2931|1376|1350|1992|51275|
20161229|190 |1|1|10292|587|895|1024|326|892|14016|
20161229|190 |1|2|39075|2714|2831|1477|1510|2023|49630|
20161229|253 |0|1|14238|788|1280|1099|427|267|18099|
20161229|253 |0|2|64496|2864|2022|1989|2507|3839|77717|
20161229|253 |1|1|13685|736|1110|1194|584|1374|18683|
20161229|253 |1|2|59092|2825|1963|2152|3152|3607|72791|
20161229|254 |0|1|6435|413|691|840|614|180|9173|
20161229|254 |0|2|29197|1523|1246|932|2965|2046|37909|
20161229|254 |1|1|6961|431|696|876|605|692|10261|
20161229|254 |1|2|28548|1347|1080|745|2363|1864|35947|
20161229|651 |0|1|6046|146|240|161|78|130|6801|
20161229|651 |0|2|20701|639|897|240|531|1296|24304|
20161229|651 |1|1|5437|188|308|163|70|543|6709|
20161229|651 |1|2|19182|660|856|213|470|1358|22739|
20161229|685 |0|1|3241|342|863|895|1024|77|6442|
20161229|685 |0|2|14368|1028|1191|703|2784|875|20949|
20161229|685 |1|1|3306|345|725|828|604|293|6101|
20161229|685 |1|2|14296|1147|1173|726|2987|893|21222|
20161230|101 |0|1|19698|543|833|648|210|337|22269|
20161230|101 |0|2|66706|2374|8910|1024|853|3298|83165|
20161230|101 |1|1|18299|569|986|901|257|1638|22650|
20161230|101 |1|2|64782|2770|9135|1450|1213|3351|82701|
20161230|190 |0|1|13199|512|843|852|287|202|15895|
20161230|190 |0|2|49243|2554|2890|1219|1363|2323|59592|
20161230|190 |1|1|12311|541|913|920|327|1057|16069|
20161230|190 |1|2|41581|2472|2611|1380|1403|2174|51621|
20161230|253 |0|1|16716|714|1122|1042|353|261|20208|
20161230|253 |0|2|69400|2477|1846|1805|2242|4124|81894|
20161230|253 |1|1|16001|606|1019|1089|558|1576|20849|
20161230|253 |1|2|64612|2515|1782|1934|2865|3912|77620|
20161230|254 |0|1|7647|368|623|742|592|178|10150|
20161230|254 |0|2|31410|1452|1135|807|2748|2057|39609|
20161230|254 |1|1|7943|405|686|751|551|852|11188|
20161230|254 |1|2|30553|1282|1045|657|2282|2000|37819|
20161230|651 |0|1|7757|132|187|174|54|152|8456|
20161230|651 |0|2|27147|556|872|231|587|1441|30834|
20161230|651 |1|1|6364|153|290|179|51|598|7635|
20161230|651 |1|2|21761|585|889|197|528|1396|25356|
20161230|685 |0|1|4355|309|724|806|937|115|7246|
20161230|685 |0|2|17377|990|1209|633|2805|982|23996|
20161230|685 |1|1|4388|306|670|695|634|441|7134|
20161230|685 |1|2|17304|1022|1140|734|3006|1026|24232|
20161231|101 |0|1|21782|281|415|245|84|287|23094|
20161231|101 |0|2|63319|1357|7656|483|385|2735|75935|
20161231|101 |1|1|20337|356|660|420|117|1740|23630|
20161231|101 |1|2|60970|1787|7858|834|527|2738|74714|
20161231|190 |0|1|15166|256|354|280|122|187|16365|
20161231|190 |0|2|47405|1228|2368|421|514|1911|53847|
20161231|190 |1|1|13325|235|356|433|121|1028|15498|
20161231|190 |1|2|41842|1330|2310|711|619|1791|48603|
20161231|253 |0|1|19720|360|451|347|181|209|21268|
20161231|253 |0|2|64654|1065|807|563|1215|3158|71462|
20161231|253 |1|1|17845|289|393|514|232|1656|20929|
20161231|253 |1|2|58573|1128|783|748|1494|2909|65635|
20161231|254 |0|1|9022|169|259|318|217|163|10148|
20161231|254 |0|2|29979|615|848|310|1127|1583|34462|
20161231|254 |1|1|9043|189|305|391|224|881|11033|
20161231|254 |1|2|28773|616|765|377|1091|1529|33151|
