20190601|101 |0|1|17392|212|533|252|82|180|18651|
20190601|101 |0|2|80163|1556|9150|840|587|3077|95373|
20190601|101 |1|1|15878|313|675|455|133|1384|18838|
20190601|101 |1|2|75348|1919|8942|1220|796|3019|91244|
20190601|190 |0|1|12121|199|599|293|114|79|13405|
20190601|190 |0|2|58755|1325|2350|649|991|2128|66198|
20190601|190 |1|1|10102|222|417|437|127|845|12150|
20190601|190 |1|2|51577|1445|2403|1061|1116|2048|59650|
20190601|253 |0|1|15577|218|508|369|124|202|16998|
20190601|253 |0|2|75592|1219|1182|691|1388|3375|83447|
20190601|253 |1|1|14032|217|449|497|187|1466|16848|
20190601|253 |1|2|71190|1416|1183|960|1835|3394|79978|
20190601|254 |0|1|7372|136|360|324|152|117|8461|
20190601|254 |0|2|37147|765|998|442|1265|1931|42548|
20190601|254 |1|1|7264|149|327|389|142|807|9078|
20190601|254 |1|2|36431|773|981|562|1190|1915|41852|
20190601|651 |0|1|9933|66|79|81|31|173|10363|
20190601|651 |0|2|46043|356|1253|179|245|1943|50019|
20190601|651 |1|1|7078|72|193|49|13|659|8064|
20190601|651 |1|2|36476|396|1227|131|181|1564|39975|
20190601|685 |0|1|5835|97|364|325|171|74|6866|
20190601|685 |0|2|25464|484|1327|488|1703|1139|30605|
20190601|685 |1|1|4259|98|350|358|167|415|5647|
20190601|685 |1|2|20438|501|1229|449|1630|892|25139|
20190602|101 |0|1|15857|125|384|180|26|166|16738|
20190602|101 |0|2|71497|866|7452|573|227|2852|83467|
20190602|101 |1|1|15626|171|526|309|69|1377|18078|
20190602|101 |1|2|71904|889|8070|979|295|2740|84877|
20190602|190 |0|1|9268|125|282|163|26|48|9912|
20190602|190 |0|2|44519|808|2188|447|215|1734|49911|
20190602|190 |1|1|10510|131|188|237|47|840|11953|
20190602|190 |1|2|52045|635|2001|583|206|1743|57213|
20190602|253 |0|1|14325|136|250|157|37|156|15061|
20190602|253 |0|2|65471|703|773|354|432|3078|70811|
20190602|253 |1|1|14082|120|180|183|65|1311|15941|
20190602|253 |1|2|66655|572|810|423|388|2863|71711|
20190602|254 |0|1|6708|52|128|116|65|79|7148|
20190602|254 |0|2|31818|329|761|214|302|1615|35039|
20190602|254 |1|1|7065|60|110|128|50|746|8159|
20190602|254 |1|2|32217|275|758|214|211|1599|35274|
20190602|651 |0|1|6204|37|75|31|8|92|6447|
20190602|651 |0|2|29335|171|1114|60|49|1303|32032|
20190602|651 |1|1|8433|39|98|54|10|737|9371|
20190602|651 |1|2|41321|224|1067|64|48|1679|44403|
20190602|685 |0|1|5260|58|152|120|55|72|5717|
20190602|685 |0|2|21186|230|1090|193|388|971|24058|
20190602|685 |1|1|4540|42|98|111|52|420|5263|
20190602|685 |1|2|19972|207|1024|180|338|794|22515|
20190603|101 |0|1|14257|327|901|576|154|255|16470|
20190603|101 |0|2|76124|2523|8832|1533|1023|3677|93712|
20190603|101 |1|1|12997|394|870|741|212|1348|16562|
20190603|101 |1|2|73985|2890|9041|1919|1309|3768|92912|
20190603|190 |0|1|8557|359|1109|960|191|101|11277|
20190603|190 |0|2|48818|2849|3067|1969|1796|2368|60867|
20190603|190 |1|1|7883|360|775|801|224|749|10792|
20190603|190 |1|2|44265|2689|3015|1833|1807|2143|55752|
20190603|253 |0|1|12067|382|1131|900|237|283|15000|
20190603|253 |0|2|72474|2636|2013|2093|2324|4043|85583|
20190603|253 |1|1|10510|393|930|870|311|1149|14163|
20190603|253 |1|2|65846|2748|2076|2124|3131|3747|79672|
20190603|254 |0|1|6006|247|807|908|318|142|8428|
20190603|254 |0|2|36668|1831|1389|1274|3118|2423|46703|
20190603|254 |1|1|5626|265|664|637|306|690|8188|
20190603|254 |1|2|32116|1443|1170|908|2545|2160|40342|
20190603|651 |0|1|5394|95|215|133|32|114|5983|
20190603|651 |0|2|27434|641|1150|301|482|1591|31599|
20190603|651 |1|1|5087|114|315|111|25|603|6255|
20190603|651 |1|2|27848|659|1037|249|440|1668|31901|
20190603|685 |0|1|4354|226|895|810|410|77|6772|
20190603|685 |0|2|19685|1281|1504|1087|3262|1105|27924|
20190603|685 |1|1|3143|268|814|714|383|307|5629|
20190603|685 |1|2|18963|1359|1548|925|2976|1161|26932|
20190604|101 |0|1|13214|374|869|641|167|291|15556|
20190604|101 |0|2|72515|2692|8934|1741|1113|3493|90488|
20190604|101 |1|1|11966|428|877|894|225|1300|15690|
20190604|101 |1|2|72068|3156|9246|2306|1547|3594|91917|
20190604|190 |0|1|7881|373|1297|1065|228|121|10965|
20190604|190 |0|2|47067|3051|3092|2115|2118|2208|59651|
20190604|190 |1|1|7421|409|899|1127|263|747|10866|
20190604|190 |1|2|45274|3073|3109|2424|2333|2220|58433|
20190604|253 |0|1|11110|466|1224|931|280|288|14299|
20190604|253 |0|2|69616|2855|2220|2183|2696|3990|83560|
20190604|253 |1|1|10229|439|1023|1013|416|1162|14282|
20190604|253 |1|2|66262|2987|2318|2503|3528|3850|81448|
20190604|254 |0|1|5455|276|843|974|395|127|8070|
20190604|254 |0|2|33865|1872|1494|1285|3423|2213|44152|
20190604|254 |1|1|5396|286|702|854|458|652|8348|
20190604|254 |1|2|32669|1595|1275|1083|2864|2190|41676|
20190604|651 |0|1|5032|104|217|181|54|104|5692|
20190604|651 |0|2|26583|715|1129|347|575|1571|30920|
20190604|651 |1|1|4883|128|312|140|46|516|6025|
20190604|651 |1|2|26444|713|1071|249|511|1601|30589|
20190604|685 |0|1|3359|231|887|873|468|83|5901|
20190604|685 |0|2|19059|1353|1551|1176|3703|1121|27963|
20190604|685 |1|1|2970|252|873|791|422|334|5642|
20190604|685 |1|2|18229|1430|1538|1105|3481|1099|26882|
20190605|101 |0|1|14424|340|899|553|166|238|16620|
20190605|101 |0|2|77396|2646|9337|1556|1076|3535|95546|
20190605|101 |1|1|13519|442|986|875|199|1385|17406|
20190605|101 |1|2|77422|3111|9724|2279|1555|3744|97835|
20190605|190 |0|1|9649|369|1243|945|219|121|12546|
20190605|190 |0|2|54348|2935|3214|1985|2065|2507|67054|
20190605|190 |1|1|8562|402|877|985|254|805|11885|
20190605|190 |1|2|50589|3016|3274|2337|2153|2467|63836|
20190605|253 |0|1|12580|464|1212|847|260|269|15632|
20190605|253 |0|2|76522|2855|2276|2120|2346|4273|90392|
20190605|253 |1|1|11711|516|1070|1104|402|1328|16131|
20190605|253 |1|2|73006|3042|2349|2510|3432|4281|88620|
20190605|254 |0|1|5994|287|828|892|402|157|8560|
20190605|254 |0|2|36400|1836|1437|1208|3348|2381|46610|
20190605|254 |1|1|5753|290|735|858|406|713|8755|
20190605|254 |1|2|35057|1585|1210|1128|2902|2190|44072|
20190605|651 |0|1|6627|102|206|172|41|144|7292|
20190605|651 |0|2|34493|714|1176|369|602|1819|39173|
20190605|651 |1|1|5044|135|343|125|45|543|6235|
20190605|651 |1|2|28526|713|1248|276|533|1734|33030|
20190605|685 |0|1|4109|262|927|922|514|91|6825|
20190605|685 |0|2|22707|1401|1710|1113|3819|1310|32060|
20190605|685 |1|1|3220|281|828|832|496|340|5997|
20190605|685 |1|2|19054|1530|1548|1144|3569|1122|27967|
20190606|101 |0|1|15641|227|656|371|100|156|17151|
20190606|101 |0|2|73005|1778|7643|1078|728|2526|86758|
20190606|101 |1|1|14996|315|693|642|130|1186|17962|
20190606|101 |1|2|69022|2091|7717|1561|1011|2521|83923|
20190606|190 |0|1|10806|210|736|555|150|82|12539|
20190606|190 |0|2|50685|1674|2247|1081|1220|1749|58656|
20190606|190 |1|1|9315|207|520|634|161|735|11572|
20190606|190 |1|2|46648|1675|2333|1444|1582|1751|55433|
20190606|253 |0|1|13132|233|647|465|165|183|14825|
20190606|253 |0|2|65012|1494|1302|1079|1658|2746|73291|
20190606|253 |1|1|12129|221|522|574|246|1205|14897|
20190606|253 |1|2|61252|1564|1308|1325|2366|2769|70584|
20190606|254 |0|1|6307|152|404|388|166|90|7507|
20190606|254 |0|2|34157|928|1085|597|1469|1723|39959|
20190606|254 |1|1|6297|151|352|417|157|693|8067|
20190606|254 |1|2|31909|780|907|623|1397|1678|37294|
20190606|651 |0|1|7891|74|114|133|26|96|8334|
20190606|651 |0|2|36116|392|1056|221|347|1358|39490|
20190606|651 |1|1|6880|101|312|78|34|629|8034|
20190606|651 |1|2|31465|416|988|151|304|1351|34675|
20190606|685 |0|1|4154|100|451|372|200|57|5334|
20190606|685 |0|2|19568|565|1153|537|1935|821|24579|
20190606|685 |1|1|3602|92|431|354|182|346|5007|
20190606|685 |1|2|17945|616|1230|571|1849|778|22989|
20190607|101 |0|1|14230|287|704|436|100|233|15990|
20190607|101 |0|2|71000|2284|8882|1344|880|3356|87746|
20190607|101 |1|1|12963|351|713|584|116|1272|15999|
20190607|101 |1|2|71876|2546|8992|1620|975|3435|89444|
20190607|190 |0|1|8656|255|819|677|135|101|10643|
20190607|190 |0|2|48853|2419|2846|1500|1191|2194|59003|
20190607|190 |1|1|8121|284|639|622|142|759|10567|
20190607|190 |1|2|47227|2504|2818|1442|1202|2195|57388|
20190607|253 |0|1|11960|308|840|675|175|267|14225|
20190607|253 |0|2|70876|2175|1882|1741|1710|3786|82170|
20190607|253 |1|1|10908|287|677|695|210|1245|14022|
20190607|253 |1|2|66187|2209|1911|1768|2060|3744|77879|
20190607|254 |0|1|5648|215|620|695|287|119|7584|
20190607|254 |0|2|33895|1485|1308|1000|2354|2231|42273|
20190607|254 |1|1|5588|209|531|657|230|673|7888|
20190607|254 |1|2|32170|1221|1145|814|1996|2091|39437|
20190607|651 |0|1|6421|74|174|115|23|132|6939|
20190607|651 |0|2|34044|565|1032|240|291|1658|37830|
20190607|651 |1|1|5999|95|263|98|32|630|7117|
20190607|651 |1|2|31800|572|968|213|292|1688|35533|
20190607|685 |0|1|4034|202|707|667|335|82|6027|
20190607|685 |0|2|21695|1068|1540|890|2513|1197|28903|
20190607|685 |1|1|3267|196|612|608|322|340|5345|
20190607|685 |1|2|19119|1165|1469|814|2383|1095|26045|
20190608|101 |0|1|18258|205|452|285|84|180|19464|
20190608|101 |0|2|79444|1537|8811|794|666|2906|94158|
20190608|101 |1|1|17053|288|624|463|121|1456|20005|
20190608|101 |1|2|78091|1883|8721|1148|918|2959|93720|
20190608|190 |0|1|11746|185|580|426|85|95|13117|
20190608|190 |0|2|57332|1338|2306|831|1029|2049|64885|
20190608|190 |1|1|10748|186|440|530|103|881|12888|
20190608|190 |1|2|54784|1447|2276|1234|1235|1988|62964|
20190608|253 |0|1|15516|217|476|384|136|199|16928|
20190608|253 |0|2|74374|1186|1015|701|1289|3453|82018|
20190608|253 |1|1|14341|213|434|491|193|1369|17041|
20190608|253 |1|2|72162|1312|1052|989|1880|3330|80725|
20190608|254 |0|1|7518|128|321|359|134|106|8566|
20190608|254 |0|2|38531|790|1109|491|1397|1935|44253|
20190608|254 |1|1|7042|140|330|383|129|791|8815|
20190608|254 |1|2|34815|711|920|542|1272|1905|40165|
20190608|651 |0|1|9855|67|95|88|14|147|10266|
20190608|651 |0|2|44980|366|1203|181|249|1765|48744|
20190608|651 |1|1|8141|78|240|83|16|712|9270|
20190608|651 |1|2|39771|391|1039|106|182|1623|43112|
20190608|685 |0|1|5511|75|334|310|184|85|6499|
20190608|685 |0|2|23630|456|1142|439|1498|1002|28167|
20190608|685 |1|1|4557|89|323|336|177|427|5909|
20190608|685 |1|2|20975|494|1147|432|1561|920|25529|
20190609|101 |0|1|15589|135|319|171|25|148|16387|
20190609|101 |0|2|70450|860|7508|519|216|2693|82246|
20190609|101 |1|1|16277|179|496|331|51|1371|18705|
20190609|101 |1|2|73924|906|8280|887|289|2732|87018|
20190609|190 |0|1|9094|91|274|174|34|75|9742|
20190609|190 |0|2|43059|696|2076|428|298|1665|48222|
20190609|190 |1|1|11003|110|183|235|33|917|12481|
20190609|190 |1|2|53815|538|1838|524|294|1813|58822|
20190609|253 |0|1|13211|118|226|160|42|156|13913|
20190609|253 |0|2|64417|644|826|356|406|2979|69628|
20190609|253 |1|1|14315|114|172|171|56|1384|16212|
20190609|253 |1|2|68511|542|813|383|381|2794|73424|
20190609|254 |0|1|6427|68|113|120|34|81|6843|
20190609|254 |0|2|31210|337|750|200|290|1570|34357|
20190609|254 |1|1|6534|67|104|108|25|691|7529|
20190609|254 |1|2|30567|270|767|178|196|1513|33491|
20190609|651 |0|1|6153|46|55|31|9|105|6399|
20190609|651 |0|2|28173|175|1137|63|51|1235|30834|
20190609|651 |1|1|8796|45|112|69|8|717|9747|
20190609|651 |1|2|41801|215|1016|65|44|1493|44634|
20190609|685 |0|1|5062|50|148|121|56|59|5496|
20190609|685 |0|2|21062|235|1157|210|556|961|24181|
20190609|685 |1|1|4543|44|116|113|65|412|5293|
20190609|685 |1|2|21217|214|1021|173|459|798|23882|
20190610|101 |0|1|14000|295|821|545|129|243|16033|
20190610|101 |0|2|74258|2480|8654|1516|1012|3667|91587|
20190610|101 |1|1|12820|368|830|747|180|1378|16323|
20190610|101 |1|2|73538|2828|8881|1744|1257|3750|91998|
20190610|190 |0|1|8353|345|1100|822|210|107|10937|
20190610|190 |0|2|47502|2723|2950|1829|1431|2295|58730|
20190610|190 |1|1|7863|354|761|732|213|719|10642|
20190610|190 |1|2|44053|2580|2926|1633|1459|2177|54828|
20190610|253 |0|1|11407|364|1070|872|225|253|14191|
20190610|253 |0|2|70694|2460|1960|1832|2044|4108|83098|
20190610|253 |1|1|10080|381|910|858|313|1143|13685|
20190610|253 |1|2|64378|2561|2095|1971|2564|3812|77381|
20190610|254 |0|1|5552|260|785|803|351|132|7883|
20190610|254 |0|2|35677|1721|1379|1202|3039|2350|45368|
20190610|254 |1|1|5436|237|655|698|281|650|7957|
20190610|254 |1|2|31762|1429|1192|877|2552|2136|39948|
20190610|651 |0|1|5078|89|220|110|36|118|5651|
20190610|651 |0|2|25963|633|1040|307|465|1544|29952|
20190610|651 |1|1|5143|103|300|128|33|554|6261|
20190610|651 |1|2|27341|653|1009|270|392|1651|31316|
20190610|685 |0|1|4164|231|880|840|420|87|6622|
20190610|685 |0|2|20454|1299|1546|1089|3034|1137|28559|
20190610|685 |1|1|3085|223|747|676|380|345|5456|
20190610|685 |1|2|18379|1353|1443|873|2743|1133|25924|
20190611|101 |0|1|12985|309|888|587|153|238|15160|
20190611|101 |0|2|71914|2522|8710|1575|1101|3521|89343|
20190611|101 |1|1|12319|399|901|935|233|1281|16068|
20190611|101 |1|2|73658|3029|9084|2216|1615|3682|93284|
20190611|190 |0|1|7947|360|1194|896|231|113|10741|
20190611|190 |0|2|46569|2957|3133|2009|1988|2245|58901|
20190611|190 |1|1|7687|376|868|1088|283|752|11054|
20190611|190 |1|2|44547|2952|3122|2297|2070|2249|57237|
20190611|253 |0|1|11179|411|1203|935|236|254|14218|
20190611|253 |0|2|69721|2778|2219|2182|2331|3947|83178|
20190611|253 |1|1|10208|434|972|1073|333|1196|14216|
20190611|253 |1|2|65973|3018|2291|2583|3041|3722|80628|
20190611|254 |0|1|5404|280|836|994|466|147|8127|
20190611|254 |0|2|34625|1817|1429|1297|3179|2387|44734|
20190611|254 |1|1|5397|261|758|886|358|666|8326|
20190611|254 |1|2|32698|1595|1293|1100|2864|2176|41726|
20190611|651 |0|1|5044|134|239|172|37|113|5739|
20190611|651 |0|2|27002|683|1199|356|547|1539|31326|
20190611|651 |1|1|4797|136|313|125|43|529|5943|
20190611|651 |1|2|26592|708|1165|251|476|1569|30761|
20190611|685 |0|1|3537|230|868|933|497|78|6143|
20190611|685 |0|2|19099|1309|1657|1148|3511|1054|27778|
20190611|685 |1|1|3006|276|792|805|446|337|5662|
20190611|685 |1|2|18143|1371|1558|1023|3270|1086|26451|
20190612|101 |0|1|13390|346|854|525|168|257|15540|
20190612|101 |0|2|73589|2610|8907|1567|1129|3566|91368|
20190612|101 |1|1|12853|450|889|809|232|1291|16524|
20190612|101 |1|2|75859|3051|9242|2145|1597|3713|95607|
20190612|190 |0|1|7860|326|1131|895|196|131|10539|
20190612|190 |0|2|62571|3339|3530|1887|2037|2730|76094|
20190612|190 |1|1|7546|363|863|996|264|688|10720|
20190612|190 |1|2|44423|2894|2965|2025|2154|2035|56496|
20190612|253 |0|1|11208|409|1143|889|241|238|14128|
20190612|253 |0|2|69176|2678|2220|2075|2434|3843|82426|
20190612|253 |1|1|10035|454|954|1031|389|1108|13971|
20190612|253 |1|2|63160|2713|2239|2326|3081|3609|77128|
20190612|254 |0|1|5164|292|802|882|467|137|7744|
20190612|254 |0|2|33426|1754|1428|1198|3151|2264|43221|
20190612|254 |1|1|5363|261|760|820|348|679|8231|
20190612|254 |1|2|32742|1583|1225|1037|2702|2154|41443|
20190612|651 |0|1|4958|96|218|172|54|100|5598|
20190612|651 |0|2|26825|735|1170|377|559|1492|31158|
20190612|651 |1|1|4840|129|334|131|50|505|5989|
20190612|651 |1|2|27347|716|1140|288|460|1620|31571|
20190612|685 |0|1|3411|256|856|852|460|74|5909|
20190612|685 |0|2|19380|1311|1600|1207|3550|1145|28193|
20190612|685 |1|1|2939|259|793|781|406|355|5533|
20190612|685 |1|2|18809|1424|1582|1079|3272|1088|27254|
20190613|101 |0|1|13668|331|898|571|168|264|15900|
20190613|101 |0|2|75472|2723|8993|1544|1260|3548|93540|
20190613|101 |1|1|12738|424|952|868|215|1276|16473|
20190613|101 |1|2|75738|3016|9297|2164|1603|3703|95521|
20190613|190 |0|1|7839|344|1175|918|199|108|10583|
20190613|190 |0|2|46889|2905|3221|1978|1984|2214|59191|
20190613|190 |1|1|7653|389|871|1006|208|748|10875|
20190613|190 |1|2|46302|2935|3198|2272|1995|2159|58861|
20190613|253 |0|1|11093|404|1140|895|253|263|14048|
20190613|253 |0|2|69953|2695|2296|2114|2593|4056|83707|
20190613|253 |1|1|10445|433|1015|1014|366|1173|14446|
20190613|253 |1|2|67789|2900|2246|2383|3296|3816|82430|
20190613|254 |0|1|5318|266|797|880|353|118|7732|
20190613|254 |0|2|33590|1723|1382|1157|3234|2228|43314|
20190613|254 |1|1|5401|262|724|775|331|643|8136|
20190613|254 |1|2|32627|1477|1233|1016|2768|2084|41205|
20190613|651 |0|1|5382|113|203|174|47|125|6044|
20190613|651 |0|2|28323|696|1232|362|614|1562|32789|
20190613|651 |1|1|5107|108|336|134|41|565|6291|
20190613|651 |1|2|28151|737|1204|269|569|1641|32571|
20190613|685 |0|1|3388|243|838|864|448|72|5853|
20190613|685 |0|2|20003|1348|1572|1187|3501|1147|28758|
20190613|685 |1|1|3087|263|842|811|444|322|5769|
20190613|685 |1|2|19143|1465|1510|1091|3281|1123|27613|
20190614|101 |0|1|15187|342|779|547|149|246|17250|
20190614|101 |0|2|76969|2581|9574|1464|1121|3484|95193|
20190614|101 |1|1|14217|416|872|833|207|1401|17946|
20190614|101 |1|2|80442|2977|10108|2092|1462|3789|100870|
20190614|190 |0|1|9458|289|1177|866|222|129|12141|
20190614|190 |0|2|54623|2871|3117|1822|1761|2439|66633|
20190614|190 |1|1|8685|376|805|996|250|857|11969|
20190614|190 |1|2|51587|2915|3143|2160|1916|2463|64184|
20190614|253 |0|1|12822|419|1158|876|236|266|15777|
20190614|253 |0|2|78449|2753|2204|2009|2490|4213|92118|
20190614|253 |1|1|12261|457|960|1035|330|1410|16453|
20190614|253 |1|2|74832|2836|2227|2311|3280|4327|89813|
20190614|254 |0|1|5921|246|773|758|348|127|8173|
20190614|254 |0|2|35974|1698|1427|1095|2974|2337|45505|
20190614|254 |1|1|5849|226|673|806|296|728|8578|
20190614|254 |1|2|34415|1477|1226|1036|2635|2232|43021|
20190614|651 |0|1|6717|99|230|150|54|140|7390|
20190614|651 |0|2|36643|708|1232|334|513|1850|41280|
20190614|651 |1|1|5367|119|334|162|38|589|6609|
20190614|651 |1|2|30408|736|1218|279|435|1701|34777|
20190614|685 |0|1|4260|249|916|842|465|92|6824|
20190614|685 |0|2|23593|1368|1698|1186|3561|1310|32716|
20190614|685 |1|1|3487|251|810|797|431|374|6150|
20190614|685 |1|2|20256|1466|1483|1044|3332|1195|28776|
20190615|101 |0|1|17890|196|483|277|70|174|19090|
20190615|101 |0|2|80901|1595|8845|800|686|2965|95792|
20190615|101 |1|1|16295|303|669|511|90|1439|19307|
20190615|101 |1|2|78608|1971|8821|1158|949|3147|94654|
20190615|190 |0|1|12186|168|560|304|73|75|13366|
20190615|190 |0|2|59238|1351|2392|687|856|2172|66696|
20190615|190 |1|1|10318|203|399|457|84|964|12425|
20190615|190 |1|2|52119|1461|2365|1061|1007|1967|59980|
20190615|253 |0|1|15683|210|520|345|129|199|17086|
20190615|253 |0|2|76933|1204|1387|865|1401|3434|85224|
20190615|253 |1|1|13984|241|487|463|196|1388|16759|
20190615|253 |1|2|72584|1360|1362|1155|1916|3295|81672|
20190615|254 |0|1|7486|129|363|318|155|96|8547|
20190615|254 |0|2|37836|775|1056|481|1266|1949|43363|
20190615|254 |1|1|7520|138|330|419|132|808|9347|
20190615|254 |1|2|36407|707|989|571|1155|1922|41751|
20190615|651 |0|1|9927|79|108|91|25|152|10382|
20190615|651 |0|2|46123|427|1218|176|217|1800|49961|
20190615|651 |1|1|7153|109|201|61|14|757|8295|
20190615|651 |1|2|37329|461|1203|107|185|1696|40981|
20190615|685 |0|1|6002|95|401|331|189|85|7103|
20190615|685 |0|2|26311|484|1286|494|1597|1115|31287|
20190615|685 |1|1|4661|86|376|372|162|457|6114|
20190615|685 |1|2|21353|514|1220|515|1569|1003|26174|
20190616|101 |0|1|15573|112|347|170|33|139|16374|
20190616|101 |0|2|71603|854|7382|536|225|2726|83326|
20190616|101 |1|1|15278|179|479|315|50|1328|17629|
20190616|101 |1|2|71465|923|7886|854|276|2665|84069|
20190616|190 |0|1|9210|83|307|182|43|47|9872|
20190616|190 |0|2|44478|816|2181|447|273|1678|49873|
20190616|190 |1|1|10447|129|163|260|38|839|11876|
20190616|190 |1|2|52073|651|1993|580|250|1771|57318|
20190616|253 |0|1|13822|108|262|142|45|166|14545|
20190616|253 |0|2|65486|706|807|338|436|3108|70881|
20190616|253 |1|1|13806|110|158|216|55|1276|15621|
20190616|253 |1|2|65709|599|788|441|428|2789|70754|
20190616|254 |0|1|6465|58|134|132|49|85|6923|
20190616|254 |0|2|31485|363|832|216|367|1632|34895|
20190616|254 |1|1|6735|58|123|151|27|719|7813|
20190616|254 |1|2|31382|275|765|205|240|1569|34436|
20190616|651 |0|1|6885|23|57|47|4|111|7127|
20190616|651 |0|2|32052|206|1158|64|95|1314|34889|
20190616|651 |1|1|8452|49|115|61|9|797|9483|
20190616|651 |1|2|40670|249|1019|76|75|1547|43636|
20190616|685 |0|1|5173|62|165|132|67|69|5668|
20190616|685 |0|2|21187|239|1099|193|484|923|24125|
20190616|685 |1|1|4641|43|97|101|64|406|5352|
20190616|685 |1|2|20301|219|996|192|355|771|22834|
20190617|101 |0|1|14230|320|800|563|183|248|16344|
20190617|101 |0|2|75023|2395|8564|1422|1021|3578|92003|
20190617|101 |1|1|12951|407|802|694|178|1369|16401|
20190617|101 |1|2|74784|2802|8890|1793|1313|3663|93245|
20190617|190 |0|1|8771|332|1172|894|226|132|11527|
20190617|190 |0|2|50054|2737|2904|2016|1793|2430|61934|
20190617|190 |1|1|8066|326|810|844|213|772|11031|
20190617|190 |1|2|45866|2638|2895|1804|1823|2236|57262|
20190617|253 |0|1|11816|411|1136|891|258|262|14774|
20190617|253 |0|2|71853|2546|1959|1980|2320|4062|84720|
20190617|253 |1|1|10678|434|928|877|321|1205|14443|
20190617|253 |1|2|67086|2744|2118|2156|3177|3844|81125|
20190617|254 |0|1|5899|245|816|865|398|114|8337|
20190617|254 |0|2|36551|1768|1360|1216|3137|2470|46502|
20190617|254 |1|1|5629|242|643|708|309|637|8168|
20190617|254 |1|2|32928|1459|1188|898|2693|2173|41339|
20190617|651 |0|1|5551|100|220|157|42|114|6184|
20190617|651 |0|2|28320|646|1058|305|459|1600|32388|
20190617|651 |1|1|5378|112|271|152|34|659|6606|
20190617|651 |1|2|29808|664|1030|279|420|1772|33973|
20190617|685 |0|1|4619|229|893|858|451|84|7134|
20190617|685 |0|2|19809|1285|1556|1072|3332|1099|28153|
20190617|685 |1|1|3223|234|767|685|346|337|5592|
20190617|685 |1|2|18468|1310|1466|866|2929|1126|26165|
20190618|101 |0|1|13237|329|824|634|120|219|15363|
20190618|101 |0|2|73148|2598|8684|1582|1065|3530|90607|
20190618|101 |1|1|12606|410|833|860|218|1248|16175|
20190618|101 |1|2|73874|2991|8961|2041|1398|3650|92915|
20190618|190 |0|1|7770|297|1165|917|188|108|10445|
20190618|190 |0|2|45476|2881|2992|1922|1776|2143|57190|
20190618|190 |1|1|7687|340|794|1051|206|705|10783|
20190618|190 |1|2|44928|2865|3023|2273|1955|2112|57156|
20190618|253 |0|1|11198|433|1146|905|260|237|14179|
20190618|253 |0|2|69685|2701|2218|2107|2621|3891|83223|
20190618|253 |1|1|10367|442|997|1021|358|1156|14341|
20190618|253 |1|2|66831|2828|2240|2473|3419|3811|81602|
20190618|254 |0|1|5547|250|798|864|408|124|7991|
20190618|254 |0|2|34238|1734|1478|1244|3242|2267|44203|
20190618|254 |1|1|5400|263|711|855|357|634|8220|
20190618|254 |1|2|32491|1539|1271|1085|2933|2075|41394|
20190618|651 |0|1|4945|87|201|165|51|121|5570|
20190618|651 |0|2|26512|683|1115|349|495|1523|30677|
20190618|651 |1|1|4857|104|268|134|57|530|5950|
20190618|651 |1|2|27170|710|1094|268|405|1582|31229|
20190618|685 |0|1|3280|223|863|839|422|61|5688|
20190618|685 |0|2|19347|1299|1551|1120|3470|1134|27921|
20190618|685 |1|1|3017|246|801|738|382|327|5511|
20190618|685 |1|2|18715|1370|1575|1053|3107|1151|26971|
20190619|101 |0|1|12651|307|743|528|158|223|14610|
20190619|101 |0|2|68242|2430|8711|1495|967|3197|85042|
20190619|101 |1|1|12774|416|846|786|209|1250|16281|
20190619|101 |1|2|76581|2958|9048|2029|1301|3703|95620|
20190619|190 |0|1|7591|299|1112|908|172|105|10187|
20190619|190 |0|2|46145|2838|3048|2005|1701|2203|57940|
20190619|190 |1|1|7390|339|834|954|170|708|10395|
20190619|190 |1|2|44664|2780|3016|2270|1921|2126|56777|
20190619|253 |0|1|11123|381|1127|870|236|270|14007|
20190619|253 |0|2|70170|2597|2174|2078|2483|3906|83408|
20190619|253 |1|1|10231|410|907|954|319|1181|14002|
20190619|253 |1|2|66354|2783|2213|2380|3118|3793|80641|
20190619|254 |0|1|5298|285|743|812|370|131|7639|
20190619|254 |0|2|33719|1652|1325|1128|3132|2230|43186|
20190619|254 |1|1|5435|267|728|783|344|649|8206|
20190619|254 |1|2|32963|1495|1171|1008|2796|2166|41599|
20190619|651 |0|1|5068|109|223|226|80|114|5820|
20190619|651 |0|2|26896|639|1075|325|396|1595|30926|
20190619|651 |1|1|4661|104|264|109|32|530|5700|
20190619|651 |1|2|26806|678|1076|273|400|1588|30821|
20190619|685 |0|1|3454|230|893|844|402|79|5902|
20190619|685 |0|2|19947|1315|1635|1146|3357|1158|28558|
20190619|685 |1|1|2948|255|769|759|377|323|5431|
20190619|685 |1|2|17332|1297|1463|1026|3093|1007|25218|
20190620|101 |0|1|13878|321|836|567|166|225|15993|
20190620|101 |0|2|74515|2745|8805|1477|1110|3533|92185|
20190620|101 |1|1|13243|416|869|826|234|1341|16929|
20190620|101 |1|2|76724|3109|9120|2106|1479|3739|96277|
20190620|190 |0|1|8444|374|1217|959|231|84|11309|
20190620|190 |0|2|48572|2869|3120|1984|1962|2203|60710|
20190620|190 |1|1|8062|379|900|988|250|726|11305|
20190620|190 |1|2|47537|2987|3058|2201|2154|2208|60145|
20190620|253 |0|1|11163|429|1118|863|259|241|14073|
20190620|253 |0|2|68901|2659|2232|2022|2553|3949|82316|
20190620|253 |1|1|11130|447|989|1032|388|1181|15167|
20190620|253 |1|2|69612|2915|2265|2398|3486|3942|84618|
20190620|254 |0|1|5584|294|806|908|419|124|8135|
20190620|254 |0|2|34657|1744|1469|1262|3411|2294|44837|
20190620|254 |1|1|5560|311|727|809|363|709|8479|
20190620|254 |1|2|33374|1507|1245|1001|2959|2129|42215|
20190620|651 |0|1|5581|121|245|158|40|115|6260|
20190620|651 |0|2|29413|705|1163|354|543|1628|33806|
20190620|651 |1|1|5102|127|293|140|48|551|6261|
20190620|651 |1|2|28386|723|1137|293|488|1652|32679|
20190620|685 |0|1|3439|231|856|863|426|75|5890|
20190620|685 |0|2|19677|1299|1493|1057|3338|1065|27929|
20190620|685 |1|1|3124|260|837|785|402|343|5751|
20190620|685 |1|2|18745|1359|1578|1017|3254|1145|27098|
20190621|101 |0|1|14771|339|838|555|167|238|16908|
20190621|101 |0|2|78400|2533|9303|1460|1237|3528|96461|
20190621|101 |1|1|14192|419|924|802|221|1512|18070|
20190621|101 |1|2|81395|2939|9623|2001|1511|3953|101422|
20190621|190 |0|1|9795|335|1133|803|187|113|12366|
20190621|190 |0|2|55419|2786|2995|1749|1852|2473|67274|
20190621|190 |1|1|9694|402|899|934|216|883|13028|
20190621|190 |1|2|51759|2767|2784|1992|1987|2418|63707|
20190621|253 |0|1|12974|421|1129|810|207|291|15832|
20190621|253 |0|2|77712|2648|2115|1920|2538|4227|91160|
20190621|253 |1|1|12367|439|993|964|325|1452|16540|
20190621|253 |1|2|75753|2883|2155|2339|3280|4296|90706|
20190621|254 |0|1|5950|277|783|780|341|131|8262|
20190621|254 |0|2|36905|1663|1450|1111|3193|2398|46720|
20190621|254 |1|1|6130|243|706|824|328|696|8927|
20190621|254 |1|2|36069|1470|1261|996|2836|2340|44972|
20190621|651 |0|1|7130|105|230|151|38|134|7788|
20190621|651 |0|2|37401|674|1257|359|533|1942|42166|
20190621|651 |1|1|5543|139|329|121|34|602|6768|
20190621|651 |1|2|30077|673|1207|296|465|1811|34529|
20190621|685 |0|1|4446|228|858|856|414|106|6908|
20190621|685 |0|2|24151|1281|1632|1139|3283|1328|32814|
20190621|685 |1|1|3711|255|840|759|389|379|6333|
20190621|685 |1|2|21409|1304|1469|1036|3129|1208|29555|
20190622|101 |0|1|17462|219|489|265|88|185|18708|
20190622|101 |0|2|79230|1504|8736|786|626|2875|93757|
20190622|101 |1|1|16261|293|694|472|127|1477|19324|
20190622|101 |1|2|77290|1892|8757|1116|848|3028|92931|
20190622|190 |0|1|12741|196|512|386|79|93|14007|
20190622|190 |0|2|61183|1316|2259|731|944|2272|68705|
20190622|190 |1|1|10836|208|372|477|112|956|12961|
20190622|190 |1|2|54424|1425|2323|1105|1145|2116|62538|
20190622|253 |0|1|15916|210|463|376|116|188|17269|
20190622|253 |0|2|77502|1204|1065|674|1477|3524|85446|
20190622|253 |1|1|13765|220|444|463|155|1409|16456|
20190622|253 |1|2|71017|1314|1132|936|2089|3454|79942|
20190622|254 |0|1|7646|136|321|352|151|112|8718|
20190622|254 |0|2|38388|747|1062|455|1396|1995|44043|
20190622|254 |1|1|7398|161|315|386|145|816|9221|
20190622|254 |1|2|36558|705|954|524|1459|1911|42111|
20190622|651 |0|1|10315|69|90|100|23|154|10751|
20190622|651 |0|2|47211|375|1166|191|265|1966|51174|
20190622|651 |1|1|7460|72|202|65|21|714|8534|
20190622|651 |1|2|38143|411|1165|118|213|1653|41703|
20190622|685 |0|1|6016|84|324|310|162|77|6973|
20190622|685 |0|2|26516|470|1207|438|1643|1109|31383|
20190622|685 |1|1|4689|82|350|348|171|394|6034|
20190622|685 |1|2|21327|502|1108|423|1696|998|26054|
20190623|101 |0|1|16089|132|280|187|43|133|16864|
20190623|101 |0|2|73577|813|7184|477|232|2819|85102|
20190623|101 |1|1|15680|178|470|284|76|1307|17995|
20190623|101 |1|2|72097|835|7720|750|239|2727|84368|
20190623|190 |0|1|9418|100|286|170|22|67|10063|
20190623|190 |0|2|45584|720|1941|444|282|1720|50691|
20190623|190 |1|1|10792|114|189|238|42|896|12271|
20190623|190 |1|2|52943|587|1690|604|278|1884|57986|
20190623|253 |0|1|14107|135|251|141|52|169|14855|
20190623|253 |0|2|67002|662|688|347|502|3080|72281|
20190623|253 |1|1|14257|107|166|236|69|1376|16211|
20190623|253 |1|2|67635|567|679|382|485|2884|72632|
20190623|254 |0|1|6820|63|103|120|38|83|7227|
20190623|254 |0|2|32800|344|720|186|318|1656|36024|
20190623|254 |1|1|7020|58|124|115|36|729|8082|
20190623|254 |1|2|32260|292|739|176|245|1577|35289|
20190623|651 |0|1|7633|42|77|24|17|94|7887|
20190623|651 |0|2|34063|186|1114|67|87|1426|36943|
20190623|651 |1|1|9290|48|217|59|22|863|10499|
20190623|651 |1|2|41943|206|900|65|76|1665|44855|
20190623|685 |0|1|5490|49|133|125|58|60|5915|
20190623|685 |0|2|22060|242|1109|178|462|944|24995|
20190623|685 |1|1|4758|50|105|95|63|437|5508|
20190623|685 |1|2|21022|198|985|135|399|779|23518|
20190624|101 |0|1|14169|282|772|541|152|272|16188|
20190624|101 |0|2|75244|2436|8411|1467|996|3559|92113|
20190624|101 |1|1|13094|363|853|651|204|1376|16541|
20190624|101 |1|2|74974|2866|8636|1814|1320|3789|93399|
20190624|190 |0|1|8633|335|1088|962|188|125|11331|
20190624|190 |0|2|49341|2814|2778|2058|1919|2349|61259|
20190624|190 |1|1|8138|390|763|871|214|769|11145|
20190624|190 |1|2|45946|2710|2782|1925|1858|2220|57441|
20190624|253 |0|1|12150|362|1115|881|232|239|14979|
20190624|253 |0|2|71667|2506|1888|2033|2271|4047|84412|
20190624|253 |1|1|10799|438|905|933|336|1254|14665|
20190624|253 |1|2|67698|2687|2003|2124|3056|3984|81552|
20190624|254 |0|1|5900|287|848|914|345|142|8436|
20190624|254 |0|2|37380|1788|1343|1231|3195|2517|47454|
20190624|254 |1|1|5545|246|666|751|315|661|8184|
20190624|254 |1|2|32553|1421|1137|879|2806|2147|40943|
20190624|651 |0|1|5910|115|240|149|48|121|6583|
20190624|651 |0|2|29544|709|1059|332|484|1773|33901|
20190624|651 |1|1|5751|119|330|158|36|632|7026|
20190624|651 |1|2|30669|694|984|329|429|1887|34992|
20190624|685 |0|1|4360|248|803|834|450|71|6766|
20190624|685 |0|2|19152|1168|1454|1098|3265|1019|27156|
20190624|685 |1|1|3102|259|752|649|409|311|5482|
20190624|685 |1|2|18311|1288|1426|871|2891|1143|25930|
20190625|101 |0|1|13430|361|880|576|150|243|15640|
20190625|101 |0|2|73792|2673|8610|1611|1121|3593|91400|
20190625|101 |1|1|12634|420|908|873|210|1279|16324|
20190625|101 |1|2|74628|3062|8890|2179|1592|3716|94067|
20190625|190 |0|1|7909|332|1145|956|216|119|10677|
20190625|190 |0|2|46212|2971|2945|2055|2081|2220|58484|
20190625|190 |1|1|7581|406|810|1067|290|727|10881|
20190625|190 |1|2|43985|2970|2879|2384|2305|2235|56758|
20190625|253 |0|1|11520|408|1179|902|247|222|14478|
20190625|253 |0|2|69875|2845|2183|2182|2623|3965|83673|
20190625|253 |1|1|10747|434|1005|1047|396|1203|14832|
20190625|253 |1|2|67962|2967|2180|2519|3361|4007|82996|
20190625|254 |0|1|5365|292|799|883|400|120|7859|
20190625|254 |0|2|33464|1733|1326|1273|3290|2238|43324|
20190625|254 |1|1|5518|299|754|804|397|682|8454|
20190625|254 |1|2|32664|1561|1216|1036|2933|2056|41466|
20190625|651 |0|1|5577|122|232|159|44|123|6257|
20190625|651 |0|2|28348|737|1117|371|585|1659|32817|
20190625|651 |1|1|5280|137|308|122|44|573|6464|
20190625|651 |1|2|28329|749|1069|321|523|1676|32667|
20190625|685 |0|1|3517|250|921|942|691|66|6387|
20190625|685 |0|2|19302|1312|1581|1226|3375|1111|27907|
20190625|685 |1|1|3034|276|794|808|499|331|5742|
20190625|685 |1|2|18171|1372|1522|1101|3295|1143|26604|
20190626|101 |0|1|13278|337|796|590|147|233|15381|
20190626|101 |0|2|73226|2594|8519|1530|1067|3544|90480|
20190626|101 |1|1|12869|427|879|783|207|1300|16465|
20190626|101 |1|2|74729|2998|8895|2053|1466|3598|93739|
20190626|190 |0|1|7665|321|1156|960|179|105|10386|
20190626|190 |0|2|46491|2915|2915|1912|1924|2218|58375|
20190626|190 |1|1|7620|388|853|1002|237|721|10821|
20190626|190 |1|2|44975|2968|2833|2303|2123|2155|57357|
20190626|253 |0|1|11371|417|1140|894|281|259|14362|
20190626|253 |0|2|70888|2811|2055|2066|2544|3975|84339|
20190626|253 |1|1|10682|467|1023|976|380|1219|14747|
20190626|253 |1|2|66747|2837|2153|2401|3429|3932|81499|
20190626|254 |0|1|5551|295|812|941|381|136|8116|
20190626|254 |0|2|33938|1709|1382|1239|3185|2302|43755|
20190626|254 |1|1|5450|283|699|813|327|710|8282|
20190626|254 |1|2|32008|1493|1122|979|2710|2128|40440|
20190626|651 |0|1|5516|97|231|140|57|109|6150|
20190626|651 |0|2|28088|706|1077|353|511|1677|32412|
20190626|651 |1|1|5243|117|291|150|49|608|6458|
20190626|651 |1|2|28441|736|1058|292|438|1746|32711|
20190626|685 |0|1|3615|232|907|845|434|77|6110|
20190626|685 |0|2|19677|1283|1579|1156|3523|1154|28372|
20190626|685 |1|1|3131|304|875|824|438|316|5888|
20190626|685 |1|2|18812|1358|1566|1075|3486|1088|27385|
20190627|101 |0|1|13112|335|739|507|121|186|15000|
20190627|101 |0|2|71803|2576|8407|1507|950|3416|88659|
20190627|101 |1|1|12630|407|816|769|169|1259|16050|
20190627|101 |1|2|74554|2975|8728|2080|1331|3713|93381|
20190627|190 |0|1|8056|316|1129|839|180|130|10650|
20190627|190 |0|2|45904|2865|2921|1853|1871|2155|57569|
20190627|190 |1|1|7426|368|791|891|206|715|10397|
20190627|190 |1|2|44103|2787|2887|2055|1955|2131|55918|
20190627|253 |0|1|11273|398|1081|866|226|267|14111|
20190627|253 |0|2|69793|2602|2096|1988|2455|4019|82953|
20190627|253 |1|1|10234|440|929|956|304|1237|14100|
20190627|253 |1|2|66666|2761|2123|2362|3043|3760|80715|
20190627|254 |0|1|5438|277|765|853|305|113|7751|
20190627|254 |0|2|34078|1710|1388|1106|2907|2248|43437|
20190627|254 |1|1|5258|272|628|753|279|667|7857|
20190627|254 |1|2|32017|1433|1151|970|2524|2148|40243|
20190627|651 |0|1|5312|102|218|110|40|125|5907|
20190627|651 |0|2|27792|660|1107|375|468|1623|32025|
20190627|651 |1|1|4653|124|276|103|36|552|5744|
20190627|651 |1|2|27203|691|1076|304|440|1628|31342|
20190627|685 |0|1|3477|240|851|805|374|70|5817|
20190627|685 |0|2|19464|1295|1622|1165|3167|1129|27842|
20190627|685 |1|1|3081|276|779|757|364|349|5606|
20190627|685 |1|2|19139|1365|1578|1017|3100|1110|27309|
20190628|101 |0|1|14299|317|890|544|156|257|16463|
20190628|101 |0|2|76490|2586|9199|1505|1094|3552|94426|
20190628|101 |1|1|14058|416|971|811|192|1356|17804|
20190628|101 |1|2|79806|3049|9543|2177|1562|3907|100044|
20190628|190 |0|1|9374|354|1181|929|214|128|12180|
20190628|190 |0|2|53701|2867|2950|2050|1947|2424|65939|
20190628|190 |1|1|8761|386|821|1061|268|863|12160|
20190628|190 |1|2|51184|2886|2901|2361|2061|2418|63811|
20190628|253 |0|1|12471|426|1100|881|254|255|15387|
20190628|253 |0|2|75337|2636|2094|2014|2518|4190|88789|
20190628|253 |1|1|12141|454|983|1061|408|1387|16434|
20190628|253 |1|2|74421|2853|2107|2379|3403|4137|89300|
20190628|254 |0|1|5776|280|842|847|333|146|8224|
20190628|254 |0|2|35985|1781|1397|1126|3043|2338|45670|
20190628|254 |1|1|5907|259|682|761|302|677|8588|
20190628|254 |1|2|34275|1524|1168|1007|2679|2227|42880|
20190629|101 |0|1|16046|216|441|274|89|188|17254|
20190629|101 |0|2|75262|1552|8319|835|645|2888|89501|
20190629|101 |1|1|15559|279|651|434|119|1358|18400|
20190629|101 |1|2|74905|1925|8404|1180|919|2975|90308|
20190629|190 |0|1|11029|157|571|399|88|90|12334|
20190629|190 |0|2|54695|1296|2177|877|980|1979|62004|
20190629|190 |1|1|9488|178|328|468|117|881|11460|
20190629|190 |1|2|49375|1426|2223|1315|1221|1944|57504|
20190629|253 |0|1|14905|193|510|463|115|193|16379|
20190629|253 |0|2|73181|1162|1041|716|1449|3332|80881|
20190629|253 |1|1|13502|209|410|504|157|1385|16167|
20190629|253 |1|2|69808|1320|1004|932|1906|3325|78295|
20190629|254 |0|1|6705|122|333|326|129|100|7715|
20190629|254 |0|2|34289|718|921|456|1360|1863|39607|
20190629|254 |1|1|6784|121|320|385|133|797|8540|
20190629|254 |1|2|33918|686|861|588|1301|1882|39236|
20190630|101 |0|1|15789|137|346|164|44|164|16644|
20190630|101 |0|2|70888|880|7159|527|218|2634|82306|
20190630|101 |1|1|15183|202|479|284|44|1394|17586|
20190630|101 |1|2|70193|897|7298|796|234|2647|82065|
20190630|190 |0|1|9239|100|316|200|27|66|9948|
20190630|190 |0|2|44453|835|1914|459|261|1739|49661|
20190630|190 |1|1|10603|112|192|258|29|854|12048|
20190630|190 |1|2|51208|644|1789|662|289|1769|56361|
20190630|253 |0|1|13873|134|266|130|38|164|14605|
20190630|253 |0|2|66609|667|620|369|450|3019|71734|
20190630|253 |1|1|13475|123|175|201|48|1303|15325|
20190630|253 |1|2|65457|542|590|416|457|2782|70244|
20190630|254 |0|1|6643|59|133|151|60|97|7143|
20190630|254 |0|2|31700|364|729|216|382|1686|35077|
20190630|254 |1|1|6682|65|121|193|43|753|7857|
20190630|254 |1|2|31005|291|707|188|257|1570|34018|
