20180801|101 |0|1|17217|318|770|484|163|222|19174|
20180801|101 |0|2|72473|2267|8047|1256|882|3216|88141|
20180801|101 |1|1|16161|445|859|721|195|1477|19858|
20180801|101 |1|2|71878|2825|8257|1809|1231|3315|89315|
20180801|190 |0|1|12786|345|995|847|166|167|15306|
20180801|190 |0|2|53745|2417|2742|1601|1265|2243|64013|
20180801|190 |1|1|10308|391|707|895|204|913|13418|
20180801|190 |1|2|45073|2455|2723|1825|1509|2034|55619|
20180801|253 |0|1|15728|367|834|714|231|228|18102|
20180801|253 |0|2|70744|2113|1300|1232|2025|3674|81088|
20180801|253 |1|1|13647|381|734|769|296|1372|17199|
20180801|253 |1|2|64868|2176|1306|1412|2537|3536|75835|
20180801|254 |0|1|7899|249|651|598|316|143|9856|
20180801|254 |0|2|35049|1303|1167|867|2201|2180|42767|
20180801|254 |1|1|7354|222|534|588|277|818|9793|
20180801|254 |1|2|31764|1137|1041|733|1941|1928|38544|
20180801|651 |0|1|10859|115|227|170|43|179|11593|
20180801|651 |0|2|39594|608|895|308|385|1831|43621|
20180801|651 |1|1|8322|138|219|155|34|744|9612|
20180801|651 |1|2|33595|616|932|325|332|1705|37505|
20180801|685 |0|1|5181|158|550|572|394|87|6942|
20180801|685 |0|2|20354|770|1270|695|2701|957|26747|
20180801|685 |1|1|4190|174|582|561|335|394|6236|
20180801|685 |1|2|18896|910|1418|712|2559|980|25475|
20180802|101 |0|1|17508|298|680|432|191|213|19322|
20180802|101 |0|2|73326|2187|8051|1181|774|3209|88728|
20180802|101 |1|1|16594|369|757|622|205|1504|20051|
20180802|101 |1|2|71720|2709|8244|1613|1129|3296|88711|
20180802|190 |0|1|12613|307|897|714|135|101|14767|
20180802|190 |0|2|52242|2281|2693|1373|1186|2139|61914|
20180802|190 |1|1|10288|345|668|769|208|880|13158|
20180802|190 |1|2|44188|2220|2662|1651|1405|1966|54092|
20180802|253 |0|1|15449|340|815|614|204|236|17658|
20180802|253 |0|2|68817|1884|1186|1071|1767|3501|78226|
20180802|253 |1|1|13435|329|663|681|284|1396|16788|
20180802|253 |1|2|63187|1934|1228|1289|2367|3430|73435|
20180802|254 |0|1|7430|199|510|593|340|144|9216|
20180802|254 |0|2|33040|1185|1166|761|2112|2010|40274|
20180802|254 |1|1|7246|223|480|585|263|814|9611|
20180802|254 |1|2|31606|1058|1061|710|1939|1952|38326|
20180802|651 |0|1|10993|106|210|118|32|160|11619|
20180802|651 |0|2|38902|545|908|274|352|1744|42725|
20180802|651 |1|1|8955|108|204|153|33|859|10312|
20180802|651 |1|2|34798|583|910|286|308|1743|38628|
20180802|685 |0|1|5076|131|514|521|374|80|6696|
20180802|685 |0|2|20795|677|1255|668|2455|975|26825|
20180802|685 |1|1|4033|139|503|462|292|385|5814|
20180802|685 |1|2|17853|705|1225|563|2156|902|23404|
20180803|101 |0|1|18413|274|607|430|133|221|20078|
20180803|101 |0|2|75258|2136|8652|1078|819|3150|91093|
20180803|101 |1|1|18192|373|778|575|179|1536|21633|
20180803|101 |1|2|78088|2597|8900|1335|1051|3399|95370|
20180803|190 |0|1|11996|296|757|662|141|119|13971|
20180803|190 |0|2|56610|2096|2697|1293|1094|2294|66084|
20180803|190 |1|1|11607|325|518|661|172|1025|14308|
20180803|190 |1|2|48882|2082|2594|1361|1252|2170|58341|
20180803|253 |0|1|16825|301|707|580|228|254|18895|
20180803|253 |0|2|73421|1809|1163|1015|1752|3583|82743|
20180803|253 |1|1|15168|286|587|672|289|1528|18530|
20180803|253 |1|2|68047|1751|1174|1165|2367|3541|78045|
20180803|254 |0|1|7465|205|474|568|241|146|9099|
20180803|254 |0|2|34014|1069|1038|661|1899|1957|40638|
20180803|254 |1|1|7763|231|469|542|260|885|10150|
20180803|254 |1|2|34046|970|979|637|1777|2008|40417|
20180803|651 |0|1|12172|109|150|140|41|205|12817|
20180803|651 |0|2|43921|532|931|284|299|1861|47828|
20180803|651 |1|1|10096|138|197|146|33|898|11508|
20180803|651 |1|2|36809|549|840|214|257|1818|40487|
20180803|685 |0|1|5416|144|466|517|337|85|6965|
20180803|685 |0|2|21853|675|1386|623|2501|1095|28133|
20180803|685 |1|1|4759|162|459|408|290|469|6547|
20180803|685 |1|2|20516|712|1230|606|2313|1012|26389|
20180804|101 |0|1|19216|205|317|191|91|207|20227|
20180804|101 |0|2|72089|1326|7422|547|447|2753|84584|
20180804|101 |1|1|19336|266|567|346|127|1592|22234|
20180804|101 |1|2|74102|1789|7633|921|690|2962|88097|
20180804|190 |0|1|14190|157|353|286|100|87|15173|
20180804|190 |0|2|53018|1116|1967|513|543|1939|59096|
20180804|190 |1|1|12764|179|261|375|104|1056|14739|
20180804|190 |1|2|50245|1231|2025|780|783|1919|56983|
20180804|253 |0|1|17286|190|352|302|120|221|18471|
20180804|253 |0|2|68696|978|785|464|1067|3093|75083|
20180804|253 |1|1|16981|213|302|408|178|1465|19547|
20180804|253 |1|2|67489|1134|785|687|1525|3105|74725|
20180804|254 |0|1|7494|107|236|250|125|100|8312|
20180804|254 |0|2|31523|573|878|335|960|1595|35864|
20180804|254 |1|1|8222|126|271|322|126|820|9887|
20180804|254 |1|2|32804|585|818|374|966|1644|37191|
20180804|651 |0|1|12675|64|66|71|20|185|13081|
20180804|651 |0|2|42151|323|797|113|129|1701|45214|
20180804|651 |1|1|11393|87|117|75|20|896|12588|
20180804|651 |1|2|40335|371|819|93|119|1668|43405|
20180804|685 |0|1|5675|79|249|241|160|75|6479|
20180804|685 |0|2|20933|339|1187|279|1215|893|24846|
20180804|685 |1|1|5526|57|226|243|148|486|6686|
20180804|685 |1|2|21103|353|1108|310|1241|838|24953|
20180805|101 |0|1|17716|157|253|130|19|165|18440|
20180805|101 |0|2|66619|800|6684|422|140|2590|77255|
20180805|101 |1|1|18457|184|415|194|31|1484|20765|
20180805|101 |1|2|69652|869|7200|632|160|2628|81141|
20180805|190 |0|1|11810|112|272|150|28|106|12478|
20180805|190 |0|2|43784|776|1947|409|189|1626|48731|
20180805|190 |1|1|13618|125|161|254|27|1062|15247|
20180805|190 |1|2|53148|602|1781|568|148|1848|58095|
20180805|253 |0|1|15275|110|205|122|39|183|15934|
20180805|253 |0|2|60142|643|642|254|351|2748|64780|
20180805|253 |1|1|16538|97|136|133|50|1455|18409|
20180805|253 |1|2|64759|535|649|318|342|2717|69320|
20180805|254 |0|1|7371|61|118|114|42|99|7805|
20180805|254 |0|2|29082|354|728|184|219|1469|32036|
20180805|254 |1|1|8228|80|98|101|26|827|9360|
20180805|254 |1|2|30534|270|763|165|161|1447|33340|
20180805|651 |0|1|10629|49|114|41|8|150|10991|
20180805|651 |0|2|35319|170|950|70|46|1397|37952|
20180805|651 |1|1|12971|41|75|72|12|1083|14254|
20180805|651 |1|2|45106|183|807|113|43|1748|48000|
20180805|685 |0|1|4805|31|106|74|64|64|5144|
20180805|685 |0|2|17022|181|1087|143|427|792|19652|
20180805|685 |1|1|5488|39|82|70|38|455|6172|
20180805|685 |1|2|20604|200|974|116|338|849|23081|
20180806|101 |0|1|16620|330|684|488|133|265|18520|
20180806|101 |0|2|70265|2166|8204|1160|772|3434|86001|
20180806|101 |1|1|15859|402|731|606|133|1453|19184|
20180806|101 |1|2|72939|2675|8384|1370|1005|3626|89999|
20180806|190 |0|1|11016|358|1019|830|153|155|13531|
20180806|190 |0|2|47833|2543|2747|1595|1122|2259|58099|
20180806|190 |1|1|10703|378|643|799|168|941|13632|
20180806|190 |1|2|45843|2414|2644|1455|1248|2165|55769|
20180806|253 |0|1|14102|398|992|769|238|289|16788|
20180806|253 |0|2|69326|2398|1824|1761|1735|3802|80846|
20180806|253 |1|1|13163|404|848|774|310|1374|16873|
20180806|253 |1|2|65870|2488|1884|1722|2142|3723|77829|
20180806|254 |0|1|6913|282|664|750|342|174|9125|
20180806|254 |0|2|34221|1530|1262|1052|2350|2362|42777|
20180806|254 |1|1|6694|255|594|562|297|683|9085|
20180806|254 |1|2|31289|1256|1090|695|1856|2060|38246|
20180806|651 |0|1|9038|110|245|151|29|175|9748|
20180806|651 |0|2|31561|602|954|252|367|1676|35412|
20180806|651 |1|1|9133|153|260|167|48|841|10602|
20180806|651 |1|2|34786|615|926|259|300|1855|38741|
20180806|685 |0|1|4370|213|752|683|413|88|6519|
20180806|685 |0|2|19943|1133|1543|860|2971|1106|27556|
20180806|685 |1|1|3950|230|704|578|396|380|6238|
20180806|685 |1|2|19169|1276|1494|714|2773|1115|26541|
20180807|101 |0|1|15284|320|804|569|159|242|17378|
20180807|101 |0|2|69892|2588|8073|1329|976|3358|86216|
20180807|101 |1|1|15391|409|911|750|197|1433|19091|
20180807|101 |1|2|71847|3030|8388|1770|1317|3546|89898|
20180807|190 |0|1|9896|349|1139|847|176|137|12544|
20180807|190 |0|2|45424|2844|2851|1750|1400|2190|56459|
20180807|190 |1|1|9901|392|825|933|235|929|13215|
20180807|190 |1|2|44531|2770|2854|2004|1587|2083|55829|
20180807|253 |0|1|12880|454|1105|813|246|278|15776|
20180807|253 |0|2|67977|2640|1981|1934|2236|3811|80579|
20180807|253 |1|1|12745|434|983|881|334|1377|16754|
20180807|253 |1|2|65321|2725|1989|2181|2725|3589|78530|
20180807|254 |0|1|6335|308|775|889|471|167|8945|
20180807|254 |0|2|34034|1703|1284|1177|2601|2242|43041|
20180807|254 |1|1|6161|289|643|745|363|708|8909|
20180807|254 |1|2|31924|1444|1146|909|2213|2090|39726|
20180807|651 |0|1|8009|125|240|146|45|144|8709|
20180807|651 |0|2|29631|643|975|303|445|1604|33601|
20180807|651 |1|1|8400|133|250|147|39|741|9710|
20180807|651 |1|2|31598|678|939|282|368|1700|35565|
20180807|685 |0|1|3672|286|836|785|509|84|6172|
20180807|685 |0|2|18615|1268|1491|983|3383|1063|26803|
20180807|685 |1|1|3525|265|808|734|467|344|6143|
20180807|685 |1|2|18904|1355|1454|949|3150|1106|26918|
20180808|101 |0|1|15585|343|733|521|175|240|17597|
20180808|101 |0|2|71266|2407|8176|1331|994|3395|87569|
20180808|101 |1|1|15404|429|894|742|213|1472|19154|
20180808|101 |1|2|71991|2979|8527|1700|1277|3495|89969|
20180808|190 |0|1|8159|303|983|665|166|126|10402|
20180808|190 |0|2|46175|2779|2889|1696|1369|2159|57067|
20180808|190 |1|1|9393|397|835|984|270|830|12709|
20180808|190 |1|2|43974|2726|2866|1898|1535|2049|55048|
20180808|253 |0|1|13152|461|1098|794|263|269|16037|
20180808|253 |0|2|68481|2667|1995|1897|2240|3840|81120|
20180808|253 |1|1|12634|477|1036|950|363|1326|16786|
20180808|253 |1|2|65558|2791|2007|2101|2739|3745|78941|
20180808|254 |0|1|6387|303|753|787|428|153|8811|
20180808|254 |0|2|33678|1675|1298|1113|2684|2276|42724|
20180808|254 |1|1|6199|278|694|698|385|737|8991|
20180808|254 |1|2|31426|1380|1127|885|2228|2045|39091|
20180808|651 |0|1|8022|120|249|164|32|141|8728|
20180808|651 |0|2|31090|672|1033|324|434|1596|35149|
20180808|651 |1|1|7865|143|266|164|39|729|9206|
20180808|651 |1|2|30900|681|1000|285|358|1652|34876|
20180808|685 |0|1|3809|267|806|765|534|91|6272|
20180808|685 |0|2|19112|1216|1522|974|3313|1109|27246|
20180808|685 |1|1|3742|291|810|710|450|388|6391|
20180808|685 |1|2|19313|1316|1464|939|3095|1162|27289|
20180809|101 |0|1|15375|326|786|498|184|245|17414|
20180809|101 |0|2|70544|2513|8149|1272|1014|3201|86693|
20180809|101 |1|1|14753|431|919|726|209|1288|18326|
20180809|101 |1|2|69925|3049|8426|1785|1369|3343|87897|
20180809|190 |0|1|7471|236|651|511|108|81|9058|
20180809|190 |0|2|47543|2829|2988|1628|1489|2205|58682|
20180809|190 |1|1|9242|415|787|921|230|829|12424|
20180809|190 |1|2|43832|2753|2861|1826|1567|2105|54944|
20180809|253 |0|1|13091|469|1133|828|252|287|16060|
20180809|253 |0|2|68300|2731|2093|1976|2238|3901|81239|
20180809|253 |1|1|12608|448|974|983|378|1382|16773|
20180809|253 |1|2|66617|2766|2034|2176|2821|3799|80213|
20180809|254 |0|1|6348|319|774|822|444|144|8851|
20180809|254 |0|2|34287|1702|1335|1126|2749|2331|43530|
20180809|254 |1|1|6334|274|713|741|357|702|9121|
20180809|254 |1|2|31995|1474|1189|925|2447|2156|40186|
20180809|651 |0|1|7799|122|258|156|43|154|8532|
20180809|651 |0|2|31119|684|1052|349|451|1613|35268|
20180809|651 |1|1|7221|141|293|169|33|663|8520|
20180809|651 |1|2|30036|684|1031|302|365|1678|34096|
20180809|685 |0|1|3799|252|833|784|543|90|6301|
20180809|685 |0|2|19018|1245|1503|933|3687|1148|27534|
20180809|685 |1|1|3572|270|837|778|487|320|6264|
20180809|685 |1|2|19304|1396|1476|858|3304|1138|27476|
20180810|101 |0|1|16833|356|772|482|159|288|18890|
20180810|101 |0|2|75702|2549|8912|1219|977|3580|92939|
20180810|101 |1|1|16214|445|932|725|215|1520|20051|
20180810|101 |1|2|76487|3002|9254|1730|1301|3685|95459|
20180810|190 |0|1|11750|392|1176|835|204|121|14478|
20180810|190 |0|2|54568|2808|3028|1614|1369|2415|65802|
20180810|190 |1|1|10374|433|868|981|224|949|13829|
20180810|190 |1|2|48608|2894|2901|1852|1511|2326|60092|
20180810|253 |0|1|14376|443|1073|817|252|298|17259|
20180810|253 |0|2|74686|2743|2079|1899|2288|4030|87725|
20180810|253 |1|1|13625|489|962|914|326|1512|17828|
20180810|253 |1|2|71892|2808|2036|2090|2923|4068|85817|
20180810|254 |0|1|6817|344|771|756|412|173|9273|
20180810|254 |0|2|36372|1708|1301|999|2810|2278|45468|
20180810|254 |1|1|6696|308|701|740|358|743|9546|
20180810|254 |1|2|33547|1470|1166|961|2389|2170|41703|
20180810|651 |0|1|9912|125|253|209|51|166|10716|
20180810|651 |0|2|40272|700|1052|356|459|1992|44831|
20180810|651 |1|1|7547|150|341|166|39|703|8946|
20180810|651 |1|2|31465|711|1018|297|391|1732|35614|
20180810|685 |0|1|4457|263|872|784|523|106|7005|
20180810|685 |0|2|21729|1331|1571|976|3656|1252|30515|
20180810|685 |1|1|4036|303|795|774|479|393|6780|
20180810|685 |1|2|21028|1375|1479|899|3389|1231|29401|
20180811|101 |0|1|18950|201|505|268|104|226|20254|
20180811|101 |0|2|74742|1597|7922|741|744|2854|88600|
20180811|101 |1|1|18451|336|643|448|144|1593|21615|
20180811|101 |1|2|74512|2107|7861|1098|957|3007|89542|
20180811|190 |0|1|13863|201|561|378|95|115|15213|
20180811|190 |0|2|55616|1362|2105|634|705|2033|62455|
20180811|190 |1|1|11152|228|391|487|128|904|13290|
20180811|190 |1|2|47474|1452|2282|1008|971|1952|55139|
20180811|253 |0|1|16670|244|518|389|191|226|18238|
20180811|253 |0|2|69693|1246|879|650|1410|3393|77271|
20180811|253 |1|1|15118|227|495|477|209|1512|18038|
20180811|253 |1|2|65975|1382|933|858|1979|3255|74382|
20180811|254 |0|1|7787|164|339|322|149|134|8895|
20180811|254 |0|2|34647|751|982|448|1360|1801|39989|
20180811|254 |1|1|7807|168|367|413|172|845|9772|
20180811|254 |1|2|33129|773|920|537|1326|1756|38441|
20180811|651 |0|1|12658|65|123|107|22|208|13183|
20180811|651 |0|2|43732|387|890|174|215|1876|47274|
20180811|651 |1|1|9246|83|168|72|17|792|10378|
20180811|651 |1|2|36069|404|969|115|181|1587|39325|
20180811|685 |0|1|5924|102|341|364|237|95|7063|
20180811|685 |0|2|22979|495|1216|433|1805|1052|27980|
20180811|685 |1|1|4767|113|382|334|246|482|6324|
20180811|685 |1|2|19835|538|1183|455|1798|964|24773|
20180812|101 |0|1|17133|126|212|139|35|152|17797|
20180812|101 |0|2|66915|773|6724|386|192|2687|77677|
20180812|101 |1|1|17738|182|410|214|40|1488|20072|
20180812|101 |1|2|70445|842|7108|610|269|2762|82036|
20180812|190 |0|1|11479|89|285|169|38|85|12145|
20180812|190 |0|2|44739|703|1912|396|261|1723|49734|
20180812|190 |1|1|12014|102|163|255|42|1007|13583|
20180812|190 |1|2|48813|538|1766|550|242|1709|53618|
20180812|253 |0|1|14983|96|212|120|39|177|15627|
20180812|253 |0|2|61949|613|591|279|374|2889|66695|
20180812|253 |1|1|15265|110|154|148|49|1449|17175|
20180812|253 |1|2|62311|505|572|285|370|2899|66942|
20180812|254 |0|1|7551|74|126|112|44|96|8003|
20180812|254 |0|2|30666|345|736|169|274|1581|33771|
20180812|254 |1|1|7718|57|106|99|28|824|8832|
20180812|254 |1|2|30220|245|742|176|204|1524|33111|
20180812|651 |0|1|10123|40|99|38|11|137|10448|
20180812|651 |0|2|35863|169|1135|59|67|1430|38723|
20180812|651 |1|1|11805|47|91|70|16|974|13003|
20180812|651 |1|2|42701|205|976|82|51|1648|45663|
20180812|685 |0|1|4764|47|112|93|56|69|5141|
20180812|685 |0|2|17444|214|1049|146|372|758|19983|
20180812|685 |1|1|4983|43|106|71|46|456|5705|
20180812|685 |1|2|19282|218|1004|119|332|780|21735|
20180813|101 |0|1|16564|325|734|533|183|295|18634|
20180813|101 |0|2|74528|2420|8195|1293|1016|3589|91041|
20180813|101 |1|1|15671|364|841|616|218|1565|19275|
20180813|101 |1|2|74073|2879|8453|1490|1253|3724|91872|
20180813|190 |0|1|10927|376|1098|880|154|136|13571|
20180813|190 |0|2|50261|2800|2809|1763|1378|2450|61461|
20180813|190 |1|1|9930|432|757|834|177|926|13056|
20180813|190 |1|2|45683|2654|2735|1629|1388|2226|56315|
20180813|253 |0|1|13549|425|1033|817|305|281|16410|
20180813|253 |0|2|70641|2632|1927|1989|2317|4004|83510|
20180813|253 |1|1|12999|452|947|821|331|1436|16986|
20180813|253 |1|2|67518|2715|1973|2029|2863|3970|81068|
20180813|254 |0|1|6917|306|775|872|408|166|9444|
20180813|254 |0|2|36084|1728|1339|1199|2842|2377|45569|
20180813|254 |1|1|6400|263|620|633|371|718|9005|
20180813|254 |1|2|32124|1397|1099|753|2139|2075|39587|
20180813|651 |0|1|8549|101|223|163|44|190|9270|
20180813|651 |0|2|31782|654|936|301|375|1719|35767|
20180813|651 |1|1|8603|135|256|181|35|794|10004|
20180813|651 |1|2|34969|681|890|305|311|1845|39001|
20180813|685 |0|1|4453|230|828|786|480|78|6855|
20180813|685 |0|2|19467|1209|1461|943|3259|1057|27396|
20180813|685 |1|1|3827|286|788|663|418|381|6363|
20180813|685 |1|2|19186|1332|1462|797|3086|1120|26983|
20180814|101 |0|1|16381|372|814|536|180|262|18545|
20180814|101 |0|2|73092|2572|8218|1355|1155|3451|89843|
20180814|101 |1|1|15832|431|937|857|251|1498|19806|
20180814|101 |1|2|76178|3132|8711|1936|1554|3718|95229|
20180814|190 |0|1|8843|368|1288|996|186|146|11827|
20180814|190 |0|2|50761|3023|2961|1754|1483|2407|62389|
20180814|190 |1|1|10287|428|930|1153|259|900|13957|
20180814|190 |1|2|48766|3042|2881|2098|1748|2282|60817|
20180814|253 |0|1|13517|481|1096|928|299|317|16638|
20180814|253 |0|2|72812|2820|2041|1980|2499|4114|86266|
20180814|253 |1|1|13598|522|1073|1012|417|1401|18023|
20180814|253 |1|2|70508|2994|2093|2253|3190|4008|85046|
20180814|254 |0|1|6602|318|837|866|471|90|9184|
20180814|254 |0|2|35293|1846|1443|1181|3226|2265|45254|
20180814|254 |1|1|6449|323|769|832|424|703|9500|
20180814|254 |1|2|33271|1551|1150|991|2553|2087|41603|
20180814|651 |0|1|9387|119|288|153|46|176|10169|
20180814|651 |0|2|36574|694|975|364|449|1896|40952|
20180814|651 |1|1|8098|139|270|184|38|778|9507|
20180814|651 |1|2|32327|715|939|329|368|1731|36409|
20180814|685 |0|1|4011|258|910|830|546|91|6646|
20180814|685 |0|2|20744|1361|1524|997|3412|1251|29289|
20180814|685 |1|1|3729|285|878|739|487|393|6511|
20180814|685 |1|2|20083|1467|1432|986|3141|1179|28288|
20180815|101 |0|1|16905|223|535|347|125|180|18315|
20180815|101 |0|2|69540|1793|6944|901|822|2692|82692|
20180815|101 |1|1|16526|332|650|520|145|1405|19578|
20180815|101 |1|2|69369|2132|7125|1350|1013|2634|83623|
20180815|190 |0|1|10584|231|785|409|117|87|12213|
20180815|190 |0|2|45647|1760|2295|873|861|1720|53156|
20180815|190 |1|1|9891|279|497|637|129|837|12270|
20180815|190 |1|2|43475|1631|2296|1333|1063|1689|51487|
20180815|253 |0|1|13473|250|567|403|152|185|15030|
20180815|253 |0|2|61049|1493|981|740|1228|2878|68369|
20180815|253 |1|1|13437|250|520|517|181|1251|16156|
20180815|253 |1|2|60118|1479|969|934|1540|2840|67880|
20180815|254 |0|1|6895|148|362|347|129|73|7954|
20180815|254 |0|2|31562|859|969|485|1096|1703|36674|
20180815|254 |1|1|7072|156|359|430|130|752|8899|
20180815|254 |1|2|31173|763|910|577|935|1718|36076|
20180815|651 |0|1|9711|92|167|100|31|137|10238|
20180815|651 |0|2|36447|390|874|196|275|1572|39754|
20180815|651 |1|1|9276|109|173|109|35|776|10478|
20180815|651 |1|2|33860|431|855|168|251|1487|37052|
20180815|685 |0|1|4072|99|362|310|216|88|5147|
20180815|685 |0|2|16593|554|1260|423|1880|787|21497|
20180815|685 |1|1|3888|105|345|313|186|408|5245|
20180815|685 |1|2|16878|578|1201|479|1887|789|21812|
20180816|101 |0|1|15330|347|761|551|199|266|17454|
20180816|101 |0|2|72146|2583|8200|1285|1086|3485|88785|
20180816|101 |1|1|14905|417|858|698|223|1459|18560|
20180816|101 |1|2|72743|2980|8450|1583|1333|3606|90695|
20180816|190 |0|1|9718|396|1170|999|235|145|12663|
20180816|190 |0|2|47759|2919|2947|1796|1435|2323|59179|
20180816|190 |1|1|9130|411|821|892|233|873|12360|
20180816|190 |1|2|43896|2781|2858|1588|1495|2201|54819|
20180816|253 |0|1|12816|500|1098|899|279|276|15868|
20180816|253 |0|2|70549|2725|2024|1904|2380|3967|83549|
20180816|253 |1|1|12138|501|980|889|376|1414|16298|
20180816|253 |1|2|66656|2875|2038|2006|3051|3926|80552|
20180816|254 |0|1|6559|313|868|858|425|117|9140|
20180816|254 |0|2|35322|1765|1337|1180|3213|2303|45120|
20180816|254 |1|1|6207|298|703|693|350|691|8942|
20180816|254 |1|2|32458|1431|1178|863|2581|2082|40593|
20180816|651 |0|1|7451|111|252|171|46|156|8187|
20180816|651 |0|2|29842|651|976|313|444|1650|33876|
20180816|651 |1|1|7075|132|320|162|41|706|8436|
20180816|651 |1|2|30591|673|920|301|430|1777|34692|
20180816|685 |0|1|3829|241|855|819|523|73|6340|
20180816|685 |0|2|18701|1214|1490|980|3264|1083|26732|
20180816|685 |1|1|3688|278|830|671|522|343|6332|
20180816|685 |1|2|18952|1330|1489|822|2994|1098|26685|
20180817|101 |0|1|16042|359|832|538|213|259|18243|
20180817|101 |0|2|72552|2537|8644|1394|1004|3365|89496|
20180817|101 |1|1|16421|439|985|850|257|1583|20535|
20180817|101 |1|2|77955|3149|9172|1917|1429|3842|97464|
20180817|190 |0|1|11055|407|1244|943|228|156|14033|
20180817|190 |0|2|52483|2877|2931|1772|1547|2314|63924|
20180817|190 |1|1|9824|452|878|1076|303|952|13485|
20180817|190 |1|2|48739|2906|2795|2097|1821|2312|60670|
20180817|253 |0|1|13867|514|1145|915|243|312|16996|
20180817|253 |0|2|73210|2755|2031|1931|2522|4168|86617|
20180817|253 |1|1|13242|543|1014|1010|361|1505|17675|
20180817|253 |1|2|71496|2874|1982|2271|3308|4285|86216|
20180817|254 |0|1|6701|280|843|869|461|86|9240|
20180817|254 |0|2|36059|1739|1342|1217|3164|2263|45784|
20180817|254 |1|1|6651|305|730|819|420|736|9661|
20180817|254 |1|2|34270|1547|1198|1041|2722|2135|42913|
20180817|651 |0|1|9173|128|260|200|58|165|9984|
20180817|651 |0|2|38965|694|988|398|455|1875|43375|
20180817|651 |1|1|7280|149|317|186|39|681|8652|
20180817|651 |1|2|31496|727|943|364|405|1727|35662|
20180817|685 |0|1|4251|269|874|862|529|92|6877|
20180817|685 |0|2|21287|1344|1596|1063|3621|1222|30133|
20180817|685 |1|1|3996|273|895|812|458|425|6859|
20180817|685 |1|2|20749|1407|1516|1036|3361|1210|29279|
20180818|101 |0|1|18397|225|482|301|88|207|19700|
20180818|101 |0|2|74480|1593|8055|803|611|2967|88509|
20180818|101 |1|1|18009|341|669|497|133|1583|21232|
20180818|101 |1|2|73659|2110|8099|1147|876|3117|89008|
20180818|190 |0|1|13180|192|589|440|132|104|14637|
20180818|190 |0|2|54845|1348|2188|702|858|2022|61963|
20180818|190 |1|1|11277|216|417|572|152|954|13588|
20180818|190 |1|2|49605|1489|2309|1136|1115|1950|57604|
20180818|253 |0|1|16485|234|511|417|162|238|18047|
20180818|253 |0|2|70896|1274|969|714|1693|3354|78900|
20180818|253 |1|1|15256|224|492|507|237|1540|18256|
20180818|253 |1|2|67737|1460|1077|950|2313|3358|76895|
20180818|254 |0|1|7626|164|360|356|204|72|8782|
20180818|254 |0|2|34576|768|972|485|1522|1825|40148|
20180818|254 |1|1|7642|184|382|421|192|767|9588|
20180818|254 |1|2|32786|727|859|555|1486|1778|38191|
20180818|651 |0|1|12231|80|90|109|19|228|12757|
20180818|651 |0|2|43436|392|940|188|182|1851|46989|
20180818|651 |1|1|9158|94|159|90|19|812|10332|
20180818|651 |1|2|37295|403|1029|128|208|1598|40661|
20180818|685 |0|1|5649|112|405|426|249|71|6912|
20180818|685 |0|2|22300|512|1258|455|2004|1076|27605|
20180818|685 |1|1|4719|127|400|405|233|467|6351|
20180818|685 |1|2|20131|553|1141|515|2061|992|25393|
20180819|101 |0|1|17061|174|259|139|19|163|17815|
20180819|101 |0|2|67887|910|6789|444|166|2684|78880|
20180819|101 |1|1|17950|216|433|226|43|1495|20363|
20180819|101 |1|2|70780|962|7244|639|221|2778|82624|
20180819|190 |0|1|10745|101|313|169|42|81|11451|
20180819|190 |0|2|44717|849|2010|446|244|1762|50028|
20180819|190 |1|1|12015|125|173|281|34|951|13579|
20180819|190 |1|2|50725|640|1878|596|211|1768|55818|
20180819|253 |0|1|14876|135|244|143|46|161|15605|
20180819|253 |0|2|62132|741|680|348|413|2905|67219|
20180819|253 |1|1|15486|116|170|202|51|1497|17522|
20180819|253 |1|2|63609|575|674|336|404|2769|68367|
20180819|254 |0|1|7440|73|142|142|51|76|7924|
20180819|254 |0|2|31045|369|748|182|300|1549|34193|
20180819|254 |1|1|7751|76|116|126|33|801|8903|
20180819|254 |1|2|30585|292|741|197|244|1532|33591|
20180819|651 |0|1|9490|50|96|47|11|142|9836|
20180819|651 |0|2|34182|162|1219|82|140|1500|37285|
20180819|651 |1|1|11414|54|94|82|15|973|12632|
20180819|651 |1|2|41914|185|979|76|124|1732|45010|
20180819|685 |0|1|4884|55|126|101|56|75|5297|
20180819|685 |0|2|17784|220|1058|167|486|811|20526|
20180819|685 |1|1|4982|47|84|91|60|446|5710|
20180819|685 |1|2|19074|235|992|140|410|816|21667|
20180820|101 |0|1|15851|355|802|536|176|290|18010|
20180820|101 |0|2|73274|2487|8269|1286|832|3512|89660|
20180820|101 |1|1|14980|433|889|644|225|1512|18683|
20180820|101 |1|2|74479|2915|8507|1549|1128|3710|92288|
20180820|190 |0|1|10192|385|1240|979|202|145|13143|
20180820|190 |0|2|48783|2867|2854|1924|1449|2434|60311|
20180820|190 |1|1|9065|414|836|866|227|888|12296|
20180820|190 |1|2|43872|2713|2825|1751|1608|2185|54954|
20180820|253 |0|1|13441|444|1080|875|227|332|16399|
20180820|253 |0|2|70927|2691|1764|1812|2162|4127|83483|
20180820|253 |1|1|12375|460|988|847|363|1433|16466|
20180820|253 |1|2|66581|2887|1891|1881|2871|4028|80139|
20180820|254 |0|1|6505|278|783|864|415|93|8938|
20180820|254 |0|2|34698|1741|1372|1169|3096|2354|44430|
20180820|254 |1|1|6066|287|660|699|353|711|8776|
20180820|254 |1|2|31455|1407|1155|823|2592|2104|39536|
20180820|651 |0|1|7653|134|260|151|52|136|8386|
20180820|651 |0|2|28543|652|944|315|422|1643|32519|
20180820|651 |1|1|7695|169|318|170|38|777|9167|
20180820|651 |1|2|31887|677|923|315|356|1919|36077|
20180820|685 |0|1|4402|235|803|825|479|97|6841|
20180820|685 |0|2|18986|1262|1402|1054|3264|1104|27072|
20180820|685 |1|1|3375|265|772|694|447|370|5923|
20180820|685 |1|2|18525|1365|1405|873|2888|1126|26182|
20180821|101 |0|1|14388|334|799|573|167|269|16530|
20180821|101 |0|2|68079|2628|8201|1410|846|3293|84457|
20180821|101 |1|1|14776|449|927|882|226|1441|18701|
20180821|101 |1|2|72699|3181|8514|1877|1311|3593|91175|
20180821|190 |0|1|8971|428|1277|1077|202|141|12096|
20180821|190 |0|2|44776|2969|2978|1990|1589|2195|56497|
20180821|190 |1|1|8561|457|904|1156|274|803|12155|
20180821|190 |1|2|43246|2915|2945|2295|1789|2141|55331|
20180821|253 |0|1|11662|434|1188|1055|277|263|14879|
20180821|253 |0|2|65221|2745|1968|2004|2409|3782|78129|
20180821|253 |1|1|11790|467|1020|980|411|1289|15957|
20180821|253 |1|2|64882|2905|2054|2338|3120|3816|79115|
20180821|254 |0|1|6125|278|762|937|459|85|8646|
20180821|254 |0|2|33514|1744|1329|1232|3188|2208|43215|
20180821|254 |1|1|6053|302|784|826|382|741|9088|
20180821|254 |1|2|32153|1541|1199|1015|2645|2114|40667|
20180821|651 |0|1|6377|122|257|193|68|149|7166|
20180821|651 |0|2|26264|695|993|402|434|1582|30370|
20180821|651 |1|1|6653|144|297|183|48|666|7991|
20180821|651 |1|2|28231|692|969|323|392|1670|32277|
20180821|685 |0|1|3545|243|896|855|637|89|6265|
20180821|685 |0|2|18242|1269|1581|1020|3414|1098|26624|
20180821|685 |1|1|3455|279|875|820|498|359|6286|
20180821|685 |1|2|18703|1383|1580|1025|3360|1136|27187|
20180822|101 |0|1|15210|416|844|586|204|265|17525|
20180822|101 |0|2|71705|2632|8234|1420|1194|3495|88680|
20180822|101 |1|1|15114|484|948|789|249|1380|18964|
20180822|101 |1|2|75061|3158|8515|1914|1558|3703|93909|
20180822|190 |0|1|9072|362|1215|949|220|145|11963|
20180822|190 |0|2|45181|2957|2866|1864|1682|2158|56708|
20180822|190 |1|1|8897|464|951|1136|270|805|12523|
20180822|190 |1|2|43916|2961|2846|2090|1852|2125|55790|
20180822|253 |0|1|12152|528|1262|933|301|292|15468|
20180822|253 |0|2|69121|2893|2099|2030|2714|4046|82903|
20180822|253 |1|1|12220|535|1110|1022|473|1351|16711|
20180822|253 |1|2|67172|2937|2116|2280|3209|3997|81711|
20180822|254 |0|1|6067|274|821|872|435|74|8543|
20180822|254 |0|2|33402|1684|1290|1208|3248|2176|43008|
20180822|254 |1|1|5949|301|774|869|407|713|9013|
20180822|254 |1|2|32349|1534|1167|990|2813|2042|40895|
20180822|651 |0|1|6346|120|271|166|57|114|7074|
20180822|651 |0|2|26862|690|1005|348|547|1588|31040|
20180822|651 |1|1|6616|166|308|146|53|676|7965|
20180822|651 |1|2|28363|708|964|309|495|1709|32548|
20180822|685 |0|1|3535|260|865|855|536|79|6130|
20180822|685 |0|2|18354|1343|1510|984|3637|1108|26936|
20180822|685 |1|1|3589|283|910|831|544|385|6542|
20180822|685 |1|2|19267|1488|1512|1031|3637|1219|28154|
20180823|101 |0|1|12721|258|754|498|210|272|14713|
20180823|101 |0|2|63624|2397|8120|1267|992|3128|79528|
20180823|101 |1|1|12985|367|844|644|225|1326|16391|
20180823|101 |1|2|67696|2969|8249|1610|1153|3365|85042|
20180823|190 |0|1|7194|330|966|714|170|114|9488|
20180823|190 |0|2|37337|2674|2820|1605|1180|1961|47577|
20180823|190 |1|1|7195|362|722|796|230|674|9979|
20180823|190 |1|2|37370|2598|2752|1770|1258|1924|47672|
20180823|253 |0|1|10075|378|932|716|224|236|12561|
20180823|253 |0|2|60503|2527|1835|1725|1905|3633|72128|
20180823|253 |1|1|10218|383|865|757|293|1100|13616|
20180823|253 |1|2|60001|2550|1818|1942|2139|3544|71994|
20180823|254 |0|1|5411|264|701|684|308|89|7457|
20180823|254 |0|2|30554|1565|1240|1052|2047|2068|38526|
20180823|254 |1|1|5352|282|659|655|283|622|7853|
20180823|254 |1|2|29522|1384|1128|840|1752|1968|36594|
20180823|651 |0|1|4802|103|236|114|39|114|5408|
20180823|651 |0|2|20964|601|917|311|356|1329|24478|
20180823|651 |1|1|5310|142|264|148|36|499|6399|
20180823|651 |1|2|22762|650|889|297|315|1468|26381|
20180823|685 |0|1|2982|204|770|655|374|64|5049|
20180823|685 |0|2|16547|1230|1529|876|2554|1007|23743|
20180823|685 |1|1|3057|235|716|627|351|320|5306|
20180823|685 |1|2|17381|1322|1567|862|2515|1085|24732|
20180824|101 |0|1|12728|274|564|373|81|218|14238|
20180824|101 |0|2|62424|2222|8685|1116|515|2926|77888|
20180824|101 |1|1|13129|328|686|523|89|1256|16011|
20180824|101 |1|2|67472|2592|8700|1410|679|3278|84131|
20180824|190 |0|1|7865|275|735|608|123|103|9709|
20180824|190 |0|2|40679|2280|2730|1325|802|1883|49699|
20180824|190 |1|1|7351|333|562|645|125|708|9724|
20180824|190 |1|2|39174|2263|2627|1432|838|1930|48264|
20180824|253 |0|1|11128|329|782|582|145|242|13208|
20180824|253 |0|2|62087|2151|1789|1694|1361|3550|72632|
20180824|253 |1|1|10569|312|725|627|197|1228|13658|
20180824|253 |1|2|61248|2190|1754|1793|1499|3668|72152|
20180824|254 |0|1|5411|190|596|526|253|78|7054|
20180824|254 |0|2|30297|1360|1166|878|1520|1996|37217|
20180824|254 |1|1|5392|214|535|517|219|651|7528|
20180824|254 |1|2|29643|1250|1064|761|1329|1869|35916|
20180824|651 |0|1|5823|81|170|107|30|118|6329|
20180824|651 |0|2|26657|525|820|261|264|1412|29939|
20180824|651 |1|1|4239|96|191|112|22|411|5071|
20180824|651 |1|2|20365|531|831|258|242|1329|23556|
20180824|685 |0|1|3507|173|634|539|283|68|5204|
20180824|685 |0|2|18640|1083|1497|757|2162|1108|25247|
20180824|685 |1|1|3312|202|640|564|278|371|5367|
20180824|685 |1|2|19048|1126|1417|747|2013|1168|25519|
20180825|101 |0|1|18749|235|551|283|94|222|20134|
20180825|101 |0|2|78761|1656|8304|733|623|2923|93000|
20180825|101 |1|1|18224|319|771|507|128|1520|21469|
20180825|101 |1|2|76954|2116|8316|1142|887|3010|92425|
20180825|190 |0|1|14091|212|642|344|108|134|15531|
20180825|190 |0|2|59245|1458|2446|723|714|2189|66775|
20180825|190 |1|1|11629|233|438|508|121|899|13828|
20180825|190 |1|2|50493|1541|2443|1129|932|2057|58595|
20180825|253 |0|1|17219|268|543|392|156|270|18848|
20180825|253 |0|2|75442|1348|1004|768|1584|3682|83828|
20180825|253 |1|1|15289|248|501|514|197|1529|18278|
20180825|253 |1|2|69418|1479|1000|1025|2037|3366|78325|
20180825|254 |0|1|8143|163|365|409|209|76|9365|
20180825|254 |0|2|37033|811|1028|528|1558|1956|42914|
20180825|254 |1|1|8023|179|375|457|202|831|10067|
20180825|254 |1|2|34909|808|916|559|1455|1927|40574|
20180825|651 |0|1|11998|96|131|126|28|200|12579|
20180825|651 |0|2|45629|378|1036|178|218|1839|49278|
20180825|651 |1|1|7405|98|192|87|26|680|8488|
20180825|651 |1|2|32940|409|1022|127|183|1451|36132|
20180825|685 |0|1|5909|108|444|425|309|83|7278|
20180825|685 |0|2|23671|520|1286|474|2244|1032|29227|
20180825|685 |1|1|4818|118|428|419|258|463|6504|
20180825|685 |1|2|20708|607|1262|522|2340|941|26380|
20180826|101 |0|1|16853|144|237|124|28|166|17552|
20180826|101 |0|2|68915|823|7062|425|178|2601|80004|
20180826|101 |1|1|18288|199|516|224|46|1519|20792|
20180826|101 |1|2|71755|851|7507|612|248|2737|83710|
20180826|190 |0|1|11659|102|293|180|33|70|12337|
20180826|190 |0|2|47656|742|2078|473|278|1797|53024|
20180826|190 |1|1|12143|121|187|290|40|911|13692|
20180826|190 |1|2|50751|599|1888|611|267|1766|55882|
20180826|253 |0|1|15118|113|227|126|52|176|15812|
20180826|253 |0|2|63301|662|733|332|495|3036|68559|
20180826|253 |1|1|15392|121|168|185|58|1396|17320|
20180826|253 |1|2|64498|565|692|348|438|2911|69452|
20180826|254 |0|1|7455|71|109|126|56|72|7889|
20180826|254 |0|2|31992|379|673|170|313|1613|35140|
20180826|254 |1|1|7639|70|124|124|26|838|8821|
20180826|254 |1|2|30548|291|672|188|229|1480|33408|
20180826|651 |0|1|8378|52|133|47|8|131|8749|
20180826|651 |0|2|32016|208|1193|70|105|1321|34913|
20180826|651 |1|1|10163|77|130|76|14|879|11339|
20180826|651 |1|2|39114|243|1027|91|80|1627|42182|
20180826|685 |0|1|5062|46|162|117|62|72|5521|
20180826|685 |0|2|19080|232|1061|174|467|823|21837|
20180826|685 |1|1|5111|60|117|112|66|408|5874|
20180826|685 |1|2|19912|220|943|139|390|793|22397|
20180827|101 |0|1|14016|307|758|488|156|241|15966|
20180827|101 |0|2|67712|2398|8412|1297|768|3261|83848|
20180827|101 |1|1|13565|402|834|636|169|1433|17039|
20180827|101 |1|2|67301|2801|8693|1482|992|3426|84695|
20180827|190 |0|1|8882|336|1182|871|177|125|11573|
20180827|190 |0|2|44977|2729|2987|1816|1354|2260|56123|
20180827|190 |1|1|8176|390|788|801|224|783|11162|
20180827|190 |1|2|40498|2650|2934|1623|1390|2128|51223|
20180827|253 |0|1|11814|406|1018|827|226|270|14561|
20180827|253 |0|2|66308|2495|1424|1438|1811|3860|77336|
20180827|253 |1|1|11099|423|840|777|342|1273|14754|
20180827|253 |1|2|61883|2625|1565|1524|2335|3742|73674|
20180827|254 |0|1|6217|229|752|843|464|60|8565|
20180827|254 |0|2|34095|1722|1376|1226|3057|2322|43798|
20180827|254 |1|1|5503|278|695|617|384|685|8162|
20180827|254 |1|2|29760|1408|1145|806|2501|2077|37697|
20180827|651 |0|1|6035|115|263|149|43|141|6746|
20180827|651 |0|2|25285|664|1053|312|413|1523|29250|
20180827|651 |1|1|6508|182|346|188|53|644|7921|
20180827|651 |1|2|27271|639|1001|282|338|1724|31255|
20180827|685 |0|1|4002|206|814|799|448|80|6349|
20180827|685 |0|2|17611|1145|1480|919|2919|984|25058|
20180827|685 |1|1|3421|227|772|673|455|359|5907|
20180827|685 |1|2|18094|1283|1531|825|2864|1141|25738|
20180828|101 |0|1|13615|331|754|512|125|220|15557|
20180828|101 |0|2|61803|2428|8358|1299|713|3051|77652|
20180828|101 |1|1|12695|421|909|764|157|1208|16154|
20180828|101 |1|2|61893|2911|8655|1737|988|3230|79414|
20180828|190 |0|1|8232|342|1147|802|166|133|10822|
20180828|190 |0|2|41833|2891|3017|1785|1226|2108|52860|
20180828|190 |1|1|7493|409|857|1001|238|677|10675|
20180828|190 |1|2|38300|2765|2923|1960|1352|1897|49197|
20180828|253 |0|1|10417|421|1122|923|252|237|13372|
20180828|253 |0|2|61384|2552|2098|1989|1978|3514|73515|
20180828|253 |1|1|10247|435|973|958|308|1145|14066|
20180828|253 |1|2|58307|2612|2107|2225|2321|3444|71016|
20180828|254 |0|1|5534|263|730|797|390|81|7795|
20180828|254 |0|2|30523|1662|1281|1154|2656|2063|39339|
20180828|254 |1|1|4976|282|696|760|381|567|7662|
20180828|254 |1|2|27729|1404|1173|991|2441|1850|35588|
20180828|651 |0|1|5170|132|249|163|44|91|5849|
20180828|651 |0|2|23756|645|1014|327|354|1338|27434|
20180828|651 |1|1|5366|166|300|169|37|532|6570|
20180828|651 |1|2|24897|679|967|297|333|1437|28610|
20180828|685 |0|1|3520|250|898|849|533|86|6136|
20180828|685 |0|2|15792|1134|1505|984|3201|942|23558|
20180828|685 |1|1|2871|252|770|740|474|327|5434|
20180828|685 |1|2|16026|1234|1449|943|2888|969|23509|
20180829|101 |0|1|13494|328|767|542|141|256|15528|
20180829|101 |0|2|66604|2484|8637|1305|725|3363|83118|
20180829|101 |1|1|13532|423|879|715|205|1339|17093|
20180829|101 |1|2|69543|3062|8746|1739|1003|3565|87658|
20180829|190 |0|1|7720|367|1024|712|153|111|10087|
20180829|190 |0|2|40345|2707|2949|1626|1113|2003|50743|
20180829|190 |1|1|7215|385|748|854|201|699|10102|
20180829|190 |1|2|38689|2693|2951|1869|1200|1984|49386|
20180829|253 |0|1|11303|424|1051|757|221|278|14034|
20180829|253 |0|2|64092|2566|1958|1975|1881|3794|76266|
20180829|253 |1|1|10563|391|959|928|275|1208|14324|
20180829|253 |1|2|61587|2607|2040|2111|2159|3673|74177|
20180829|254 |0|1|5636|264|819|905|445|95|8164|
20180829|254 |0|2|32350|1770|1442|1253|2795|2149|41759|
20180829|254 |1|1|5483|270|735|753|360|613|8214|
20180829|254 |1|2|30647|1537|1269|1011|2351|2035|38850|
20180829|651 |0|1|4607|123|235|151|50|118|5284|
20180829|651 |0|2|20892|614|936|314|302|1289|24347|
20180829|651 |1|1|4598|137|255|162|33|509|5694|
20180829|651 |1|2|21992|637|928|283|287|1400|25527|
20180830|101 |0|1|13998|357|752|502|124|269|16002|
20180830|101 |0|2|69812|2595|8312|1336|769|3381|86205|
20180830|101 |1|1|14479|445|942|842|183|1470|18361|
20180830|101 |1|2|75399|3138|8809|1827|1145|3715|94033|
20180830|190 |0|1|8224|362|1145|808|173|116|10828|
20180830|190 |0|2|42315|2881|3034|1780|1196|2132|53338|
20180830|190 |1|1|7652|396|850|931|209|762|10800|
20180830|190 |1|2|40387|2797|3014|2015|1342|2068|51623|
20180830|253 |0|1|11593|468|1065|820|268|290|14504|
20180830|253 |0|2|66698|2692|2091|2086|2104|3902|79573|
20180830|253 |1|1|10751|471|966|964|341|1247|14740|
20180830|253 |1|2|62693|2791|2091|2256|2381|3717|75929|
20180830|254 |0|1|5871|330|815|896|433|143|8488|
20180830|254 |0|2|33642|1714|1410|1259|2865|2291|43181|
20180830|254 |1|1|5799|295|746|750|387|633|8610|
20180830|254 |1|2|31704|1512|1181|1006|2464|2182|40049|
20180830|651 |0|1|5455|121|272|160|57|175|6240|
20180830|651 |0|2|25167|692|970|342|386|1473|29030|
20180830|651 |1|1|4930|153|305|168|37|500|6093|
20180830|651 |1|2|23647|697|930|281|340|1536|27431|
20180830|685 |0|1|3536|261|885|779|444|90|5995|
20180830|685 |0|2|18416|1281|1563|1009|3131|1107|26507|
20180830|685 |1|1|3247|294|818|806|442|354|5961|
20180830|685 |1|2|18419|1371|1540|1008|3011|1105|26454|
20180831|101 |0|1|16204|378|872|534|163|272|18423|
20180831|101 |0|2|75263|2624|9012|1303|874|3490|92566|
20180831|101 |1|1|16197|448|992|778|207|1581|20203|
20180831|101 |1|2|78210|3131|9541|1825|1271|3884|97862|
20180831|190 |0|1|10331|389|1178|871|185|146|13100|
20180831|190 |0|2|51444|2931|3160|1760|1371|2468|63134|
20180831|190 |1|1|9317|440|869|970|222|898|12716|
20180831|190 |1|2|47705|2841|3056|1984|1567|2375|59528|
20180831|253 |0|1|13793|520|1089|866|303|311|16882|
20180831|253 |0|2|74081|2745|2154|1990|2386|4154|87510|
20180831|253 |1|1|13088|532|1043|994|361|1464|17482|
20180831|253 |1|2|71315|2887|2171|2258|2941|4157|85729|
20180831|254 |0|1|6334|340|819|957|498|154|9102|
20180831|254 |0|2|35071|1746|1378|1110|2945|2355|44605|
20180831|254 |1|1|6493|319|741|814|401|752|9520|
20180831|254 |1|2|34029|1515|1233|995|2577|2183|42532|
