20170601|101 |0|1|16705|490|1027|641|188|312|19363|
20170601|101 |0|2|70451|2827|9078|1226|916|3292|87790|
20170601|101 |1|1|16003|598|906|1016|284|1434|20241|
20170601|101 |1|2|69983|3292|9398|1878|1330|3517|89398|
20170601|190 |0|1|9083|355|1275|992|250|131|12086|
20170601|190 |0|2|40187|2797|3174|1575|1515|1929|51177|
20170601|190 |1|1|9217|496|890|1109|331|838|12881|
20170601|190 |1|2|40961|3017|3250|1819|1760|2006|52813|
20170601|253 |0|1|14317|629|1319|1016|347|364|17992|
20170601|253 |0|2|67160|3065|2252|2164|2394|4143|81178|
20170601|253 |1|1|13032|700|1059|1150|471|1320|17732|
20170601|253 |1|2|61360|2960|2207|2245|3021|3887|75680|
20170601|254 |0|1|6601|414|765|900|649|204|9533|
20170601|254 |0|2|32339|1744|1396|1006|3199|2327|42011|
20170601|254 |1|1|6906|464|708|855|517|819|10269|
20170601|254 |1|2|32075|1541|1286|840|2547|2293|40582|
20170601|651 |0|1|5728|132|221|192|89|144|6506|
20170601|651 |0|2|22561|687|1038|311|789|1414|26800|
20170601|651 |1|1|5299|180|288|162|59|492|6480|
20170601|651 |1|2|22082|714|982|241|670|1390|26079|
20170601|685 |0|1|3730|375|985|995|875|106|7066|
20170601|685 |0|2|17038|1260|1429|835|2904|1113|24579|
20170601|685 |1|1|3703|380|811|863|618|397|6772|
20170601|685 |1|2|17247|1342|1389|884|3110|1137|25109|
20170602|101 |0|1|18696|452|1013|612|208|378|21359|
20170602|101 |0|2|75998|2795|9991|1199|940|3485|94408|
20170602|101 |1|1|17781|597|936|1015|252|1660|22241|
20170602|101 |1|2|74000|3237|10252|1846|1428|3647|94410|
20170602|190 |0|1|12268|385|1317|987|236|166|15359|
20170602|190 |0|2|51564|2849|3355|1504|1656|2351|63279|
20170602|190 |1|1|11096|513|879|1078|355|985|14906|
20170602|190 |1|2|46486|2991|3343|1786|1927|2241|58774|
20170602|253 |0|1|16529|598|1295|970|383|356|20131|
20170602|253 |0|2|74676|2901|2292|1936|2340|4467|88612|
20170602|253 |1|1|15310|751|1034|1153|528|1582|20358|
20170602|253 |1|2|67487|2990|2285|2130|2969|4233|82094|
20170602|254 |0|1|7297|415|763|938|834|216|10463|
20170602|254 |0|2|34195|1815|1360|957|3117|2434|43878|
20170602|254 |1|1|7807|451|757|878|578|921|11392|
20170602|254 |1|2|33931|1603|1285|830|2852|2391|42892|
20170602|651 |0|1|7967|149|251|191|97|189|8844|
20170602|651 |0|2|31210|693|1177|296|786|1672|35834|
20170602|651 |1|1|6171|186|334|168|75|575|7509|
20170602|651 |1|2|25106|689|1295|226|702|1574|29592|
20170602|685 |0|1|4882|384|1004|1015|955|117|8357|
20170602|685 |0|2|20967|1308|1533|779|2869|1286|28742|
20170602|685 |1|1|4230|365|819|805|640|410|7269|
20170602|685 |1|2|19033|1356|1353|885|2913|1266|26806|
20170603|101 |0|1|23478|327|601|353|118|292|25169|
20170603|101 |0|2|76307|1659|9295|621|589|2882|91353|
20170603|101 |1|1|21413|427|670|555|167|1856|25088|
20170603|101 |1|2|73605|2160|9027|1071|962|3011|89836|
20170603|190 |0|1|17065|205|641|405|140|141|18597|
20170603|190 |0|2|56943|1308|2415|575|980|2086|64307|
20170603|190 |1|1|13782|286|459|561|189|1147|16424|
20170603|190 |1|2|49577|1549|2648|975|1384|1969|58102|
20170603|253 |0|1|21956|362|646|456|218|333|23971|
20170603|253 |0|2|75155|1406|1009|700|1360|3618|83248|
20170603|253 |1|1|18271|362|541|670|273|1612|21729|
20170603|253 |1|2|66186|1498|1117|954|1955|3481|75191|
20170603|254 |0|1|9670|244|437|480|423|200|11454|
20170603|254 |0|2|37634|909|1069|522|2108|2017|44259|
20170603|254 |1|1|9549|261|404|519|327|1003|12063|
20170603|254 |1|2|34098|835|1017|530|1653|1981|40114|
20170603|651 |0|1|12631|101|114|113|57|221|13237|
20170603|651 |0|2|41385|393|1094|138|466|1724|45200|
20170603|651 |1|1|8338|132|177|72|45|773|9537|
20170603|651 |1|2|30442|429|1106|107|432|1424|33940|
20170603|685 |0|1|7031|170|551|414|348|116|8630|
20170603|685 |0|2|20070|452|930|360|1489|903|24204|
20170603|685 |1|1|5408|167|408|445|341|512|7281|
20170603|685 |1|2|18536|594|1088|510|1893|1007|23628|
20170604|101 |0|1|21183|187|334|164|44|264|22176|
20170604|101 |0|2|69698|875|7441|338|172|2761|81285|
20170604|101 |1|1|21696|227|400|314|47|1668|24352|
20170604|101 |1|2|71206|937|7946|715|239|2736|83779|
20170604|190 |0|1|13849|142|307|182|49|112|14641|
20170604|190 |0|2|46505|767|2351|397|237|1755|52012|
20170604|190 |1|1|14778|162|196|288|70|1109|16603|
20170604|190 |1|2|50777|675|2170|499|280|1843|56244|
20170604|253 |0|1|19078|163|243|192|79|251|20006|
20170604|253 |0|2|65464|699|737|309|428|3160|70797|
20170604|253 |1|1|19067|170|194|243|87|1650|21411|
20170604|253 |1|2|64233|561|727|348|423|2966|69258|
20170604|254 |0|1|8513|99|123|131|84|144|9094|
20170604|254 |0|2|30804|362|819|179|376|1660|34200|
20170604|254 |1|1|9632|87|109|152|85|945|11010|
20170604|254 |1|2|31341|292|761|170|264|1656|34484|
20170604|651 |0|1|9634|58|70|48|7|164|9981|
20170604|651 |0|2|32171|170|990|58|52|1408|34849|
20170604|651 |1|1|11373|62|110|67|10|979|12601|
20170604|651 |1|2|38387|202|990|39|42|1605|41265|
20170604|685 |0|1|5666|55|163|150|82|104|6220|
20170604|685 |0|2|17696|224|1005|189|395|812|20321|
20170604|685 |1|1|5943|61|105|138|73|515|6835|
20170604|685 |1|2|19296|226|930|172|372|776|21772|
20170605|101 |0|1|20034|461|1000|624|232|406|22757|
20170605|101 |0|2|75882|2477|8524|1059|838|3578|92358|
20170605|101 |1|1|18761|524|844|760|240|1698|22827|
20170605|101 |1|2|74673|2949|8857|1478|1229|3609|92795|
20170605|190 |0|1|12756|437|1174|913|215|185|15680|
20170605|190 |0|2|51045|2682|3022|1401|1532|2424|62106|
20170605|190 |1|1|11814|495|810|815|276|1025|15235|
20170605|190 |1|2|46697|2686|3036|1378|1651|2221|57669|
20170605|253 |0|1|17125|537|1096|911|329|398|20396|
20170605|253 |0|2|73160|2598|1547|1327|2036|4319|84987|
20170605|253 |1|1|15738|630|885|1024|508|1622|20407|
20170605|253 |1|2|68146|2612|1570|1362|2572|4046|80308|
20170605|254 |0|1|7725|389|745|841|654|231|10585|
20170605|254 |0|2|34448|1644|1319|933|3303|2446|44093|
20170605|254 |1|1|7709|409|681|784|507|891|10981|
20170605|254 |1|2|32538|1442|1166|696|2532|2203|40577|
20170605|651 |0|1|8900|148|235|179|65|185|9712|
20170605|651 |0|2|32629|677|957|247|690|1762|36962|
20170605|651 |1|1|8139|166|288|175|74|791|9633|
20170605|651 |1|2|31621|659|933|238|595|1723|35769|
20170605|685 |0|1|5094|352|929|964|936|123|8398|
20170605|685 |0|2|19488|1176|1271|739|2703|1182|26559|
20170605|685 |1|1|4296|336|778|705|603|446|7164|
20170605|685 |1|2|18495|1267|1258|748|3062|1174|26004|
20170606|101 |0|1|18126|341|781|422|161|280|20111|
20170606|101 |0|2|63652|1947|7201|799|583|2618|76800|
20170606|101 |1|1|19048|427|605|668|192|1568|22508|
20170606|101 |1|2|65721|2146|7526|1315|949|2667|80324|
20170606|190 |0|1|10831|233|859|641|162|121|12847|
20170606|190 |0|2|41190|1831|2624|1026|1204|1652|49527|
20170606|190 |1|1|12239|315|549|725|215|1007|15050|
20170606|190 |1|2|44584|1727|2518|1194|1388|1720|53131|
20170606|253 |0|1|15192|325|750|575|206|245|17293|
20170606|253 |0|2|58300|1588|1120|871|1297|2912|66088|
20170606|253 |1|1|15664|334|595|672|305|1435|19005|
20170606|253 |1|2|57599|1471|1113|947|1734|2827|65691|
20170606|254 |0|1|7223|208|404|381|320|160|8696|
20170606|254 |0|2|29908|848|940|496|1780|1726|35698|
20170606|254 |1|1|7982|215|365|456|299|837|10154|
20170606|254 |1|2|29471|792|914|493|1379|1679|34728|
20170606|651 |0|1|7762|97|151|117|47|168|8342|
20170606|651 |0|2|27654|432|964|161|551|1246|31008|
20170606|651 |1|1|8687|142|172|121|50|767|9939|
20170606|651 |1|2|31291|464|874|136|526|1349|34640|
20170606|685 |0|1|4542|149|460|457|311|79|5998|
20170606|685 |0|2|15759|608|1261|456|1661|809|20554|
20170606|685 |1|1|4292|168|419|426|289|442|6036|
20170606|685 |1|2|15731|581|1118|436|1862|778|20506|
20170607|101 |0|1|16154|435|861|599|170|351|18570|
20170607|101 |0|2|65999|2454|8809|1142|674|3263|82341|
20170607|101 |1|1|15042|488|831|706|186|1447|18700|
20170607|101 |1|2|66360|2886|9163|1472|934|3501|84316|
20170607|190 |0|1|9537|305|1110|875|175|113|12115|
20170607|190 |0|2|42577|2769|3246|1465|1146|2104|53307|
20170607|190 |1|1|9311|457|790|799|207|847|12411|
20170607|190 |1|2|39673|2688|3070|1430|1217|2111|50189|
20170607|253 |0|1|13349|506|1047|860|285|343|16390|
20170607|253 |0|2|63932|2656|1625|1418|1739|3923|75293|
20170607|253 |1|1|12799|572|871|907|391|1386|16926|
20170607|253 |1|2|59530|2623|1646|1420|2283|3803|71305|
20170607|254 |0|1|6189|395|799|904|601|191|9079|
20170607|254 |0|2|31971|1781|1364|996|3197|2349|41658|
20170607|254 |1|1|6398|406|657|774|500|803|9538|
20170607|254 |1|2|29570|1491|1189|727|2464|2169|37610|
20170607|651 |0|1|5121|133|201|144|46|117|5762|
20170607|651 |0|2|20346|621|1032|238|376|1294|23907|
20170607|651 |1|1|5271|176|234|156|67|593|6497|
20170607|651 |1|2|21621|633|954|190|292|1390|25080|
20170607|685 |0|1|3897|338|1015|917|879|105|7151|
20170607|685 |0|2|16794|1074|1297|747|2555|1045|23512|
20170607|685 |1|1|3442|326|782|744|547|414|6255|
20170607|685 |1|2|16751|1240|1436|733|2913|1098|24171|
20170608|101 |0|1|16850|530|973|671|195|350|19569|
20170608|101 |0|2|71140|2848|9002|1286|852|3440|88568|
20170608|101 |1|1|16210|591|935|1041|274|1487|20538|
20170608|101 |1|2|70840|3337|9310|1902|1238|3568|90195|
20170608|190 |0|1|10248|324|1346|1040|247|96|13301|
20170608|190 |0|2|44606|3030|3309|1660|1474|2135|56214|
20170608|190 |1|1|9627|535|912|1163|352|898|13487|
20170608|190 |1|2|42712|2980|3235|1808|1700|2153|54588|
20170608|253 |0|1|14531|647|1261|1086|348|391|18264|
20170608|253 |0|2|68492|3059|1828|1612|2188|4211|81390|
20170608|253 |1|1|13470|715|1045|1242|519|1426|18417|
20170608|253 |1|2|63643|2908|1776|1807|2746|4103|76983|
20170608|254 |0|1|6746|455|858|1070|990|227|10346|
20170608|254 |0|2|32997|1754|1384|1028|3177|2316|42656|
20170608|254 |1|1|6998|477|789|920|664|838|10686|
20170608|254 |1|2|31837|1645|1304|942|2770|2236|40734|
20170608|651 |0|1|5796|158|284|203|77|172|6690|
20170608|651 |0|2|23804|686|1104|326|501|1480|27901|
20170608|651 |1|1|5563|168|366|183|61|555|6896|
20170608|651 |1|2|22927|719|1077|271|457|1411|26862|
20170608|685 |0|1|3748|364|1008|1179|1210|108|7617|
20170608|685 |0|2|16935|1264|1293|754|2834|1069|24149|
20170608|685 |1|1|3811|405|816|909|661|376|6978|
20170608|685 |1|2|17322|1335|1355|939|3329|1129|25409|
20170609|101 |0|1|18245|486|1037|681|197|353|20999|
20170609|101 |0|2|73907|2782|9735|1250|900|3519|92093|
20170609|101 |1|1|17178|581|968|1033|254|1605|21619|
20170609|101 |1|2|72468|3290|9896|1823|1393|3628|92498|
20170609|190 |0|1|12037|345|1355|1061|223|77|15098|
20170609|190 |0|2|50557|2974|3366|1594|1820|2360|62671|
20170609|190 |1|1|11075|538|906|1154|412|1050|15135|
20170609|190 |1|2|47753|3005|3303|1922|1936|2382|60301|
20170609|253 |0|1|15936|612|1153|978|362|385|19426|
20170609|253 |0|2|72575|2878|1845|1559|2265|4195|85317|
20170609|253 |1|1|14998|663|1013|1164|536|1636|20010|
20170609|253 |1|2|68610|2931|1870|1723|2864|4221|82219|
20170609|254 |0|1|7136|426|746|831|598|206|9943|
20170609|254 |0|2|34692|1776|1445|988|3366|2407|44674|
20170609|254 |1|1|7494|437|820|882|617|874|11124|
20170609|254 |1|2|33030|1592|1258|861|2712|2241|41694|
20170609|651 |0|1|7560|158|270|184|78|171|8421|
20170609|651 |0|2|30333|699|1150|338|737|1640|34897|
20170609|651 |1|1|6089|196|336|178|60|599|7458|
20170609|651 |1|2|25461|703|1200|269|638|1535|29806|
20170609|685 |0|1|4571|357|1042|1084|964|104|8122|
20170609|685 |0|2|19717|1211|1366|784|2835|1216|27129|
20170609|685 |1|1|4258|376|855|856|631|439|7415|
20170609|685 |1|2|19092|1291|1353|914|3234|1220|27104|
20170610|101 |0|1|22107|288|618|393|133|219|23758|
20170610|101 |0|2|74366|1649|9235|603|587|2878|89318|
20170610|101 |1|1|20988|397|730|611|208|1759|24693|
20170610|101 |1|2|72528|2182|9180|1029|932|3051|88902|
20170610|190 |0|1|16669|192|736|444|159|82|18282|
20170610|190 |0|2|47737|1241|2364|527|717|1841|54427|
20170610|190 |1|1|13326|288|450|597|220|1099|15980|
20170610|190 |1|2|48072|1498|2776|984|1094|1907|56331|
20170610|253 |0|1|20591|332|604|486|216|373|22602|
20170610|253 |0|2|72996|1367|1144|699|1338|3524|81068|
20170610|253 |1|1|17732|384|551|655|310|1736|21368|
20170610|253 |1|2|65886|1505|1173|951|1912|3376|74803|
20170610|254 |0|1|9022|229|389|421|342|191|10594|
20170610|254 |0|2|35787|894|1079|466|1872|2046|42144|
20170610|254 |1|1|9505|249|389|493|336|1054|12026|
20170610|254 |1|2|33996|840|980|526|1534|1934|39810|
20170610|651 |0|1|12295|90|139|125|34|232|12915|
20170610|651 |0|2|41449|411|1306|148|400|1759|45473|
20170610|651 |1|1|8383|119|180|85|25|753|9545|
20170610|651 |1|2|30713|405|1288|106|339|1392|34243|
20170610|685 |0|1|6529|144|437|449|323|149|8031|
20170610|685 |0|2|22047|517|1172|407|1768|1004|26915|
20170610|685 |1|1|5458|147|445|469|300|557|7376|
20170610|685 |1|2|19132|615|1140|481|2052|953|24373|
20170611|101 |0|1|20087|138|302|225|47|198|20997|
20170611|101 |0|2|67401|849|7473|312|232|2763|79030|
20170611|101 |1|1|20736|247|441|340|75|1624|23463|
20170611|101 |1|2|68923|953|8010|648|311|2670|81515|
20170611|190 |0|1|12401|113|339|168|56|63|13140|
20170611|190 |0|2|42841|753|2394|379|434|1723|48524|
20170611|190 |1|1|14122|183|194|285|71|1070|15925|
20170611|190 |1|2|49666|664|2208|491|437|1749|55215|
20170611|253 |0|1|18240|160|303|192|56|293|19244|
20170611|253 |0|2|63362|721|852|374|436|3169|68914|
20170611|253 |1|1|18583|136|187|257|77|1683|20923|
20170611|253 |1|2|62688|580|727|417|425|2791|67628|
20170611|254 |0|1|8350|77|114|141|106|132|8920|
20170611|254 |0|2|30968|371|739|175|434|1651|34338|
20170611|254 |1|1|9258|88|134|143|75|977|10675|
20170611|254 |1|2|30808|268|715|143|330|1639|33903|
20170611|651 |0|1|8314|58|69|54|10|160|8665|
20170611|651 |0|2|27278|176|1093|57|58|1267|29929|
20170611|651 |1|1|11352|85|84|91|15|963|12590|
20170611|651 |1|2|38217|192|1070|48|43|1587|41157|
20170611|685 |0|1|5672|57|159|137|83|99|6207|
20170611|685 |0|2|17455|245|1079|183|492|867|20321|
20170611|685 |1|1|5675|63|106|130|71|548|6593|
20170611|685 |1|2|18809|238|963|168|441|829|21448|
20170612|101 |0|1|18010|413|962|683|214|350|20632|
20170612|101 |0|2|74340|2576|8803|1229|843|3637|91428|
20170612|101 |1|1|15915|513|875|753|232|1565|19853|
20170612|101 |1|2|68484|2977|9009|1494|1195|3484|86643|
20170612|190 |0|1|10753|341|1218|961|223|84|13580|
20170612|190 |0|2|44818|2708|3040|1482|1560|2118|55726|
20170612|190 |1|1|9947|471|859|828|268|924|13297|
20170612|190 |1|2|41324|2685|3095|1384|1634|2136|52258|
20170612|253 |0|1|15619|572|1284|948|378|402|19203|
20170612|253 |0|2|70381|2787|2079|1994|2147|4286|83674|
20170612|253 |1|1|13964|650|991|1094|485|1472|18656|
20170612|253 |1|2|63323|2785|2048|1932|2729|3957|76774|
20170612|254 |0|1|7209|419|811|874|646|214|10173|
20170612|254 |0|2|34445|1758|1406|1002|3323|2434|44368|
20170612|254 |1|1|7012|434|650|769|514|838|10217|
20170612|254 |1|2|30754|1507|1234|701|2417|2124|38737|
20170612|651 |0|1|6381|154|242|172|67|153|7169|
20170612|651 |0|2|24127|683|1007|279|594|1475|28165|
20170612|651 |1|1|6395|191|299|176|64|676|7801|
20170612|651 |1|2|24769|699|965|248|559|1569|28809|
20170612|685 |0|1|5191|359|1010|1037|895|127|8619|
20170612|685 |0|2|17245|1175|1230|838|2660|1076|24224|
20170612|685 |1|1|3824|365|829|738|607|389|6752|
20170612|685 |1|2|16989|1295|1386|761|3023|1144|24598|
20170613|101 |0|1|16762|443|1021|724|221|338|19509|
20170613|101 |0|2|70614|2738|8939|1315|903|3437|87946|
20170613|101 |1|1|15633|575|933|965|250|1488|19844|
20170613|101 |1|2|67953|3185|9205|1944|1370|3412|87069|
20170613|190 |0|1|9508|327|1326|1000|223|79|12463|
20170613|190 |0|2|40911|2898|3150|1551|1548|2070|52128|
20170613|190 |1|1|9480|516|928|1176|324|885|13309|
20170613|190 |1|2|41022|2967|3209|1869|1812|2085|52964|
20170613|253 |0|1|14250|570|1378|1098|386|366|18048|
20170613|253 |0|2|67500|2977|2307|2111|2493|4048|81436|
20170613|253 |1|1|13690|695|1107|1277|622|1466|18857|
20170613|253 |1|2|62159|2893|2212|2189|2999|3791|76243|
20170613|254 |0|1|6408|407|782|950|659|203|9409|
20170613|254 |0|2|32413|1763|1416|1066|3503|2236|42397|
20170613|254 |1|1|6918|465|730|861|554|773|10301|
20170613|254 |1|2|31226|1596|1264|872|2830|2137|39925|
20170613|651 |0|1|5803|130|235|197|86|137|6588|
20170613|651 |0|2|23311|728|1077|305|764|1401|27586|
20170613|651 |1|1|5538|176|321|162|71|580|6848|
20170613|651 |1|2|23270|729|1043|268|692|1455|27457|
20170613|685 |0|1|3726|350|1049|1124|1254|97|7600|
20170613|685 |0|2|16788|1243|1298|730|2503|1056|23618|
20170613|685 |1|1|3488|330|878|914|624|392|6626|
20170613|685 |1|2|17080|1376|1378|858|3056|1087|24835|
20170614|101 |0|1|18345|512|913|686|243|342|21041|
20170614|101 |0|2|65413|2592|8914|1249|857|3044|82069|
20170614|101 |1|1|16278|567|925|986|265|1504|20525|
20170614|101 |1|2|70439|3166|9273|1874|1262|3443|89457|
20170614|190 |0|1|10359|355|1370|945|251|71|13351|
20170614|190 |0|2|43564|2932|3229|1561|1608|2188|55082|
20170614|190 |1|1|9550|532|901|1075|339|841|13238|
20170614|190 |1|2|41612|2967|3149|1784|1802|2109|53423|
20170614|253 |0|1|14370|613|1311|1062|342|389|18087|
20170614|253 |0|2|68233|2939|2228|2104|2443|4129|82076|
20170614|253 |1|1|13517|674|1092|1141|520|1446|18390|
20170614|253 |1|2|62828|2989|2259|2214|3068|3903|77261|
20170614|254 |0|1|6473|399|734|916|590|204|9316|
20170614|254 |0|2|32650|1814|1423|1043|3213|2283|42426|
20170614|254 |1|1|6884|466|704|828|515|806|10203|
20170614|254 |1|2|31000|1517|1295|869|2528|2110|39319|
20170614|651 |0|1|5912|146|248|183|87|152|6728|
20170614|651 |0|2|23376|697|1065|308|731|1413|27590|
20170614|651 |1|1|5666|175|317|160|74|542|6934|
20170614|651 |1|2|23186|719|1059|266|649|1391|27270|
20170614|685 |0|1|3956|371|923|1052|957|121|7380|
20170614|685 |0|2|17280|1263|1406|841|2875|1092|24757|
20170614|685 |1|1|3607|364|768|892|641|378|6650|
20170614|685 |1|2|17026|1334|1323|916|3216|1145|24960|
20170615|101 |0|1|16803|481|983|687|187|355|19496|
20170615|101 |0|2|70189|2817|8906|1225|863|3257|87257|
20170615|101 |1|1|16690|565|933|1065|263|1551|21067|
20170615|101 |1|2|70975|3292|9252|1961|1340|3459|90279|
20170615|190 |0|1|10352|345|1370|973|265|87|13392|
20170615|190 |0|2|45401|2947|3225|1559|1609|2231|56972|
20170615|190 |1|1|9816|532|897|1091|333|856|13525|
20170615|190 |1|2|43133|2938|3217|1820|1799|2092|54999|
20170615|253 |0|1|14508|620|1359|1047|365|381|18280|
20170615|253 |0|2|68141|2977|2226|2060|2457|4197|82058|
20170615|253 |1|1|13319|675|1078|1151|548|1390|18161|
20170615|253 |1|2|62081|2976|2222|2202|2946|3833|76260|
20170615|254 |0|1|6706|434|780|917|657|196|9690|
20170615|254 |0|2|33297|1779|1399|1020|3413|2348|43256|
20170615|254 |1|1|6915|469|751|857|591|778|10361|
20170615|254 |1|2|31403|1589|1223|814|2684|2250|39963|
20170615|651 |0|1|6068|180|265|183|99|143|6938|
20170615|651 |0|2|24575|705|1112|307|884|1436|29019|
20170615|651 |1|1|5680|200|326|184|114|592|7096|
20170615|651 |1|2|23995|722|1033|252|752|1459|28213|
20170615|685 |0|1|3850|365|996|1125|1127|102|7565|
20170615|685 |0|2|17310|1222|1391|877|2692|1092|24584|
20170615|685 |1|1|3779|379|808|828|650|405|6849|
20170615|685 |1|2|17668|1302|1354|901|3163|1148|25536|
20170616|101 |0|1|18843|489|901|603|195|352|21383|
20170616|101 |0|2|74914|2653|9507|1235|953|3465|92727|
20170616|101 |1|1|17941|555|979|956|267|1637|22335|
20170616|101 |1|2|73654|3140|9853|1755|1350|3541|93293|
20170616|190 |0|1|12608|354|1326|951|231|101|15571|
20170616|190 |0|2|52395|2931|3239|1501|1628|2483|64177|
20170616|190 |1|1|10998|555|889|969|322|928|14661|
20170616|190 |1|2|45911|2945|3090|1699|1824|2330|57799|
20170616|253 |0|1|16440|566|1236|995|356|402|19995|
20170616|253 |0|2|73534|2920|2150|2033|2419|4398|87454|
20170616|253 |1|1|15387|621|1089|1141|484|1603|20325|
20170616|253 |1|2|68909|2821|2198|2166|2958|4347|83399|
20170616|254 |0|1|7171|419|743|900|581|184|9998|
20170616|254 |0|2|35012|1747|1467|974|3311|2382|44893|
20170616|254 |1|1|7550|441|699|842|502|878|10912|
20170616|254 |1|2|32747|1564|1230|858|2726|2257|41382|
20170616|651 |0|1|8160|167|257|190|119|159|9052|
20170616|651 |0|2|33163|678|1178|293|861|1724|37897|
20170616|651 |1|1|6574|183|333|179|80|644|7993|
20170616|651 |1|2|25957|675|1204|250|815|1511|30412|
20170616|685 |0|1|4885|376|985|1073|908|118|8345|
20170616|685 |0|2|21062|1258|1467|857|2761|1243|28648|
20170616|685 |1|1|4309|384|930|914|769|438|7744|
20170616|685 |1|2|19272|1354|1288|860|2927|1273|26974|
20170617|101 |0|1|22587|333|561|377|129|292|24279|
20170617|101 |0|2|75139|1713|9177|624|609|2871|90133|
20170617|101 |1|1|21242|422|671|561|176|1769|24841|
20170617|101 |1|2|72307|2154|9080|1076|917|2983|88517|
20170617|190 |0|1|14277|195|631|418|146|93|15760|
20170617|190 |0|2|55939|1401|2458|548|1043|2099|63488|
20170617|190 |1|1|13819|295|476|574|171|1142|16477|
20170617|190 |1|2|50052|1546|2605|923|1326|2122|58574|
20170617|253 |0|1|21162|313|574|509|221|350|23129|
20170617|253 |0|2|75103|1395|1300|869|1463|3674|83804|
20170617|253 |1|1|18482|327|566|663|292|1821|22151|
20170617|253 |1|2|67302|1525|1345|1138|2147|3528|76985|
20170617|254 |0|1|8962|200|370|413|312|163|10420|
20170617|254 |0|2|36139|856|1008|444|1847|2020|42314|
20170617|254 |1|1|9240|236|411|466|302|1004|11659|
20170617|254 |1|2|33619|833|977|537|1601|1942|39509|
20170617|651 |0|1|13087|105|171|114|76|258|13811|
20170617|651 |0|2|42690|377|1233|174|799|1784|47057|
20170617|651 |1|1|8848|128|195|88|65|862|10186|
20170617|651 |1|2|32867|427|1244|115|675|1467|36795|
20170617|685 |0|1|6751|160|434|444|338|103|8230|
20170617|685 |0|2|22434|589|1236|466|1632|1052|27409|
20170617|685 |1|1|5538|168|452|460|319|540|7477|
20170617|685 |1|2|19545|623|1104|517|1917|1006|24712|
20170618|101 |0|1|20390|178|287|148|44|248|21295|
20170618|101 |0|2|68640|896|7417|368|164|2728|80213|
20170618|101 |1|1|21689|231|454|334|43|1700|24451|
20170618|101 |1|2|72739|946|8052|675|246|2885|85543|
20170618|190 |0|1|12835|114|342|166|54|57|13568|
20170618|190 |0|2|44402|827|2398|377|255|1880|50139|
20170618|190 |1|1|14563|167|202|300|52|1079|16363|
20170618|190 |1|2|51206|710|2153|496|221|1821|56607|
20170618|253 |0|1|18585|165|241|173|45|268|19477|
20170618|253 |0|2|64446|677|841|346|512|3219|70041|
20170618|253 |1|1|18816|166|190|249|69|1591|21081|
20170618|253 |1|2|64385|564|774|349|506|2985|69563|
20170618|254 |0|1|8455|74|117|128|103|146|9023|
20170618|254 |0|2|31597|342|803|193|365|1720|35020|
20170618|254 |1|1|9369|84|116|155|86|960|10770|
20170618|254 |1|2|30987|278|788|170|264|1669|34156|
20170618|651 |0|1|8162|60|78|45|16|153|8514|
20170618|651 |0|2|28017|198|1122|59|92|1252|30740|
20170618|651 |1|1|11890|92|112|88|17|1081|13280|
20170618|651 |1|2|39285|217|1080|78|70|1702|42432|
20170618|685 |0|1|5640|67|167|141|109|92|6216|
20170618|685 |0|2|17092|221|1060|173|463|824|19833|
20170618|685 |1|1|6118|61|111|148|75|542|7055|
20170618|685 |1|2|20344|232|935|182|450|831|22974|
20170619|101 |0|1|18784|498|912|657|201|416|21468|
20170619|101 |0|2|73706|2524|8629|1136|710|3581|90286|
20170619|101 |1|1|16157|526|803|762|223|1593|20064|
20170619|101 |1|2|67942|2945|8959|1392|1067|3401|85706|
20170619|190 |0|1|11269|338|1328|975|246|108|14264|
20170619|190 |0|2|47412|2783|2945|1495|1548|2288|58471|
20170619|190 |1|1|10369|471|814|813|277|934|13678|
20170619|190 |1|2|42590|2664|2989|1366|1618|2203|53430|
20170619|253 |0|1|15721|562|1229|981|337|393|19223|
20170619|253 |0|2|69609|2715|1989|2020|2208|4265|82806|
20170619|253 |1|1|13830|614|956|1048|494|1463|18405|
20170619|253 |1|2|62517|2718|1989|1929|2674|3947|75774|
20170619|254 |0|1|6926|389|736|929|606|209|9795|
20170619|254 |0|2|34154|1679|1389|1008|3463|2441|44134|
20170619|254 |1|1|7251|433|659|763|503|904|10513|
20170619|254 |1|2|31166|1432|1213|697|2609|2174|39291|
20170619|651 |0|1|6524|134|253|184|96|142|7333|
20170619|651 |0|2|24070|657|1001|267|928|1467|28390|
20170619|651 |1|1|6702|155|321|172|116|668|8134|
20170619|651 |1|2|26094|691|1022|236|824|1620|30487|
20170619|685 |0|1|5579|375|1036|1008|1040|116|9154|
20170619|685 |0|2|17252|1141|1218|803|2626|1107|24147|
20170619|685 |1|1|4015|352|773|774|637|415|6966|
20170619|685 |1|2|17435|1245|1334|767|2995|1151|24927|
20170620|101 |0|1|16650|476|936|726|252|326|19366|
20170620|101 |0|2|69765|2732|8896|1285|852|3349|86879|
20170620|101 |1|1|15943|583|943|966|281|1464|20180|
20170620|101 |1|2|68956|3148|9277|1892|1412|3494|88179|
20170620|190 |0|1|10209|337|1354|968|264|87|13219|
20170620|190 |0|2|43885|3040|3143|1697|1714|2222|55701|
20170620|190 |1|1|9830|507|931|1151|339|939|13697|
20170620|190 |1|2|42004|2887|3120|1894|1875|2142|53922|
20170620|253 |0|1|14725|679|1357|1073|383|358|18575|
20170620|253 |0|2|68558|2866|2274|2167|2526|4132|82523|
20170620|253 |1|1|13190|665|1128|1297|518|1426|18224|
20170620|253 |1|2|62353|2898|2196|2310|3026|3904|76687|
20170620|254 |0|1|6470|438|727|963|685|216|9499|
20170620|254 |0|2|32909|1822|1417|1063|3302|2257|42770|
20170620|254 |1|1|6769|452|738|868|615|784|10226|
20170620|254 |1|2|31642|1486|1266|787|2725|2152|40058|
20170620|651 |0|1|6143|141|243|209|102|172|7010|
20170620|651 |0|2|23781|701|1079|295|904|1467|28227|
20170620|651 |1|1|5738|167|301|190|76|586|7058|
20170620|651 |1|2|23275|678|1053|245|816|1454|27521|
20170620|685 |0|1|3840|384|997|1045|1062|106|7434|
20170620|685 |0|2|17486|1207|1384|847|2988|1092|25004|
20170620|685 |1|1|3661|371|878|819|643|379|6751|
20170620|685 |1|2|17274|1330|1391|918|3275|1121|25309|
20170621|101 |0|1|17529|498|964|661|217|346|20215|
20170621|101 |0|2|70935|2762|8969|1254|909|3424|88253|
20170621|101 |1|1|16463|589|921|972|300|1448|20693|
20170621|101 |1|2|69188|3275|9215|1781|1348|3504|88311|
20170621|190 |0|1|10482|300|1328|982|251|81|13424|
20170621|190 |0|2|44331|2889|3171|1561|1638|2197|55787|
20170621|190 |1|1|9443|478|890|1060|338|819|13028|
20170621|190 |1|2|39049|2788|3031|1738|1764|1968|50338|
20170621|253 |0|1|14347|577|1267|974|369|367|17901|
20170621|253 |0|2|67254|2873|2181|2060|2430|4061|80859|
20170621|253 |1|1|13544|637|1068|1207|515|1496|18467|
20170621|253 |1|2|63374|2937|2205|2254|3073|3874|77717|
20170621|254 |0|1|6825|407|792|917|629|189|9759|
20170621|254 |0|2|33486|1797|1375|1090|3300|2287|43335|
20170621|254 |1|1|7136|420|763|823|602|826|10570|
20170621|254 |1|2|31528|1538|1244|827|2651|2130|39918|
20170621|651 |0|1|6146|145|268|195|74|152|6980|
20170621|651 |0|2|24095|680|1044|275|790|1415|28299|
20170621|651 |1|1|5763|189|296|168|70|559|7045|
20170621|651 |1|2|23711|700|1019|266|716|1483|27895|
20170621|685 |0|1|3909|359|981|1015|860|105|7229|
20170621|685 |0|2|17472|1219|1346|821|2937|1119|24914|
20170621|685 |1|1|3822|360|846|835|589|391|6843|
20170621|685 |1|2|17803|1282|1330|864|3093|1135|25507|
20170622|101 |0|1|17519|436|950|701|206|356|20168|
20170622|101 |0|2|70954|2759|8740|1229|873|3381|87936|
20170622|101 |1|1|16501|557|881|947|227|1506|20619|
20170622|101 |1|2|69511|3198|9079|1776|1314|3485|88363|
20170622|190 |0|1|10755|314|1301|939|250|106|13665|
20170622|190 |0|2|44545|2828|3101|1526|1769|2139|55908|
20170622|190 |1|1|10172|511|897|1063|328|932|13903|
20170622|190 |1|2|43622|2942|3061|1797|1989|2144|55555|
20170622|253 |0|1|14555|602|1274|972|385|343|18131|
20170622|253 |0|2|67994|2893|2169|2117|2469|4122|81764|
20170622|253 |1|1|13798|658|1039|1144|555|1418|18612|
20170622|253 |1|2|63417|2806|2079|2305|3037|3946|77590|
20170622|254 |0|1|6731|402|772|859|618|212|9594|
20170622|254 |0|2|33285|1735|1384|1006|3308|2333|43051|
20170622|254 |1|1|7138|471|760|834|570|852|10625|
20170622|254 |1|2|32000|1553|1229|832|2644|2224|40482|
20170622|651 |0|1|6614|154|260|193|91|168|7480|
20170622|651 |0|2|25183|683|1090|297|731|1403|29387|
20170622|651 |1|1|6114|175|310|169|70|599|7437|
20170622|651 |1|2|24340|704|1034|267|673|1407|28425|
20170622|685 |0|1|3883|334|959|991|945|105|7217|
20170622|685 |0|2|17739|1204|1330|823|2834|1133|25063|
20170622|685 |1|1|3829|356|800|803|668|413|6869|
20170622|685 |1|2|17659|1288|1315|827|3116|1164|25369|
20170623|101 |0|1|18821|491|949|657|252|375|21545|
20170623|101 |0|2|75133|2695|9374|1225|917|3428|92772|
20170623|101 |1|1|17714|575|937|970|306|1697|22199|
20170623|101 |1|2|74149|3186|9702|1702|1280|3699|93718|
20170623|190 |0|1|12259|362|1250|888|246|125|15130|
20170623|190 |0|2|51118|2785|3100|1424|1666|2408|62501|
20170623|190 |1|1|11604|565|978|1000|342|974|15463|
20170623|190 |1|2|46664|2812|2927|1708|1871|2307|58289|
20170623|253 |0|1|16682|589|1210|972|317|389|20159|
20170623|253 |0|2|74219|2856|2147|2069|2379|4350|88020|
20170623|253 |1|1|15284|667|1027|1115|497|1509|20099|
20170623|253 |1|2|67776|2791|2090|2236|2994|4183|82070|
20170623|254 |0|1|7163|413|774|860|621|199|10030|
20170623|254 |0|2|35118|1703|1377|997|3214|2447|44856|
20170623|254 |1|1|7409|455|702|883|544|903|10896|
20170623|254 |1|2|33393|1509|1225|839|2595|2338|41899|
20170623|651 |0|1|8797|138|249|192|88|198|9662|
20170623|651 |0|2|34050|710|1119|301|857|1766|38803|
20170623|651 |1|1|6803|172|311|172|82|691|8231|
20170623|651 |1|2|26475|749|1122|264|747|1588|30945|
20170623|685 |0|1|4504|344|948|1024|1007|130|7957|
20170623|685 |0|2|19663|1196|1421|830|2862|1194|27166|
20170623|685 |1|1|4368|384|802|816|654|445|7469|
20170623|685 |1|2|19649|1258|1292|855|3111|1244|27409|
20170624|101 |0|1|22609|307|548|359|145|265|24233|
20170624|101 |0|2|74161|1692|8854|646|593|2828|88774|
20170624|101 |1|1|20798|401|674|532|154|1762|24321|
20170624|101 |1|2|71467|2145|8905|1096|859|2970|87442|
20170624|190 |0|1|15474|211|645|425|139|70|16964|
20170624|190 |0|2|54393|1413|2460|589|926|2083|61864|
20170624|190 |1|1|13523|309|465|539|199|1082|16117|
20170624|190 |1|2|49011|1500|2518|996|1191|2111|57327|
20170624|253 |0|1|20256|329|584|472|188|343|22172|
20170624|253 |0|2|73185|1409|1288|902|1480|3502|81766|
20170624|253 |1|1|18073|376|594|665|302|1661|21671|
20170624|253 |1|2|67194|1491|1270|1152|1973|3380|76460|
20170624|254 |0|1|8454|212|357|396|300|185|9904|
20170624|254 |0|2|35323|846|1005|448|1679|2046|41347|
20170624|254 |1|1|9165|233|409|482|277|964|11530|
20170624|254 |1|2|33389|792|933|520|1461|1951|39046|
20170624|651 |0|1|11836|95|152|119|45|225|12472|
20170624|651 |0|2|40313|399|1142|181|398|1774|44207|
20170624|651 |1|1|8686|137|196|81|37|767|9904|
20170624|651 |1|2|31729|433|1140|120|360|1424|35206|
20170624|685 |0|1|6473|172|454|427|343|125|7994|
20170624|685 |0|2|21887|517|1200|441|1749|1062|26856|
20170624|685 |1|1|5313|157|389|456|301|522|7138|
20170624|685 |1|2|19157|609|1071|489|2091|1005|24422|
20170625|101 |0|1|19443|177|292|156|33|283|20384|
20170625|101 |0|2|65355|806|7161|373|177|2619|76491|
20170625|101 |1|1|20247|195|421|287|53|1660|22863|
20170625|101 |1|2|67089|856|7617|605|231|2676|79074|
20170625|190 |0|1|11943|93|309|164|34|45|12588|
20170625|190 |0|2|41663|767|2214|394|205|1659|46902|
20170625|190 |1|1|13338|139|212|287|55|1031|15062|
20170625|190 |1|2|46598|646|2060|464|261|1704|51733|
20170625|253 |0|1|17283|154|216|150|49|243|18095|
20170625|253 |0|2|60749|638|663|320|460|3090|65920|
20170625|253 |1|1|17807|127|149|203|62|1622|19970|
20170625|253 |1|2|61438|533|618|337|422|2838|66186|
20170625|254 |0|1|7790|69|129|116|82|149|8335|
20170625|254 |0|2|29846|345|740|157|409|1622|33119|
20170625|254 |1|1|8775|86|100|163|61|941|10126|
20170625|254 |1|2|29185|260|711|128|296|1650|32230|
20170625|651 |0|1|7530|115|93|46|6|147|7937|
20170625|651 |0|2|24785|180|1094|55|68|1128|27310|
20170625|651 |1|1|10665|77|96|68|13|901|11820|
20170625|651 |1|2|36428|218|1019|75|59|1578|39377|
20170625|685 |0|1|5439|48|147|129|99|79|5941|
20170625|685 |0|2|16661|246|1026|155|471|816|19375|
20170625|685 |1|1|5743|56|106|133|67|496|6601|
20170625|685 |1|2|18940|238|953|129|485|821|21566|
20170626|101 |0|1|17962|429|900|607|180|366|20444|
20170626|101 |0|2|70731|2426|8354|1108|771|3428|86818|
20170626|101 |1|1|15954|494|840|718|211|1574|19791|
20170626|101 |1|2|65952|2822|8682|1383|1011|3482|83332|
20170626|190 |0|1|11280|354|1214|877|207|93|14025|
20170626|190 |0|2|42825|2603|2849|1485|1134|2048|52944|
20170626|190 |1|1|10000|470|711|778|253|866|13078|
20170626|190 |1|2|41039|2581|2871|1342|1251|2208|51292|
20170626|253 |0|1|15334|520|1186|928|325|356|18649|
20170626|253 |0|2|68414|2570|1965|1962|2009|4241|81161|
20170626|253 |1|1|13343|601|953|956|457|1386|17696|
20170626|253 |1|2|60061|2617|1978|1825|2456|3925|72862|
20170626|254 |0|1|6578|380|764|942|692|207|9563|
20170626|254 |0|2|33778|1678|1323|960|3088|2409|43236|
20170626|254 |1|1|6691|405|644|773|503|758|9774|
20170626|254 |1|2|29857|1432|1110|659|2403|2097|37558|
20170626|651 |0|1|6620|137|247|166|55|171|7396|
20170626|651 |0|2|23902|639|989|264|417|1482|27693|
20170626|651 |1|1|6521|154|303|161|49|670|7858|
20170626|651 |1|2|24710|671|922|256|363|1566|28488|
20170626|685 |0|1|5481|364|921|935|798|135|8634|
20170626|685 |0|2|17239|1084|1261|814|2519|1099|24016|
20170626|685 |1|1|3816|351|767|753|593|427|6707|
20170626|685 |1|2|16824|1216|1333|761|2563|1105|23802|
20170627|101 |0|1|16998|501|981|731|211|335|19757|
20170627|101 |0|2|69944|2874|8556|1281|834|3374|86863|
20170627|101 |1|1|16237|573|970|987|250|1498|20515|
20170627|101 |1|2|70936|3249|8832|1766|1296|3539|89618|
20170627|190 |0|1|9501|326|1200|881|201|65|12174|
20170627|190 |0|2|40250|2741|2722|1528|1396|1921|50558|
20170627|190 |1|1|9661|517|879|1101|303|883|13344|
20170627|190 |1|2|39979|2765|2843|1858|1624|1906|50975|
20170627|253 |0|1|14589|593|1317|1001|366|379|18245|
20170627|253 |0|2|68232|2924|2132|2198|2403|4186|82075|
20170627|253 |1|1|13325|667|1067|1215|484|1399|18157|
20170627|253 |1|2|61234|2881|2129|2290|2784|3907|75225|
20170627|254 |0|1|6280|401|797|973|609|193|9253|
20170627|254 |0|2|32202|1771|1351|1073|3296|2342|42035|
20170627|254 |1|1|6600|471|797|909|565|774|10116|
20170627|254 |1|2|30464|1578|1109|857|2618|2130|38756|
20170627|651 |0|1|5954|150|265|201|54|159|6783|
20170627|651 |0|2|22659|681|1045|318|595|1379|26677|
20170627|651 |1|1|5464|181|315|194|73|565|6792|
20170627|651 |1|2|20603|641|939|267|455|1281|24186|
20170627|685 |0|1|3745|373|1020|1119|1091|124|7472|
20170627|685 |0|2|16691|1284|1347|810|2929|1034|24095|
20170627|685 |1|1|3752|366|897|878|638|383|6914|
20170627|685 |1|2|17529|1341|1386|949|3286|1196|25687|
20170628|101 |0|1|17864|496|929|705|250|362|20606|
20170628|101 |0|2|65358|2659|8594|1263|838|3059|81771|
20170628|101 |1|1|16385|593|1009|989|336|1493|20805|
20170628|101 |1|2|71052|3301|8872|1751|1279|3550|89805|
20170628|190 |0|1|10017|253|1418|922|219|72|12901|
20170628|190 |0|2|42920|2866|2874|1532|1491|2089|53772|
20170628|190 |1|1|9482|528|917|1032|299|881|13139|
20170628|190 |1|2|41481|2862|2926|1790|1757|2015|52831|
20170628|253 |0|1|14526|599|1299|1081|391|363|18259|
20170628|253 |0|2|67788|2924|2169|2140|2538|4226|81785|
20170628|253 |1|1|13303|719|1067|1205|579|1368|18241|
20170628|253 |1|2|58505|2793|1993|2178|2862|3697|72028|
20170628|254 |0|1|6449|392|761|921|619|209|9351|
20170628|254 |0|2|32452|1786|1367|1030|3298|2280|42213|
20170628|254 |1|1|6744|445|728|884|595|814|10210|
20170628|254 |1|2|31424|1576|1209|777|2619|2171|39776|
20170628|651 |0|1|6178|158|271|177|49|144|6977|
20170628|651 |0|2|24395|697|1032|317|463|1446|28350|
20170628|651 |1|1|6270|176|332|195|70|635|7678|
20170628|651 |1|2|24891|742|1055|261|475|1522|28946|
20170628|685 |0|1|3868|380|1049|1083|964|107|7451|
20170628|685 |0|2|17257|1251|1360|870|2938|1145|24821|
20170628|685 |1|1|3836|389|849|854|581|403|6912|
20170628|685 |1|2|17795|1352|1376|944|3313|1177|25957|
20170629|101 |0|1|16763|502|918|688|231|321|19423|
20170629|101 |0|2|68839|2856|8558|1246|904|3157|85560|
20170629|101 |1|1|16673|589|950|1024|335|1486|21057|
20170629|101 |1|2|69982|3263|8878|1783|1292|3446|88644|
20170629|190 |0|1|10530|342|1285|971|264|104|13496|
20170629|190 |0|2|41791|2820|2882|1498|1439|2110|52540|
20170629|190 |1|1|9262|494|854|1078|305|789|12782|
20170629|190 |1|2|39144|2807|2836|1814|1621|1844|50066|
20170629|253 |0|1|15028|659|1321|1052|367|383|18810|
20170629|253 |0|2|68739|2991|2131|2144|2592|4226|82823|
20170629|253 |1|1|13155|693|1020|1165|513|1429|17975|
20170629|253 |1|2|62381|2867|2092|2258|2947|3867|76412|
20170629|254 |0|1|5866|424|726|852|581|190|8639|
20170629|254 |0|2|31400|1724|1291|1033|3119|2258|40825|
20170629|254 |1|1|6849|476|720|865|552|859|10321|
20170629|254 |1|2|31595|1493|1196|891|2667|2241|40083|
20170629|651 |0|1|6273|153|239|189|49|152|7055|
20170629|651 |0|2|23399|687|1017|335|485|1365|27288|
20170629|651 |1|1|6484|194|318|198|99|647|7940|
20170629|651 |1|2|24401|737|1016|298|471|1508|28431|
20170629|685 |0|1|3820|358|1089|1156|1179|102|7704|
20170629|685 |0|2|17269|1235|1349|862|2896|1103|24714|
20170629|685 |1|1|3868|373|809|914|641|395|7000|
20170629|685 |1|2|17621|1361|1362|953|3275|1163|25735|
20170630|101 |0|1|18457|487|953|614|170|373|21054|
20170630|101 |0|2|72237|2785|9547|1234|898|3455|90156|
20170630|101 |1|1|18451|619|1025|981|254|1689|23019|
20170630|101 |1|2|75599|3363|9974|1849|1345|3742|95872|
20170630|190 |0|1|12530|338|1494|974|290|115|15741|
20170630|190 |0|2|48632|2718|2973|1490|1307|2334|59454|
20170630|190 |1|1|10017|491|828|973|300|862|13471|
20170630|190 |1|2|41023|2629|2905|1791|1497|2032|51877|
20170630|253 |0|1|16084|625|1255|932|371|406|19673|
20170630|253 |0|2|72411|2905|2195|2083|2412|4252|86258|
20170630|253 |1|1|14778|671|1022|1178|493|1584|19726|
20170630|253 |1|2|66200|2844|2113|2220|2851|4179|80407|
20170630|254 |0|1|7234|447|769|888|597|219|10154|
20170630|254 |0|2|35006|1806|1471|967|3322|2369|44941|
20170630|254 |1|1|7535|505|780|888|528|856|11092|
20170630|254 |1|2|33525|1552|1219|878|2703|2303|42180|
