20180401|101 |0|1|19200|162|313|137|33|190|20035|
20180401|101 |0|2|70698|963|7288|429|291|2766|82435|
20180401|101 |1|1|19124|212|463|276|40|1603|21718|
20180401|101 |1|2|71187|939|7806|774|373|2751|83830|
20180401|190 |0|1|11368|126|264|171|45|110|12084|
20180401|190 |0|2|44706|705|2148|407|320|1827|50113|
20180401|190 |1|1|12160|118|194|204|63|933|13672|
20180401|190 |1|2|48919|570|2014|486|339|1812|54140|
20180401|253 |0|1|16128|136|232|162|78|214|16950|
20180401|253 |0|2|64674|697|867|264|548|3127|70177|
20180401|253 |1|1|16134|120|182|166|79|1444|18125|
20180401|253 |1|2|64188|542|822|304|557|2810|69223|
20180401|254 |0|1|8038|74|123|140|89|120|8584|
20180401|254 |0|2|31388|359|804|210|413|1673|34847|
20180401|254 |1|1|8164|72|101|116|80|821|9354|
20180401|254 |1|2|30515|295|782|211|325|1535|33663|
20180401|651 |0|1|6605|45|57|36|14|107|6864|
20180401|651 |0|2|25058|158|890|53|85|1201|27445|
20180401|651 |1|1|8674|55|114|60|13|731|9647|
20180401|651 |1|2|34616|196|863|52|85|1490|37302|
20180401|685 |0|1|5229|67|125|101|87|87|5696|
20180401|685 |0|2|18394|223|1085|173|504|803|21182|
20180401|685 |1|1|5596|62|98|96|54|491|6397|
20180401|685 |1|2|20595|235|1014|149|487|818|23298|
20180402|101 |0|1|16605|391|842|587|168|337|18930|
20180402|101 |0|2|74842|2658|8691|1330|975|3563|92059|
20180402|101 |1|1|14916|491|921|746|203|1600|18877|
20180402|101 |1|2|72493|3148|8950|1625|1291|3658|91165|
20180402|190 |0|1|9242|435|1150|989|196|188|12200|
20180402|190 |0|2|43839|2661|3003|1714|1423|2234|54874|
20180402|190 |1|1|8695|427|853|908|255|840|11978|
20180402|190 |1|2|39685|2611|2996|1616|1557|2139|50604|
20180402|253 |0|1|13509|461|1158|916|296|338|16678|
20180402|253 |0|2|69693|2772|2107|1999|2376|4208|83155|
20180402|253 |1|1|11860|460|932|916|365|1361|15894|
20180402|253 |1|2|62536|2803|2140|1971|2914|3785|76149|
20180402|254 |0|1|6685|327|778|884|470|181|9325|
20180402|254 |0|2|34400|1809|1473|1126|3195|2420|44423|
20180402|254 |1|1|6377|267|749|710|422|755|9280|
20180402|254 |1|2|31061|1421|1271|780|2614|2160|39307|
20180402|651 |0|1|5242|130|221|148|53|125|5919|
20180402|651 |0|2|22364|611|966|281|431|1465|26118|
20180402|651 |1|1|5048|158|315|156|33|525|6235|
20180402|651 |1|2|22853|674|898|249|400|1542|26616|
20180402|685 |0|1|4323|257|937|856|529|91|6993|
20180402|685 |0|2|18158|1273|1526|981|2898|1065|25901|
20180402|685 |1|1|3441|290|778|738|395|328|5970|
20180402|685 |1|2|17907|1419|1491|908|2844|1205|25774|
20180403|101 |0|1|15727|446|952|679|187|333|18324|
20180403|101 |0|2|73444|2840|8945|1489|1090|3507|91315|
20180403|101 |1|1|15008|548|1031|982|246|1416|19231|
20180403|101 |1|2|71385|3294|9376|2135|1545|3636|91371|
20180403|190 |0|1|8983|435|1303|1064|227|153|12165|
20180403|190 |0|2|43620|3092|3229|1808|1629|2226|55604|
20180403|190 |1|1|8685|495|1016|1167|331|797|12491|
20180403|190 |1|2|41357|2977|3172|2083|1803|2084|53476|
20180403|253 |0|1|12535|483|1292|1023|382|344|16059|
20180403|253 |0|2|67786|2901|2246|2070|2560|4082|81645|
20180403|253 |1|1|11740|519|1070|1078|441|1363|16211|
20180403|253 |1|2|64267|2985|2317|2358|3388|3902|79217|
20180403|254 |0|1|6250|350|846|1010|548|175|9179|
20180403|254 |0|2|33249|1831|1559|1244|3600|2289|43772|
20180403|254 |1|1|6241|345|784|890|522|723|9505|
20180403|254 |1|2|31461|1523|1330|1001|2916|2168|40399|
20180403|651 |0|1|5072|139|251|199|63|122|5846|
20180403|651 |0|2|22461|700|1009|382|509|1432|26493|
20180403|651 |1|1|4844|159|355|173|70|542|6143|
20180403|651 |1|2|22648|722|988|286|440|1506|26590|
20180403|685 |0|1|3447|300|912|890|544|86|6179|
20180403|685 |0|2|17650|1387|1603|1058|3269|1118|26085|
20180403|685 |1|1|3265|316|828|849|512|345|6115|
20180403|685 |1|2|18138|1488|1558|1032|3317|1169|26702|
20180404|101 |0|1|15076|380|847|610|166|314|17393|
20180404|101 |0|2|69812|2675|8988|1322|970|3438|87205|
20180404|101 |1|1|14397|495|892|838|210|1362|18194|
20180404|101 |1|2|69438|3096|9229|1884|1246|3516|88409|
20180404|190 |0|1|8451|378|1105|828|187|134|11083|
20180404|190 |0|2|41172|2760|3170|1540|1213|2043|51898|
20180404|190 |1|1|8229|405|779|925|221|774|11333|
20180404|190 |1|2|40740|2806|3152|1753|1437|2042|51930|
20180404|253 |0|1|12253|511|1157|888|285|315|15409|
20180404|253 |0|2|65539|2775|2225|2064|2276|4002|78881|
20180404|253 |1|1|11294|498|1006|932|428|1240|15398|
20180404|253 |1|2|61951|2753|2138|2185|2544|3741|75312|
20180404|254 |0|1|6080|315|829|855|452|165|8696|
20180404|254 |0|2|32526|1708|1444|1062|2758|2292|41790|
20180404|254 |1|1|6121|283|724|809|451|711|9099|
20180404|254 |1|2|31265|1472|1338|881|2525|2128|39609|
20180404|651 |0|1|4890|140|219|173|43|113|5578|
20180404|651 |0|2|21412|605|1017|291|428|1371|25124|
20180404|651 |1|1|4714|167|311|126|44|523|5885|
20180404|651 |1|2|22148|628|960|255|362|1461|25814|
20180404|685 |0|1|3416|289|851|742|462|92|5852|
20180404|685 |0|2|17669|1272|1627|985|3006|1094|25653|
20180404|685 |1|1|3223|315|782|792|439|355|5906|
20180404|685 |1|2|18043|1374|1537|896|2984|1164|25998|
20180405|101 |0|1|14538|324|746|512|124|273|16517|
20180405|101 |0|2|67016|2493|8703|1237|718|3241|83408|
20180405|101 |1|1|13568|424|872|694|178|1281|17017|
20180405|101 |1|2|64926|2894|9055|1760|1023|3298|82956|
20180405|190 |0|1|8468|360|1015|724|157|147|10871|
20180405|190 |0|2|41131|2649|3043|1502|1084|2080|51489|
20180405|190 |1|1|7978|380|731|803|197|708|10797|
20180405|190 |1|2|39108|2592|3011|1694|1271|1972|49648|
20180405|253 |0|1|11798|431|1015|772|247|298|14561|
20180405|253 |0|2|64043|2452|2151|1863|1854|3762|76125|
20180405|253 |1|1|10906|404|901|853|323|1204|14591|
20180405|253 |1|2|59699|2516|2207|2038|2245|3677|72382|
20180405|254 |0|1|5922|279|678|793|353|177|8202|
20180405|254 |0|2|31055|1574|1395|1001|2591|2159|39775|
20180405|254 |1|1|6076|286|637|771|365|712|8847|
20180405|254 |1|2|30578|1391|1269|916|2405|2070|38629|
20180405|651 |0|1|4706|112|194|147|49|102|5310|
20180405|651 |0|2|20374|566|1031|247|351|1303|23872|
20180405|651 |1|1|4397|144|314|132|35|473|5495|
20180405|651 |1|2|20315|595|907|217|331|1384|23749|
20180405|685 |0|1|3220|228|782|697|444|85|5456|
20180405|685 |0|2|16682|1110|1475|883|2822|992|23964|
20180405|685 |1|1|2892|228|737|671|421|301|5250|
20180405|685 |1|2|16035|1156|1291|821|2719|1023|23045|
20180406|101 |0|1|17960|443|928|569|154|319|20373|
20180406|101 |0|2|76723|2726|9722|1299|857|3522|94849|
20180406|101 |1|1|16488|503|1090|834|209|1601|20725|
20180406|101 |1|2|77120|3287|9938|1896|1212|3850|97303|
20180406|190 |0|1|9280|413|1159|870|187|135|12044|
20180406|190 |0|2|52865|2847|3155|1569|1288|2388|64112|
20180406|190 |1|1|9912|425|881|986|231|969|13404|
20180406|190 |1|2|47845|2788|3069|1814|1490|2291|59297|
20180406|253 |0|1|14418|479|1146|850|262|321|17476|
20180406|253 |0|2|72785|2841|2219|1969|2237|4146|86197|
20180406|253 |1|1|13368|516|981|955|362|1355|17537|
20180406|253 |1|2|69189|2860|2215|2207|2737|4171|83379|
20180406|254 |0|1|6981|352|839|861|458|183|9674|
20180406|254 |0|2|35925|1835|1576|1129|3249|2363|46077|
20180406|254 |1|1|6979|312|736|835|418|781|10061|
20180406|254 |1|2|34762|1575|1374|984|2826|2277|43798|
20180406|651 |0|1|6970|128|244|160|36|147|7685|
20180406|651 |0|2|30667|711|1193|314|382|1688|34955|
20180406|651 |1|1|5510|158|395|120|46|579|6808|
20180406|651 |1|2|25804|694|1120|254|364|1548|29784|
20180406|685 |0|1|4223|252|817|791|483|90|6656|
20180406|685 |0|2|20494|1291|1541|985|2894|1128|28333|
20180406|685 |1|1|3908|299|836|728|452|418|6641|
20180406|685 |1|2|20128|1402|1387|914|2813|1218|27862|
20180407|101 |0|1|20764|289|537|281|76|242|22189|
20180407|101 |0|2|76560|1707|9294|663|544|2967|91735|
20180407|101 |1|1|19203|370|774|496|110|1693|22646|
20180407|101 |1|2|75487|2152|9237|1078|866|2957|91777|
20180407|190 |0|1|14563|256|581|507|81|130|16118|
20180407|190 |0|2|57018|1362|2460|653|782|2128|64403|
20180407|190 |1|1|12100|239|423|596|131|988|14477|
20180407|190 |1|2|49290|1501|2496|1074|1054|1975|57390|
20180407|253 |0|1|18106|278|561|431|150|246|19772|
20180407|253 |0|2|74336|1333|1073|650|1322|3534|82248|
20180407|253 |1|1|16221|245|533|475|226|1539|19239|
20180407|253 |1|2|68844|1449|1128|946|2006|3394|77767|
20180407|254 |0|1|8759|169|384|394|244|143|10093|
20180407|254 |0|2|37074|869|1121|460|1763|2073|43360|
20180407|254 |1|1|8364|188|358|421|217|894|10442|
20180407|254 |1|2|34610|804|969|536|1528|1884|40331|
20180407|651 |0|1|9752|98|131|107|30|197|10315|
20180407|651 |0|2|38681|404|1049|167|309|1689|42299|
20180407|651 |1|1|7428|112|224|74|19|658|8515|
20180407|651 |1|2|31540|417|1029|92|226|1486|34790|
20180407|685 |0|1|5916|115|362|311|264|92|7060|
20180407|685 |0|2|21596|464|1217|428|1570|923|26198|
20180407|685 |1|1|5011|123|393|380|251|505|6663|
20180407|685 |1|2|20185|538|1229|440|1761|903|25056|
20180408|101 |0|1|18799|147|306|151|47|205|19655|
20180408|101 |0|2|70401|913|7717|401|309|2756|82497|
20180408|101 |1|1|18935|199|336|289|50|1540|21349|
20180408|101 |1|2|71404|927|8633|662|372|2749|84747|
20180408|190 |0|1|11904|112|279|153|52|92|12592|
20180408|190 |0|2|44709|723|2229|386|239|1755|50041|
20180408|190 |1|1|12361|134|189|219|50|982|13935|
20180408|190 |1|2|47891|540|1995|444|251|1688|52809|
20180408|253 |0|1|15807|120|233|151|51|184|16546|
20180408|253 |0|2|63430|693|919|273|562|3048|68925|
20180408|253 |1|1|16247|124|171|172|60|1429|18203|
20180408|253 |1|2|63952|561|825|277|574|2872|69061|
20180408|254 |0|1|5635|87|108|129|62|80|6101|
20180408|254 |0|2|31684|384|830|184|368|1630|35080|
20180408|254 |1|1|8507|79|113|116|47|865|9727|
20180408|254 |1|2|30761|286|792|161|294|1582|33876|
20180408|651 |0|1|6427|40|79|32|9|128|6715|
20180408|651 |0|2|25928|175|1001|47|84|1144|28379|
20180408|651 |1|1|8538|48|148|46|17|766|9563|
20180408|651 |1|2|35046|196|973|46|71|1461|37793|
20180408|685 |0|1|5018|54|126|118|93|86|5495|
20180408|685 |0|2|17569|222|1150|151|469|760|20321|
20180408|685 |1|1|5329|52|103|93|75|426|6078|
20180408|685 |1|2|20345|225|1094|149|441|800|23054|
20180409|101 |0|1|16468|391|883|537|166|316|18761|
20180409|101 |0|2|75460|2639|8870|1371|1000|3715|93055|
20180409|101 |1|1|15084|466|908|733|199|1515|18905|
20180409|101 |1|2|72108|3011|9106|1629|1295|3712|90861|
20180409|190 |0|1|9625|431|1140|1057|193|146|12592|
20180409|190 |0|2|46414|2786|3056|1761|1482|2375|57874|
20180409|190 |1|1|8667|421|799|923|254|807|11871|
20180409|190 |1|2|41287|2633|2971|1466|1561|2206|52124|
20180409|253 |0|1|13391|502|1220|989|300|318|16720|
20180409|253 |0|2|69947|2785|2065|2022|2480|4060|83359|
20180409|253 |1|1|12055|496|1004|871|368|1283|16077|
20180409|253 |1|2|63556|2798|2177|2002|2961|3957|77451|
20180409|254 |0|1|6463|322|775|904|512|146|9122|
20180409|254 |0|2|34557|1733|1494|1112|3264|2434|44594|
20180409|254 |1|1|6216|276|694|696|411|773|9066|
20180409|254 |1|2|31116|1451|1262|767|2619|2115|39330|
20180409|651 |0|1|5439|127|219|172|49|116|6122|
20180409|651 |0|2|22909|665|1030|273|413|1432|26722|
20180409|651 |1|1|5309|158|345|151|51|561|6575|
20180409|651 |1|2|23993|657|980|246|381|1586|27843|
20180409|685 |0|1|4300|243|888|820|557|103|6911|
20180409|685 |0|2|18466|1305|1563|1022|3194|1098|26648|
20180409|685 |1|1|3459|261|802|732|472|354|6080|
20180409|685 |1|2|18338|1406|1599|898|3146|1188|26575|
20180410|101 |0|1|15365|388|953|671|169|296|17842|
20180410|101 |0|2|71859|2865|9138|1457|1077|3498|89894|
20180410|101 |1|1|14363|488|1038|938|239|1411|18477|
20180410|101 |1|2|69931|3226|9530|2065|1501|3526|89779|
20180410|190 |0|1|8967|416|1298|1055|215|148|12099|
20180410|190 |0|2|43765|2970|3300|1899|1687|2222|55843|
20180410|190 |1|1|8100|422|878|1110|303|742|11555|
20180410|190 |1|2|43038|3911|4525|3227|2877|2207|59785|
20180410|253 |0|1|12513|501|1316|967|337|328|15962|
20180410|253 |0|2|67001|2899|2379|2131|2917|4085|81412|
20180410|253 |1|1|11848|532|1159|1104|503|1289|16435|
20180410|253 |1|2|63706|2989|2463|2414|3536|3783|78891|
20180410|254 |0|1|6174|372|911|1036|685|174|9352|
20180410|254 |0|2|32743|1800|1514|1086|3158|2173|42474|
20180410|254 |1|1|6262|361|803|876|464|701|9467|
20180410|254 |1|2|31271|1572|1383|1030|3095|2092|40443|
20180410|651 |0|1|5362|135|228|187|59|126|6097|
20180410|651 |0|2|23134|678|1075|357|493|1416|27153|
20180410|651 |1|1|5101|166|345|155|42|548|6357|
20180410|651 |1|2|23464|658|1043|282|392|1489|27328|
20180410|685 |0|1|3452|263|886|843|586|102|6132|
20180410|685 |0|2|17679|1328|1569|1016|3360|1057|26009|
20180410|685 |1|1|3147|260|745|779|476|367|5774|
20180410|685 |1|2|16586|1356|1376|929|2925|1032|24204|
20180411|101 |0|1|15392|367|944|634|194|281|17812|
20180411|101 |0|2|72263|2801|9247|1366|1056|3466|90199|
20180411|101 |1|1|14388|515|995|894|257|1394|18443|
20180411|101 |1|2|69894|3182|9499|1903|1429|3473|89380|
20180411|190 |0|1|8460|429|1112|942|229|136|11308|
20180411|190 |0|2|40745|2785|3091|1667|1468|1999|51755|
20180411|190 |1|1|7848|404|847|969|283|705|11056|
20180411|190 |1|2|39660|2692|3117|1885|1789|1917|51060|
20180411|253 |0|1|12354|540|1171|901|321|296|15583|
20180411|253 |0|2|66699|2793|2437|2022|2427|4066|80444|
20180411|253 |1|1|11282|503|1038|1082|398|1214|15517|
20180411|253 |1|2|62218|2891|2373|2199|2979|3877|76537|
20180411|254 |0|1|6196|342|779|904|461|154|8836|
20180411|254 |0|2|33424|1763|1518|1162|3209|2224|43300|
20180411|254 |1|1|6148|308|747|823|452|731|9209|
20180411|254 |1|2|31670|1512|1374|1007|2885|2062|40510|
20180411|651 |0|1|5102|129|207|190|51|114|5793|
20180411|651 |0|2|23062|683|1075|354|506|1396|27076|
20180411|651 |1|1|4784|152|313|168|56|516|5989|
20180411|651 |1|2|22906|679|1030|251|407|1444|26717|
20180411|685 |0|1|3470|246|874|836|531|90|6047|
20180411|685 |0|2|18086|1358|1603|994|3232|1146|26419|
20180411|685 |1|1|3172|289|833|731|486|373|5884|
20180411|685 |1|2|17952|1393|1500|960|3072|1195|26072|
20180412|101 |0|1|16165|431|1016|598|183|306|18699|
20180412|101 |0|2|74075|2806|9183|1398|1080|3392|91934|
20180412|101 |1|1|14959|520|1016|913|177|1424|19009|
20180412|101 |1|2|71277|3306|9556|2037|1518|3458|91152|
20180412|190 |0|1|9198|419|1193|915|233|135|12093|
20180412|190 |0|2|44640|2924|3233|1732|1695|2208|56432|
20180412|190 |1|1|8812|477|926|994|277|797|12283|
20180412|190 |1|2|42677|2868|3212|1889|1728|2117|54491|
20180412|253 |0|1|13142|520|1240|921|319|311|16453|
20180412|253 |0|2|68713|2958|2323|2098|2816|4123|83031|
20180412|253 |1|1|11760|546|1020|1023|403|1249|16001|
20180412|253 |1|2|63743|2891|2344|2216|3232|3890|78316|
20180412|254 |0|1|6345|348|868|964|580|161|9266|
20180412|254 |0|2|33497|1760|1545|1143|3059|2224|43228|
20180412|254 |1|1|6341|330|791|801|489|729|9481|
20180412|254 |1|2|32920|1555|1401|1005|2932|2091|41904|
20180412|651 |0|1|5677|137|271|180|51|136|6452|
20180412|651 |0|2|24828|685|1168|313|576|1454|29024|
20180412|651 |1|1|5242|173|429|143|41|578|6606|
20180412|651 |1|2|24185|723|1060|253|444|1514|28179|
20180412|685 |0|1|3546|263|935|840|516|96|6196|
20180412|685 |0|2|18193|1291|1534|1034|3366|1104|26522|
20180412|685 |1|1|3416|304|812|764|474|366|6136|
20180412|685 |1|2|18289|1371|1509|1008|3172|1162|26511|
20180413|101 |0|1|17330|400|908|610|165|309|19722|
20180413|101 |0|2|77350|2767|9794|1346|1055|3560|95872|
20180413|101 |1|1|16797|485|1067|889|225|1678|21141|
20180413|101 |1|2|78797|3300|10051|1925|1530|3840|99443|
20180413|190 |0|1|10656|413|1150|1042|200|138|13599|
20180413|190 |0|2|51345|2797|3244|1685|1661|2373|63105|
20180413|190 |1|1|9981|455|945|1059|293|935|13668|
20180413|190 |1|2|45060|2740|3001|1909|1824|2279|56813|
20180413|253 |0|1|14573|517|1208|861|323|314|17796|
20180413|253 |0|2|74589|2877|2355|1967|2725|4210|88723|
20180413|253 |1|1|13811|550|986|1015|450|1502|18314|
20180413|253 |1|2|71107|2868|2419|2196|3386|4231|86207|
20180413|254 |0|1|6743|361|838|848|466|179|9435|
20180413|254 |0|2|36014|1798|1540|1100|3310|2335|46097|
20180413|254 |1|1|6631|350|718|853|410|741|9703|
20180413|254 |1|2|33534|1553|1352|1025|2916|2158|42538|
20180413|651 |0|1|7344|147|222|193|59|155|8120|
20180413|651 |0|2|32820|704|1178|350|548|1687|37287|
20180413|651 |1|1|5922|177|397|151|55|635|7337|
20180413|651 |1|2|27551|702|1128|294|496|1636|31807|
20180413|685 |0|1|4207|275|853|828|510|97|6770|
20180413|685 |0|2|20808|1334|1652|1066|3292|1198|29350|
20180413|685 |1|1|4036|311|837|775|514|383|6856|
20180413|685 |1|2|20475|1428|1584|983|3367|1263|29100|
20180414|101 |0|1|18604|240|477|263|83|212|19879|
20180414|101 |0|2|67774|1606|9225|645|527|2720|82497|
20180414|101 |1|1|17082|323|718|412|105|1458|20098|
20180414|101 |1|2|65056|2014|9106|1023|749|2736|80684|
20180414|190 |0|1|12756|199|484|288|98|137|13962|
20180414|190 |0|2|50369|1282|2528|526|582|1889|57176|
20180414|190 |1|1|11390|213|372|447|107|987|13516|
20180414|190 |1|2|46944|1389|2630|914|726|1897|54500|
20180414|253 |0|1|16732|208|475|357|124|254|18150|
20180414|253 |0|2|67975|1200|1182|630|1043|3212|75242|
20180414|253 |1|1|15635|237|451|467|196|1438|18424|
20180414|253 |1|2|65872|1319|1285|890|1525|3277|74168|
20180414|254 |0|1|7947|167|384|332|204|143|9177|
20180414|254 |0|2|34517|730|1169|486|1574|1988|40464|
20180414|254 |1|1|8074|145|312|416|206|847|10000|
20180414|254 |1|2|32538|702|1012|532|1297|1746|37827|
20180414|651 |0|1|9222|81|105|81|27|155|9671|
20180414|651 |0|2|35304|367|1063|143|210|1551|38638|
20180414|651 |1|1|6908|116|222|66|19|677|8008|
20180414|651 |1|2|28772|379|1057|87|201|1307|31803|
20180414|685 |0|1|5489|84|343|293|213|79|6501|
20180414|685 |0|2|19705|380|1263|415|1405|800|23968|
20180414|685 |1|1|4841|115|363|359|216|477|6371|
20180414|685 |1|2|19281|495|1289|481|1655|899|24100|
20180415|101 |0|1|19245|167|305|168|47|189|20121|
20180415|101 |0|2|72690|971|7722|430|285|2780|84878|
20180415|101 |1|1|18987|237|556|271|68|1519|21638|
20180415|101 |1|2|71976|1001|8594|732|361|2726|85390|
20180415|190 |0|1|11764|121|264|156|25|88|12418|
20180415|190 |0|2|46445|784|2359|383|206|1814|51991|
20180415|190 |1|1|12430|118|208|218|48|981|14003|
20180415|190 |1|2|49989|594|2119|452|202|1731|55087|
20180415|253 |0|1|16785|146|257|144|52|214|17598|
20180415|253 |0|2|66137|751|1016|372|568|3093|71937|
20180415|253 |1|1|16822|122|198|185|60|1470|18857|
20180415|253 |1|2|64904|620|893|360|581|2799|70157|
20180415|254 |0|1|8294|83|137|131|61|102|8808|
20180415|254 |0|2|33122|413|872|183|377|1771|36738|
20180415|254 |1|1|8421|71|108|149|37|900|9686|
20180415|254 |1|2|31956|329|834|191|280|1701|35291|
20180415|651 |0|1|7504|52|56|33|7|107|7759|
20180415|651 |0|2|29133|179|945|46|70|1286|31659|
20180415|651 |1|1|9056|63|138|49|12|762|10080|
20180415|651 |1|2|36430|233|854|42|53|1483|39095|
20180415|685 |0|1|5269|53|134|121|66|81|5724|
20180415|685 |0|2|18533|221|1230|184|461|832|21461|
20180415|685 |1|1|5400|50|124|112|53|467|6206|
20180415|685 |1|2|20175|235|1194|153|403|817|22977|
20180416|101 |0|1|17115|398|824|588|146|327|19398|
20180416|101 |0|2|73741|2540|8994|1301|973|3490|91039|
20180416|101 |1|1|15152|434|942|736|176|1456|18896|
20180416|101 |1|2|71535|2955|9268|1618|1312|3567|90255|
20180416|190 |0|1|10075|381|1073|984|205|143|12861|
20180416|190 |0|2|46989|2828|3081|1687|1553|2321|58459|
20180416|190 |1|1|8909|430|803|856|255|855|12108|
20180416|190 |1|2|41836|2663|3050|1473|1647|2074|52743|
20180416|253 |0|1|13775|480|1189|948|298|336|17026|
20180416|253 |0|2|70324|2765|2134|2024|2483|4217|83947|
20180416|253 |1|1|12289|479|1022|889|384|1285|16348|
20180416|253 |1|2|64773|2868|2345|1978|3031|3956|78951|
20180416|254 |0|1|6785|362|873|993|590|194|9797|
20180416|254 |0|2|36007|1794|1477|1110|3001|2424|45813|
20180416|254 |1|1|6267|289|697|702|416|790|9161|
20180416|254 |1|2|30812|1431|1246|819|2460|2093|38861|
20180416|651 |0|1|5845|132|222|145|47|136|6527|
20180416|651 |0|2|24893|721|1044|284|478|1522|28942|
20180416|651 |1|1|5725|159|310|142|34|620|6990|
20180416|651 |1|2|25863|718|975|248|418|1663|29885|
20180416|685 |0|1|4613|277|877|806|521|87|7181|
20180416|685 |0|2|18652|1274|1652|1052|3134|1107|26871|
20180416|685 |1|1|3742|313|802|672|471|414|6414|
20180416|685 |1|2|18630|1362|1616|894|2997|1150|26649|
20180417|101 |0|1|16030|400|977|651|175|315|18548|
20180417|101 |0|2|73159|2863|9340|1440|1201|3615|91618|
20180417|101 |1|1|14850|497|1033|910|228|1500|19018|
20180417|101 |1|2|72031|3292|9673|2030|1597|3608|92231|
20180417|190 |0|1|8653|420|1155|982|218|158|11586|
20180417|190 |0|2|42966|2995|3192|1754|1610|2146|54663|
20180417|190 |1|1|8635|466|942|1069|282|781|12175|
20180417|190 |1|2|42160|2957|3227|2021|1838|2181|54384|
20180417|253 |0|1|12699|477|1251|949|318|307|16001|
20180417|253 |0|2|68099|2884|2440|2094|2694|3993|82204|
20180417|253 |1|1|12109|512|1076|1105|415|1282|16499|
20180417|253 |1|2|62375|2869|2441|2330|3411|3692|77118|
20180417|254 |0|1|6358|351|788|938|511|165|9111|
20180417|254 |0|2|33552|1812|1526|1216|3344|2373|43823|
20180417|254 |1|1|6483|332|779|856|482|755|9687|
20180417|254 |1|2|32507|1611|1375|972|2741|2179|41385|
20180417|651 |0|1|5561|135|267|206|46|151|6366|
20180417|651 |0|2|24245|708|1117|333|436|1515|28354|
20180417|651 |1|1|5306|168|332|166|44|554|6570|
20180417|651 |1|2|24110|734|1068|286|416|1555|28169|
20180417|685 |0|1|3603|242|903|945|563|104|6360|
20180417|685 |0|2|18326|1348|1760|1078|3386|1114|27012|
20180417|685 |1|1|3458|335|881|882|654|378|6588|
20180417|685 |1|2|18406|1391|1640|991|3276|1134|26838|
20180418|101 |0|1|15957|434|937|636|152|299|18415|
20180418|101 |0|2|73115|2810|9775|1416|1174|3548|91838|
20180418|101 |1|1|14632|513|1065|883|232|1382|18707|
20180418|101 |1|2|72077|3272|10132|1975|1567|3554|92577|
20180418|190 |0|1|8853|437|1176|975|215|124|11780|
20180418|190 |0|2|43838|2886|3306|1738|1654|2092|55514|
20180418|190 |1|1|8536|428|938|1027|266|721|11916|
20180418|190 |1|2|42220|2878|3355|1940|1789|2022|54204|
20180418|253 |0|1|12759|528|1351|986|377|267|16268|
20180418|253 |0|2|68655|2929|2421|1981|2461|4174|82621|
20180418|253 |1|1|12145|483|1069|1035|444|1246|16422|
20180418|253 |1|2|64202|2985|2470|2288|3160|3910|79015|
20180418|254 |0|1|6237|354|840|884|509|160|8984|
20180418|254 |0|2|33490|1823|1503|1157|3367|2232|43572|
20180418|254 |1|1|6296|337|805|859|550|729|9576|
20180418|254 |1|2|32982|1596|1360|958|2630|2230|41756|
20180418|651 |0|1|5675|157|254|202|61|112|6461|
20180418|651 |0|2|24838|695|1130|305|407|1437|28812|
20180418|651 |1|1|5199|146|333|148|51|507|6384|
20180418|651 |1|2|24438|692|1054|246|365|1533|28328|
20180418|685 |0|1|3544|271|894|848|526|86|6169|
20180418|685 |0|2|18040|1285|1686|1112|3390|1145|26658|
20180418|685 |1|1|3528|343|855|855|553|354|6488|
20180418|685 |1|2|17920|1392|1629|1044|3270|1165|26420|
20180419|101 |0|1|16132|409|992|616|192|328|18669|
20180419|101 |0|2|73779|2866|9354|1376|1179|3420|91974|
20180419|101 |1|1|15000|502|1026|837|220|1499|19084|
20180419|101 |1|2|73771|3331|9734|1971|1575|3640|94022|
20180419|190 |0|1|9166|405|990|773|231|153|11718|
20180419|190 |0|2|45456|2914|3312|1684|1845|2150|57361|
20180419|190 |1|1|8637|452|964|987|284|829|12153|
20180419|190 |1|2|43589|2853|3278|1942|1909|2137|55708|
20180419|253 |0|1|12834|531|1272|965|444|312|16358|
20180419|253 |0|2|68213|2863|2525|2017|2433|4152|82203|
20180419|253 |1|1|11895|505|1059|1006|444|1260|16169|
20180419|253 |1|2|64684|2924|2491|2284|3261|3895|79539|
20180419|254 |0|1|6384|352|854|963|524|192|9269|
20180419|254 |0|2|34535|1850|1553|1179|3242|2376|44735|
20180419|254 |1|1|6497|312|805|759|467|788|9628|
20180419|254 |1|2|33530|1529|1373|995|2726|2225|42378|
20180419|651 |0|1|5391|153|242|175|42|136|6139|
20180419|651 |0|2|25418|664|1113|298|467|1499|29459|
20180419|651 |1|1|5106|183|341|156|64|512|6362|
20180419|651 |1|2|24323|688|1071|227|369|1549|28227|
20180419|685 |0|1|3571|254|907|845|540|73|6190|
20180419|685 |0|2|18127|1267|1714|1086|3354|1071|26619|
20180419|685 |1|1|3401|311|812|779|524|350|6177|
20180419|685 |1|2|18410|1354|1642|1046|3279|1163|26894|
20180420|101 |0|1|17234|396|936|554|160|307|19587|
20180420|101 |0|2|76532|2765|9976|1398|1120|3490|95281|
20180420|101 |1|1|16833|519|1057|931|195|1565|21100|
20180420|101 |1|2|77248|3301|10329|1948|1585|3738|98149|
20180420|190 |0|1|10684|307|816|667|138|147|12759|
20180420|190 |0|2|52613|2885|3280|1731|1839|2407|64755|
20180420|190 |1|1|9826|452|900|1043|271|910|13402|
20180420|190 |1|2|47672|2735|3160|1996|1844|2382|59789|
20180420|253 |0|1|14895|495|1206|917|297|382|18192|
20180420|253 |0|2|75946|2907|2482|2001|2483|4413|90232|
20180420|253 |1|1|13552|531|1146|1010|419|1430|18088|
20180420|253 |1|2|70100|2951|2403|2251|3134|4300|85139|
20180420|254 |0|1|6554|331|776|837|444|183|9125|
20180420|254 |0|2|35228|1741|1556|1087|3010|2197|44819|
20180420|254 |1|1|6923|326|747|740|403|837|9976|
20180420|254 |1|2|34853|1539|1362|983|2623|2265|43625|
20180420|651 |0|1|7498|132|248|188|61|141|8268|
20180420|651 |0|2|33321|722|1183|329|524|1766|37845|
20180420|651 |1|1|5660|159|373|135|42|563|6932|
20180420|651 |1|2|26795|709|1121|269|448|1611|30953|
20180420|685 |0|1|4440|284|898|803|508|99|7032|
20180420|685 |0|2|21631|1293|1680|1047|3257|1222|30130|
20180420|685 |1|1|4026|329|849|747|458|429|6838|
20180420|685 |1|2|20486|1386|1522|995|3221|1191|28801|
20180421|101 |0|1|20881|294|504|312|125|256|22372|
20180421|101 |0|2|79089|1740|9764|678|695|3013|94979|
20180421|101 |1|1|19745|358|817|526|174|1688|23308|
20180421|101 |1|2|75991|2215|9655|1137|1017|3031|93046|
20180421|190 |0|1|14332|252|602|416|112|104|15818|
20180421|190 |0|2|56815|1329|2545|627|1044|2114|64474|
20180421|190 |1|1|12127|236|422|541|134|1032|14492|
20180421|190 |1|2|50229|1465|2543|1088|1247|2052|58624|
20180421|253 |0|1|18417|245|573|423|169|292|20119|
20180421|253 |0|2|74525|1354|1242|674|1505|3531|82831|
20180421|253 |1|1|16805|292|533|544|224|1662|20060|
20180421|253 |1|2|70248|1477|1271|982|2165|3497|79640|
20180421|254 |0|1|9128|181|397|414|233|153|10506|
20180421|254 |0|2|39910|842|1272|545|1897|2111|46577|
20180421|254 |1|1|8926|204|398|428|253|945|11154|
20180421|254 |1|2|36263|817|1108|554|1572|1953|42267|
20180421|651 |0|1|10913|120|125|114|34|172|11478|
20180421|651 |0|2|41727|448|1135|170|280|1806|45566|
20180421|651 |1|1|8338|125|198|83|26|740|9510|
20180421|651 |1|2|34798|456|1126|90|241|1534|38245|
20180421|685 |0|1|6303|143|368|341|279|95|7529|
20180421|685 |0|2|21110|470|1129|440|1611|959|25719|
20180421|685 |1|1|5189|149|391|433|261|534|6957|
20180421|685 |1|2|20740|558|1235|541|1945|990|26009|
20180422|101 |0|1|17345|159|300|136|19|208|18167|
20180422|101 |0|2|64625|874|7568|412|283|2536|76298|
20180422|101 |1|1|18547|227|507|310|74|1511|21176|
20180422|101 |1|2|67700|973|8479|660|371|2659|80842|
20180422|190 |0|1|11113|127|269|185|31|68|11793|
20180422|190 |0|2|43170|748|2303|379|270|1776|48646|
20180422|190 |1|1|12021|116|187|204|47|925|13500|
20180422|190 |1|2|48252|554|1990|450|265|1672|53183|
20180422|253 |0|1|15105|122|228|138|56|198|15847|
20180422|253 |0|2|60825|722|873|280|760|3008|66468|
20180422|253 |1|1|16201|118|166|176|79|1406|18146|
20180422|253 |1|2|63615|562|827|323|669|2784|68780|
20180422|254 |0|1|7434|60|97|116|63|121|7891|
20180422|254 |0|2|31229|355|855|165|317|1618|34539|
20180422|254 |1|1|8110|68|114|136|48|806|9282|
20180422|254 |1|2|30133|288|784|169|222|1544|33140|
20180422|651 |0|1|6636|47|44|22|8|130|6887|
20180422|651 |0|2|26478|159|962|37|80|1183|28899|
20180422|651 |1|1|8994|66|105|69|12|765|10011|
20180422|651 |1|2|36798|198|910|37|69|1508|39520|
20180422|685 |0|1|4942|42|152|94|79|86|5395|
20180422|685 |0|2|17396|230|1204|155|513|718|20216|
20180422|685 |1|1|5333|45|115|91|81|454|6119|
20180422|685 |1|2|20017|218|1042|126|460|766|22629|
20180423|101 |0|1|14525|354|727|492|151|295|16544|
20180423|101 |0|2|63748|2222|8757|1197|788|3163|79875|
20180423|101 |1|1|13089|384|782|553|148|1318|16274|
20180423|101 |1|2|62712|2617|9050|1412|926|3168|79885|
20180423|190 |0|1|8599|341|889|609|157|117|10712|
20180423|190 |0|2|40251|2430|2984|1490|1003|2094|50252|
20180423|190 |1|1|7558|348|691|604|151|772|10124|
20180423|190 |1|2|35503|2266|3013|1288|986|1932|44988|
20180423|253 |0|1|11444|371|920|707|211|253|13906|
20180423|253 |0|2|61792|2237|2141|1779|1753|3690|73392|
20180423|253 |1|1|10574|354|802|719|261|1132|13842|
20180423|253 |1|2|58279|2313|2186|1721|2048|3625|70172|
20180423|254 |0|1|5897|252|696|741|383|147|8116|
20180423|254 |0|2|31697|1503|1392|1039|2624|2192|40447|
20180423|254 |1|1|5497|235|600|617|342|626|7917|
20180423|254 |1|2|27800|1223|1195|699|2134|1890|34941|
20180423|651 |0|1|4539|106|163|98|29|116|5051|
20180423|651 |0|2|19403|531|983|211|299|1282|22709|
20180423|651 |1|1|4670|124|227|96|27|445|5589|
20180423|651 |1|2|20988|584|940|198|277|1456|24443|
20180423|685 |0|1|3582|188|706|648|373|77|5574|
20180423|685 |0|2|16603|964|1413|881|2440|937|23238|
20180423|685 |1|1|3057|224|670|660|365|352|5328|
20180423|685 |1|2|16760|1105|1453|750|2261|1098|23427|
20180424|101 |0|1|15646|406|908|605|160|311|18036|
20180424|101 |0|2|72371|2776|9319|1412|979|3453|90310|
20180424|101 |1|1|14799|489|947|831|187|1458|18711|
20180424|101 |1|2|72604|3282|9644|1998|1277|3587|92392|
20180424|190 |0|1|9045|421|1149|1094|201|167|12077|
20180424|190 |0|2|44281|2954|3318|1835|1278|2156|55822|
20180424|190 |1|1|8127|433|850|1121|229|784|11544|
20180424|190 |1|2|40797|2842|3324|1970|1545|2006|52484|
20180424|253 |0|1|12447|478|1206|900|264|317|15612|
20180424|253 |0|2|67666|2923|2500|2122|2137|3937|81285|
20180424|253 |1|1|11625|493|1031|1051|360|1267|15827|
20180424|253 |1|2|63394|2965|2525|2397|2666|3781|77728|
20180424|254 |0|1|6107|331|832|934|466|179|8849|
20180424|254 |0|2|32838|1794|1472|1229|3169|2239|42741|
20180424|254 |1|1|6076|330|724|842|406|776|9154|
20180424|254 |1|2|31258|1515|1377|1008|2674|2043|39875|
20180424|651 |0|1|5392|146|223|159|42|121|6083|
20180424|651 |0|2|24306|705|1094|303|414|1439|28261|
20180424|651 |1|1|5173|183|356|156|72|559|6499|
20180424|651 |1|2|23502|687|1010|221|338|1478|27236|
20180424|685 |0|1|3446|262|954|900|587|104|6253|
20180424|685 |0|2|18269|1303|1693|1071|3109|1118|26563|
20180424|685 |1|1|3137|277|832|778|490|344|5858|
20180424|685 |1|2|17547|1336|1567|996|3018|1084|25548|
20180425|101 |0|1|15574|409|914|651|170|327|18045|
20180425|101 |0|2|71690|2798|9551|1391|1055|3551|90036|
20180425|101 |1|1|15276|495|1024|923|244|1504|19466|
20180425|101 |1|2|73318|3284|9937|1944|1503|3639|93625|
20180425|190 |0|1|9253|463|1177|1033|208|161|12295|
20180425|190 |0|2|44700|3012|3370|1800|1444|2176|56502|
20180425|190 |1|1|8506|501|885|1013|242|824|11971|
20180425|190 |1|2|40607|2898|3270|1952|1720|2109|52556|
20180425|253 |0|1|12869|541|1257|971|304|321|16263|
20180425|253 |0|2|68673|2944|2529|2139|2585|4127|82997|
20180425|253 |1|1|12258|574|1046|1098|452|1318|16746|
20180425|253 |1|2|65057|3090|2571|2354|3173|3948|80193|
20180425|254 |0|1|6225|357|797|946|635|181|9141|
20180425|254 |0|2|33416|1807|1480|1157|3281|2256|43397|
20180425|254 |1|1|6149|324|726|848|416|712|9175|
20180425|254 |1|2|32069|1573|1296|976|2836|2116|40866|
20180425|651 |0|1|5793|159|232|177|54|130|6545|
20180425|651 |0|2|25107|682|1135|337|513|1543|29317|
20180425|651 |1|1|5194|161|327|163|49|529|6423|
20180425|651 |1|2|24590|703|1104|275|492|1508|28672|
20180425|685 |0|1|3665|254|943|899|545|86|6392|
20180425|685 |0|2|18673|1318|1636|1174|3578|1139|27518|
20180425|685 |1|1|3325|286|843|797|502|339|6092|
20180425|685 |1|2|18203|1365|1554|1038|3358|1149|26667|
20180426|101 |0|1|16073|435|894|642|178|357|18579|
20180426|101 |0|2|75054|2896|9671|1447|1163|3521|93752|
20180426|101 |1|1|15373|518|1085|903|210|1558|19647|
20180426|101 |1|2|75179|3403|10058|2127|1571|3653|95991|
20180426|190 |0|1|8253|435|1168|934|201|136|11127|
20180426|190 |0|2|44919|2981|3461|1734|1703|2225|57023|
20180426|190 |1|1|8655|437|916|1027|274|855|12164|
20180426|190 |1|2|42766|2937|3460|1949|1893|2090|55095|
20180426|253 |0|1|12660|518|1234|1010|327|303|16052|
20180426|253 |0|2|68114|2972|2555|2161|2449|3976|82227|
20180426|253 |1|1|12215|596|1028|1096|455|1310|16700|
20180426|253 |1|2|65862|2910|2664|2375|3210|3959|80980|
20180426|254 |0|1|6494|400|873|965|548|187|9467|
20180426|254 |0|2|34946|1837|1616|1271|3441|2349|45460|
20180426|254 |1|1|6364|354|768|798|455|799|9538|
20180426|254 |1|2|33034|1617|1345|958|2839|2205|41998|
20180426|651 |0|1|5777|151|245|178|50|114|6515|
20180426|651 |0|2|26076|723|1178|339|531|1507|30354|
20180426|651 |1|1|5418|202|342|175|49|539|6725|
20180426|651 |1|2|25322|728|1107|245|463|1547|29412|
20180426|685 |0|1|3704|270|921|876|532|98|6401|
20180426|685 |0|2|17091|1230|1573|1051|3402|1047|25394|
20180426|685 |1|1|3527|304|867|850|533|378|6459|
20180426|685 |1|2|18464|1342|1584|1045|3372|1163|26970|
20180427|101 |0|1|18314|454|1020|634|182|326|20930|
20180427|101 |0|2|76451|2820|10440|1376|1033|3522|95642|
20180427|101 |1|1|16673|502|1073|898|254|1624|21024|
20180427|101 |1|2|78021|3289|10625|2005|1502|3894|99336|
20180427|190 |0|1|10957|435|1122|1064|218|159|13955|
20180427|190 |0|2|51957|2844|3521|1753|1712|2409|64196|
20180427|190 |1|1|9938|468|851|1101|303|952|13613|
20180427|190 |1|2|48341|2830|3395|2026|1874|2377|60843|
20180427|253 |0|1|14596|508|1205|973|294|332|17908|
20180427|253 |0|2|75325|2948|2465|2071|2566|4296|89671|
20180427|253 |1|1|13635|539|1035|1055|409|1463|18136|
20180427|253 |1|2|70710|3004|2500|2303|3226|4244|85987|
20180427|254 |0|1|6842|346|834|886|499|191|9598|
20180427|254 |0|2|35733|1808|1590|1176|3343|2300|45950|
20180427|254 |1|1|6844|343|774|844|430|846|10081|
20180427|254 |1|2|34475|1619|1368|980|2796|2227|43465|
20180427|651 |0|1|7580|156|246|212|58|165|8417|
20180427|651 |0|2|33461|751|1300|380|486|1821|38199|
20180427|651 |1|1|5856|167|323|154|48|626|7174|
20180427|651 |1|2|27673|745|1285|277|409|1695|32084|
20180427|685 |0|1|4248|295|882|853|568|93|6939|
20180427|685 |0|2|21421|1290|1665|945|3353|1279|29953|
20180427|685 |1|1|3899|332|920|847|511|405|6914|
20180427|685 |1|2|20334|1436|1496|989|3261|1248|28764|
20180428|101 |0|1|20978|298|585|319|103|249|22532|
20180428|101 |0|2|77463|1801|9964|729|645|2950|93552|
20180428|101 |1|1|19120|374|822|566|134|1652|22668|
20180428|101 |1|2|74216|2185|9738|1218|922|3038|91317|
20180428|190 |0|1|15028|236|578|558|144|115|16659|
20180428|190 |0|2|57105|1314|2544|704|999|2020|64686|
20180428|190 |1|1|11985|273|432|699|172|1032|14593|
20180428|190 |1|2|49342|1511|2621|1165|1280|1963|57882|
20180428|253 |0|1|18372|234|577|438|167|247|20035|
20180428|253 |0|2|75019|1392|1306|757|1561|3507|83542|
20180428|253 |1|1|16654|266|539|567|279|1635|19940|
20180428|253 |1|2|70223|1553|1378|1108|2388|3547|80197|
20180428|254 |0|1|8864|176|434|415|253|156|10298|
20180428|254 |0|2|38288|922|1258|580|1917|2022|44987|
20180428|254 |1|1|8440|187|424|472|223|912|10658|
20180428|254 |1|2|35471|832|1091|618|1539|1866|41417|
20180428|651 |0|1|10985|115|128|134|34|174|11570|
20180428|651 |0|2|42245|450|1209|179|307|1754|46144|
20180428|651 |1|1|7969|122|238|90|22|740|9181|
20180428|651 |1|2|33709|475|1192|119|289|1463|37247|
20180428|685 |0|1|6564|139|433|388|315|82|7921|
20180428|685 |0|2|21472|452|1133|434|1733|943|26167|
20180428|685 |1|1|4935|118|364|441|265|466|6589|
20180428|685 |1|2|20150|557|1287|534|2065|916|25509|
20180429|101 |0|1|19114|173|367|151|31|219|20055|
20180429|101 |0|2|72693|987|7681|461|227|2734|84783|
20180429|101 |1|1|19520|236|587|335|57|1676|22411|
20180429|101 |1|2|73052|1086|8483|845|353|2758|86577|
20180429|190 |0|1|11861|118|271|206|48|91|12595|
20180429|190 |0|2|47337|840|2270|444|342|1809|53042|
20180429|190 |1|1|12756|133|185|231|55|983|14343|
20180429|190 |1|2|50470|661|2049|519|362|1750|55811|
20180429|253 |0|1|16465|140|262|172|55|230|17324|
20180429|253 |0|2|66225|723|854|345|974|3156|72277|
20180429|253 |1|1|16962|157|188|197|58|1476|19038|
20180429|253 |1|2|66702|612|811|365|873|2992|72355|
20180429|254 |0|1|8086|77|137|152|51|125|8628|
20180429|254 |0|2|32879|443|806|226|343|1722|36419|
20180429|254 |1|1|8664|82|165|100|46|884|9941|
20180429|254 |1|2|32418|325|799|212|284|1756|35794|
20180429|651 |0|1|8463|67|72|36|12|164|8814|
20180429|651 |0|2|32643|207|1002|65|116|1386|35419|
20180429|651 |1|1|9898|79|174|69|14|768|11002|
20180429|651 |1|2|39377|248|948|67|79|1589|42308|
20180429|685 |0|1|5324|69|174|141|83|85|5876|
20180429|685 |0|2|18605|241|1159|211|480|769|21465|
20180429|685 |1|1|5595|79|123|147|64|488|6496|
20180429|685 |1|2|21874|245|1039|190|461|841|24650|
20180430|101 |0|1|17368|391|928|626|168|347|19828|
20180430|101 |0|2|77777|2727|8933|1356|1042|3792|95627|
20180430|101 |1|1|16411|462|959|754|213|1669|20468|
20180430|101 |1|2|76647|3101|9275|1761|1362|3825|95971|
20180430|190 |0|1|10801|432|1198|958|201|164|13754|
20180430|190 |0|2|49900|2798|3231|1742|1635|2411|61717|
20180430|190 |1|1|10155|417|865|995|248|957|13637|
20180430|190 |1|2|47428|2712|3159|1666|1653|2403|59021|
20180430|253 |0|1|14537|483|1206|980|277|342|17825|
20180430|253 |0|2|73497|2699|2130|2057|2514|4315|87212|
20180430|253 |1|1|13805|521|1049|935|374|1446|18130|
20180430|253 |1|2|69594|2809|2177|2034|3062|4162|83838|
20180430|254 |0|1|6818|333|809|914|455|186|9515|
20180430|254 |0|2|35377|1741|1485|1138|3249|2384|45374|
20180430|254 |1|1|6819|282|688|738|400|802|9729|
20180430|254 |1|2|32303|1405|1213|786|2565|2067|40339|
