20170301|101 |0|1|20761|421|721|412|163|305|22783|
20170301|101 |0|2|66713|1919|7604|786|805|2589|80416|
20170301|101 |1|1|19973|487|765|681|185|1641|23732|
20170301|101 |1|2|63463|2196|7752|1234|1093|2529|78267|
20170301|190 |0|1|12582|354|650|488|124|175|14373|
20170301|190 |0|2|42394|1713|2387|714|801|1649|49658|
20170301|190 |1|1|12619|348|526|629|193|958|15273|
20170301|190 |1|2|41872|1639|2409|1077|1015|1656|49668|
20170301|253 |0|1|16420|442|631|572|238|190|18493|
20170301|253 |0|2|59903|1466|971|816|1602|3030|67788|
20170301|253 |1|1|15516|365|614|642|325|1467|18929|
20170301|253 |1|2|55478|1402|952|947|1997|2815|63591|
20170301|254 |0|1|7976|207|365|325|279|147|9299|
20170301|254 |0|2|29514|789|886|370|1533|1631|34723|
20170301|254 |1|1|8466|216|355|424|257|884|10602|
20170301|254 |1|2|29589|768|895|459|1313|1646|34670|
20170301|651 |0|1|7026|100|149|91|50|157|7573|
20170301|651 |0|2|23529|377|854|131|400|1139|26430|
20170301|651 |1|1|7080|121|196|75|38|701|8211|
20170301|651 |1|2|24960|407|918|97|356|1113|27851|
20170301|685 |0|1|4674|147|386|366|289|87|5949|
20170301|685 |0|2|15941|514|1265|414|1487|807|20428|
20170301|685 |1|1|4350|162|354|390|305|443|6004|
20170301|685 |1|2|15730|575|1162|414|1542|809|20232|
20170302|101 |0|1|17045|535|945|672|256|364|19817|
20170302|101 |0|2|67996|2682|8566|1233|878|3437|84792|
20170302|101 |1|1|15643|605|987|832|249|1588|19904|
20170302|101 |1|2|66146|3151|8738|1525|1209|3526|84295|
20170302|190 |0|1|9320|541|1062|937|259|233|12352|
20170302|190 |0|2|40708|2753|3022|1442|1263|2045|51233|
20170302|190 |1|1|8784|520|819|851|281|843|12098|
20170302|190 |1|2|36829|2652|2918|1299|1208|1899|46805|
20170302|253 |0|1|13742|750|1308|1134|380|253|17567|
20170302|253 |0|2|66938|2957|2048|2052|2162|4221|80378|
20170302|253 |1|1|12853|670|1092|1135|544|1374|17668|
20170302|253 |1|2|60102|2912|2028|1945|2683|3880|73550|
20170302|254 |0|1|6382|395|783|900|555|195|9210|
20170302|254 |0|2|30193|1624|1375|960|3093|2214|39459|
20170302|254 |1|1|6878|440|703|778|504|805|10108|
20170302|254 |1|2|30380|1515|1243|688|2501|2238|38565|
20170302|651 |0|1|4657|142|195|139|47|153|5333|
20170302|651 |0|2|17932|618|894|224|361|1224|21253|
20170302|651 |1|1|4595|161|282|136|40|501|5715|
20170302|651 |1|2|18239|630|874|178|312|1338|21571|
20170302|685 |0|1|3862|380|998|972|829|106|7147|
20170302|685 |0|2|17452|1280|1394|730|2716|1073|24645|
20170302|685 |1|1|3297|370|787|700|517|386|6057|
20170302|685 |1|2|15984|1309|1409|737|2812|1028|23279|
20170303|101 |0|1|18170|546|888|748|246|385|20983|
20170303|101 |0|2|71200|2835|9124|1311|998|3708|89176|
20170303|101 |1|1|17047|629|1034|1058|292|1641|21701|
20170303|101 |1|2|70216|3304|9392|1780|1391|3859|89942|
20170303|190 |0|1|10566|525|1110|939|254|203|13597|
20170303|190 |0|2|44470|2795|3203|1559|1335|2203|55565|
20170303|190 |1|1|9846|511|880|1050|323|896|13506|
20170303|190 |1|2|40833|2719|3040|1712|1498|2142|51944|
20170303|253 |0|1|15358|785|1376|1175|410|294|19398|
20170303|253 |0|2|70679|3023|2140|2089|2502|4441|84874|
20170303|253 |1|1|14481|691|1187|1251|616|1531|19757|
20170303|253 |1|2|65677|3118|2037|2200|3219|4069|80320|
20170303|254 |0|1|7095|456|755|921|673|212|10112|
20170303|254 |0|2|32194|1787|1429|1001|3366|2290|42067|
20170303|254 |1|1|7382|491|809|947|550|887|11066|
20170303|254 |1|2|31847|1528|1274|795|2602|2176|40222|
20170303|651 |0|1|5920|144|212|179|51|155|6661|
20170303|651 |0|2|22659|653|1059|269|453|1426|26519|
20170303|651 |1|1|4991|150|305|137|50|554|6187|
20170303|651 |1|2|19796|682|954|209|425|1353|23419|
20170303|685 |0|1|4161|433|975|962|1078|116|7725|
20170303|685 |0|2|17341|1244|1320|725|2772|1048|24450|
20170303|685 |1|1|4043|402|835|872|673|417|7242|
20170303|685 |1|2|18092|1360|1342|845|3132|1208|25979|
20170304|101 |0|1|21767|386|589|373|159|306|23580|
20170304|101 |0|2|72462|1744|8535|662|673|3087|87163|
20170304|101 |1|1|20446|469|750|625|191|1832|24313|
20170304|101 |1|2|68067|2110|8633|1106|917|3080|83913|
20170304|190 |0|1|14100|335|561|419|129|197|15741|
20170304|190 |0|2|49295|1455|2484|590|820|1978|56622|
20170304|190 |1|1|12563|301|485|583|185|965|15082|
20170304|190 |1|2|44514|1591|2477|1003|1043|1861|52489|
20170304|253 |0|1|18414|409|687|553|213|233|20509|
20170304|253 |0|2|67897|1482|1008|799|1505|3478|76169|
20170304|253 |1|1|17158|353|636|700|330|1561|20738|
20170304|253 |1|2|63205|1533|990|1047|2178|3418|72371|
20170304|254 |0|1|8588|236|378|429|330|156|10117|
20170304|254 |0|2|31450|800|940|455|1904|1858|37407|
20170304|254 |1|1|9164|249|451|521|296|958|11639|
20170304|254 |1|2|32062|825|907|526|1467|1889|37676|
20170304|651 |0|1|9330|96|109|108|37|206|9886|
20170304|651 |0|2|31893|387|868|151|307|1453|35059|
20170304|651 |1|1|7133|112|193|73|37|675|8223|
20170304|651 |1|2|25109|389|865|93|294|1230|27980|
20170304|685 |0|1|5596|169|455|444|417|110|7191|
20170304|685 |0|2|18701|573|1166|400|1824|933|23597|
20170304|685 |1|1|4934|186|438|448|366|497|6869|
20170304|685 |1|2|17359|599|1111|479|2190|961|22699|
20170305|101 |0|1|19778|206|299|168|48|274|20773|
20170305|101 |0|2|63370|872|7112|333|253|2674|74614|
20170305|101 |1|1|19697|245|463|312|59|1733|22509|
20170305|101 |1|2|64005|943|7324|647|336|2581|75836|
20170305|190 |0|1|11666|159|222|180|44|174|12445|
20170305|190 |0|2|39133|761|2174|359|274|1673|44374|
20170305|190 |1|1|12806|156|197|215|58|1040|14472|
20170305|190 |1|2|43425|591|2184|416|262|1714|48592|
20170305|253 |0|1|17278|254|225|202|68|185|18212|
20170305|253 |0|2|59871|666|714|317|465|3002|65035|
20170305|253 |1|1|17092|164|197|205|85|1567|19310|
20170305|253 |1|2|56520|534|639|267|472|2678|61110|
20170305|254 |0|1|8288|88|158|116|80|155|8885|
20170305|254 |0|2|27902|381|735|145|354|1534|31051|
20170305|254 |1|1|8596|90|142|123|64|875|9890|
20170305|254 |1|2|27553|283|719|137|251|1536|30479|
20170305|651 |0|1|6225|47|46|26|10|140|6494|
20170305|651 |0|2|20459|130|850|30|127|1036|22632|
20170305|651 |1|1|8158|54|92|42|8|754|9108|
20170305|651 |1|2|28734|160|893|22|109|1292|31210|
20170305|685 |0|1|5200|69|122|163|98|101|5753|
20170305|685 |0|2|15839|197|1054|159|608|746|18603|
20170305|685 |1|1|4820|64|110|123|96|454|5667|
20170305|685 |1|2|15669|213|1014|150|578|712|18336|
20170306|101 |0|1|17937|489|876|779|226|434|20741|
20170306|101 |0|2|70783|2590|8570|1159|910|3665|87677|
20170306|101 |1|1|15741|517|917|827|213|1500|19715|
20170306|101 |1|2|64248|3006|8812|1454|1184|3517|82221|
20170306|190 |0|1|10223|482|1072|889|224|229|13119|
20170306|190 |0|2|41964|2715|2933|1463|1319|2196|52590|
20170306|190 |1|1|8999|463|824|833|263|810|12192|
20170306|190 |1|2|36194|2551|2873|1258|1313|1923|46112|
20170306|253 |0|1|15062|702|1283|1097|359|288|18791|
20170306|253 |0|2|69165|2886|2054|2024|2229|4217|82575|
20170306|253 |1|1|13013|585|1088|1032|509|1420|17647|
20170306|253 |1|2|59773|2878|1988|1842|2852|3805|73138|
20170306|254 |0|1|7072|421|773|970|762|230|10228|
20170306|254 |0|2|32290|1694|1416|962|3218|2263|41843|
20170306|254 |1|1|7069|404|710|791|508|815|10297|
20170306|254 |1|2|29640|1426|1256|665|2481|2197|37665|
20170306|651 |0|1|4764|161|198|161|44|153|5481|
20170306|651 |0|2|18525|612|927|232|420|1322|22038|
20170306|651 |1|1|4685|184|290|143|50|563|5915|
20170306|651 |1|2|18876|623|906|205|427|1362|22399|
20170306|685 |0|1|4783|363|942|934|900|111|8033|
20170306|685 |0|2|16226|1147|1219|681|2614|1009|22896|
20170306|685 |1|1|3516|396|750|735|663|394|6454|
20170306|685 |1|2|15778|1224|1350|712|2826|1078|22968|
20170307|101 |0|1|16419|530|953|745|201|414|19262|
20170307|101 |0|2|68236|2824|8582|1306|990|3542|85480|
20170307|101 |1|1|15360|584|972|988|298|1468|19670|
20170307|101 |1|2|65214|3192|8797|1913|1402|3403|83921|
20170307|190 |0|1|8957|523|1125|932|262|204|12003|
20170307|190 |0|2|38460|2808|2970|1512|1406|1992|49148|
20170307|190 |1|1|8469|502|890|1121|357|773|12112|
20170307|190 |1|2|35188|2746|2927|1633|1512|1911|45917|
20170307|253 |0|1|13769|759|1395|1261|431|249|17864|
20170307|253 |0|2|65576|3024|2268|2156|2706|4126|79856|
20170307|253 |1|1|12499|690|1180|1385|652|1336|17742|
20170307|253 |1|2|59294|3026|2143|2258|3219|3652|73592|
20170307|254 |0|1|6426|472|809|998|1062|221|9988|
20170307|254 |0|2|30371|1633|1376|1032|3182|2204|39798|
20170307|254 |1|1|6698|450|845|906|582|784|10265|
20170307|254 |1|2|29514|1519|1226|831|2619|2132|37841|
20170307|651 |0|1|4527|176|228|176|54|138|5299|
20170307|651 |0|2|17467|639|907|264|553|1262|21092|
20170307|651 |1|1|4304|183|285|167|51|477|5467|
20170307|651 |1|2|17717|648|887|217|576|1294|21339|
20170307|685 |0|1|3350|371|931|993|999|109|6753|
20170307|685 |0|2|15804|1231|1306|755|2808|1038|22942|
20170307|685 |1|1|3234|367|820|845|705|363|6334|
20170307|685 |1|2|15532|1303|1355|787|3110|1076|23163|
20170308|101 |0|1|16987|529|933|714|241|402|19806|
20170308|101 |0|2|68135|2691|8616|1291|956|3381|85070|
20170308|101 |1|1|15409|580|988|1031|308|1432|19748|
20170308|101 |1|2|66272|3191|8810|1798|1459|3343|84873|
20170308|190 |0|1|8751|496|1029|885|197|209|11567|
20170308|190 |0|2|38048|2688|2927|1434|1252|1946|48295|
20170308|190 |1|1|8556|449|840|983|294|836|11958|
20170308|190 |1|2|36216|2727|2972|1585|1437|1827|46764|
20170308|253 |0|1|13613|702|1295|1135|415|292|17452|
20170308|253 |0|2|66331|2965|2176|2029|2532|4048|80081|
20170308|253 |1|1|13103|716|1138|1231|593|1344|18125|
20170308|253 |1|2|59663|2911|1997|2131|3087|3755|73544|
20170308|254 |0|1|6380|412|734|861|667|201|9255|
20170308|254 |0|2|29729|1640|1242|927|3260|2220|39018|
20170308|254 |1|1|6793|431|792|874|560|826|10276|
20170308|254 |1|2|30009|1507|1231|780|2548|2122|38197|
20170308|651 |0|1|4457|159|222|177|62|130|5207|
20170308|651 |0|2|17913|597|957|271|416|1197|21351|
20170308|651 |1|1|4378|159|277|176|53|498|5541|
20170308|651 |1|2|18197|630|909|204|395|1238|21573|
20170308|685 |0|1|3625|366|951|1022|1080|92|7136|
20170308|685 |0|2|16586|1196|1375|757|2839|1031|23784|
20170308|685 |1|1|3402|351|794|833|673|340|6393|
20170308|685 |1|2|16463|1275|1436|818|3122|1083|24197|
20170309|101 |0|1|16988|580|926|683|218|411|19806|
20170309|101 |0|2|70298|2744|8681|1277|1030|3449|87479|
20170309|101 |1|1|15993|639|1065|1000|294|1533|20524|
20170309|101 |1|2|67648|3181|9159|1753|1459|3458|86658|
20170309|190 |0|1|8864|494|1127|895|248|192|11820|
20170309|190 |0|2|39323|2759|3043|1454|1370|2014|49963|
20170309|190 |1|1|8673|480|954|974|285|736|12102|
20170309|190 |1|2|36774|2773|2988|1635|1488|1877|47535|
20170309|253 |0|1|13659|750|1390|1101|415|267|17582|
20170309|253 |0|2|66183|2980|2185|2049|2564|4094|80055|
20170309|253 |1|1|13295|638|1112|1247|569|1450|18311|
20170309|253 |1|2|62431|2926|2127|2082|3307|3937|76810|
20170309|254 |0|1|6065|266|370|469|398|177|7745|
20170309|254 |0|2|30075|1613|1443|1003|3315|2177|39626|
20170309|254 |1|1|6767|424|767|849|574|749|10130|
20170309|254 |1|2|29908|1489|1257|755|2529|2185|38123|
20170309|651 |0|1|4741|142|236|170|69|142|5500|
20170309|651 |0|2|18743|670|962|277|399|1238|22289|
20170309|651 |1|1|4620|198|318|182|73|517|5908|
20170309|651 |1|2|18939|682|902|202|345|1257|22327|
20170309|685 |0|1|3581|402|932|928|950|97|6890|
20170309|685 |0|2|16431|1200|1255|690|2745|1056|23377|
20170309|685 |1|1|3472|374|803|781|702|392|6524|
20170309|685 |1|2|16773|1280|1323|818|2878|1030|24102|
20170310|101 |0|1|17928|534|897|686|232|443|20720|
20170310|101 |0|2|70656|2759|9402|1211|987|3532|88547|
20170310|101 |1|1|17672|628|1011|1023|299|1680|22313|
20170310|101 |1|2|72630|3209|9713|1710|1447|3728|92437|
20170310|190 |0|1|10742|512|1036|864|228|240|13622|
20170310|190 |0|2|44877|2686|3093|1379|1303|2325|55663|
20170310|190 |1|1|10078|532|915|964|323|927|13739|
20170310|190 |1|2|41624|2695|2945|1493|1442|2195|52394|
20170310|253 |0|1|15768|752|1384|1046|381|298|19629|
20170310|253 |0|2|71455|3054|2206|1940|2525|4485|85665|
20170310|253 |1|1|14892|654|1144|1215|562|1612|20079|
20170310|253 |1|2|67730|3025|2134|2057|3307|4136|82389|
20170310|254 |0|1|7031|412|755|892|688|222|10000|
20170310|254 |0|2|31898|1686|1408|946|3496|2256|41690|
20170310|254 |1|1|7343|442|807|849|570|855|10866|
20170310|254 |1|2|31559|1420|1261|793|2600|2245|39878|
20170310|651 |0|1|6053|132|207|165|60|127|6744|
20170310|651 |0|2|23694|599|1071|263|413|1495|27535|
20170310|651 |1|1|5162|178|341|159|48|539|6427|
20170310|651 |1|2|21041|628|1027|199|397|1473|24765|
20170310|685 |0|1|4242|353|878|992|993|112|7570|
20170310|685 |0|2|18053|1200|1343|697|2738|1126|25157|
20170310|685 |1|1|4055|358|778|842|698|415|7146|
20170310|685 |1|2|18244|1337|1316|815|3061|1244|26017|
20170311|101 |0|1|22637|353|564|333|163|348|24398|
20170311|101 |0|2|72954|1628|8642|585|648|3156|87613|
20170311|101 |1|1|20653|399|698|598|190|1734|24272|
20170311|101 |1|2|68101|2083|8553|1016|914|3078|83745|
20170311|190 |0|1|15113|278|576|413|155|213|16748|
20170311|190 |0|2|51885|1458|2439|579|784|2079|59224|
20170311|190 |1|1|13249|297|513|629|202|1100|15990|
20170311|190 |1|2|46928|1451|2330|905|930|2016|54560|
20170311|253 |0|1|19460|410|642|559|238|245|21554|
20170311|253 |0|2|71315|1444|1242|858|1537|3573|79969|
20170311|253 |1|1|18135|343|587|710|329|1736|21840|
20170311|253 |1|2|64821|1519|1238|1123|2324|3493|74518|
20170311|254 |0|1|9106|213|385|434|310|193|10641|
20170311|254 |0|2|33644|800|1016|426|1937|1940|39763|
20170311|254 |1|1|9495|271|461|505|283|1026|12041|
20170311|254 |1|2|33063|789|936|489|1517|1929|38723|
20170311|651 |0|1|9904|92|140|88|27|189|10440|
20170311|651 |0|2|32902|375|944|142|244|1546|36153|
20170311|651 |1|1|7315|120|198|66|20|726|8445|
20170311|651 |1|2|26284|398|997|101|236|1316|29332|
20170311|685 |0|1|5802|167|408|494|344|104|7319|
20170311|685 |0|2|18891|551|1162|348|1692|1001|23645|
20170311|685 |1|1|5173|153|411|458|355|533|7083|
20170311|685 |1|2|18242|601|1141|437|1988|1002|23411|
20170312|101 |0|1|20427|168|283|175|33|279|21365|
20170312|101 |0|2|66658|825|7160|326|218|2872|78059|
20170312|101 |1|1|20461|236|460|299|59|1751|23266|
20170312|101 |1|2|66985|849|7356|590|288|2773|78841|
20170312|190 |0|1|12397|155|235|180|47|157|13171|
20170312|190 |0|2|41197|777|2133|354|205|1792|46458|
20170312|190 |1|1|13129|164|207|250|39|1024|14813|
20170312|190 |1|2|43927|636|1932|385|213|1787|48880|
20170312|253 |0|1|17838|200|226|187|60|216|18727|
20170312|253 |0|2|61738|647|781|341|531|3111|67149|
20170312|253 |1|1|17626|133|174|207|87|1576|19803|
20170312|253 |1|2|58643|521|688|298|544|2803|63497|
20170312|254 |0|1|8700|80|139|123|81|179|9302|
20170312|254 |0|2|29235|349|769|162|389|1556|32460|
20170312|254 |1|1|9106|84|141|140|61|959|10491|
20170312|254 |1|2|29191|277|715|128|260|1544|32115|
20170312|651 |0|1|6513|51|60|25|10|129|6788|
20170312|651 |0|2|21193|134|885|34|41|1083|23370|
20170312|651 |1|1|8540|63|93|39|9|828|9572|
20170312|651 |1|2|29521|171|905|41|36|1328|32002|
20170312|685 |0|1|5247|64|140|155|87|104|5797|
20170312|685 |0|2|15808|186|1058|136|487|780|18455|
20170312|685 |1|1|5323|65|110|117|93|458|6166|
20170312|685 |1|2|16699|181|1029|136|503|778|19326|
20170313|101 |0|1|18252|468|947|681|202|389|20939|
20170313|101 |0|2|72701|2635|8587|1169|896|3684|89672|
20170313|101 |1|1|15971|558|909|845|237|1594|20114|
20170313|101 |1|2|67147|3002|8875|1407|1225|3593|85249|
20170313|190 |0|1|10236|482|1075|899|235|226|13153|
20170313|190 |0|2|42693|2555|2863|1413|1200|2187|52911|
20170313|190 |1|1|9252|451|788|804|284|851|12430|
20170313|190 |1|2|37043|2517|2908|1242|1284|1913|46907|
20170313|253 |0|1|15115|695|1272|1045|384|262|18773|
20170313|253 |0|2|68990|2857|2055|2002|2280|4352|82536|
20170313|253 |1|1|13184|570|1022|1000|513|1415|17704|
20170313|253 |1|2|59841|2752|2003|1765|2721|3864|72946|
20170313|254 |0|1|7099|395|705|865|639|201|9904|
20170313|254 |0|2|31364|1637|1269|907|3303|2318|40798|
20170313|254 |1|1|6994|399|706|766|637|783|10285|
20170313|254 |1|2|29254|1374|1193|681|2517|2145|37164|
20170313|651 |0|1|5133|132|219|155|55|129|5823|
20170313|651 |0|2|19546|595|902|220|396|1327|22986|
20170313|651 |1|1|5018|152|259|158|35|566|6188|
20170313|651 |1|2|19983|646|892|212|384|1460|23577|
20170313|685 |0|1|4571|329|927|928|865|125|7745|
20170313|685 |0|2|18315|1176|1366|700|2684|1110|25351|
20170313|685 |1|1|3542|338|713|718|577|355|6243|
20170313|685 |1|2|16148|1288|1311|654|2885|1113|23399|
20170314|101 |0|1|17091|532|974|745|230|350|19922|
20170314|101 |0|2|71021|2750|8720|1317|972|3654|88434|
20170314|101 |1|1|15837|593|936|1035|271|1546|20218|
20170314|101 |1|2|67433|3202|8939|1853|1413|3540|86380|
20170314|190 |0|1|9228|523|1089|958|252|194|12244|
20170314|190 |0|2|39337|2691|3022|1549|1316|2003|49918|
20170314|190 |1|1|8854|476|867|1089|333|826|12445|
20170314|190 |1|2|36636|2749|2968|1815|1610|1900|47678|
20170314|253 |0|1|14325|755|1372|1195|419|280|18346|
20170314|253 |0|2|67337|2939|2307|2214|2534|4127|81458|
20170314|253 |1|1|13392|701|1177|1334|618|1439|18661|
20170314|253 |1|2|61923|2982|2136|2265|3149|3921|76376|
20170314|254 |0|1|6551|433|785|950|723|211|9653|
20170314|254 |0|2|30840|1699|1423|1010|3520|2191|40683|
20170314|254 |1|1|6991|459|788|1018|608|855|10719|
20170314|254 |1|2|30704|1540|1256|791|2749|2128|39168|
20170314|651 |0|1|5067|157|191|188|44|151|5798|
20170314|651 |0|2|19176|658|911|274|476|1299|22794|
20170314|651 |1|1|4608|172|283|174|66|502|5805|
20170314|651 |1|2|18945|656|880|222|463|1291|22457|
20170314|685 |0|1|3682|343|958|944|1027|117|7071|
20170314|685 |0|2|14420|1144|1158|658|2719|900|20999|
20170314|685 |1|1|3384|359|815|851|691|373|6473|
20170314|685 |1|2|15850|1245|1307|811|3116|1034|23363|
20170315|101 |0|1|16888|512|968|731|234|329|19662|
20170315|101 |0|2|70528|2745|8657|1271|922|3588|87711|
20170315|101 |1|1|15736|585|998|1006|280|1471|20076|
20170315|101 |1|2|68276|3268|8949|1795|1410|3626|87324|
20170315|190 |0|1|9340|504|1076|933|244|221|12318|
20170315|190 |0|2|39758|2808|2946|1466|1297|1954|50229|
20170315|190 |1|1|8954|477|867|1009|366|794|12467|
20170315|190 |1|2|37408|2750|2967|1671|1598|1846|48240|
20170315|253 |0|1|14499|751|1364|1112|410|255|18391|
20170315|253 |0|2|66969|3061|2199|2079|2485|4251|81044|
20170315|253 |1|1|13127|656|1160|1259|593|1330|18125|
20170315|253 |1|2|59886|2988|2027|2173|3181|3836|74091|
20170315|254 |0|1|6468|401|695|842|682|225|9313|
20170315|254 |0|2|30194|1656|1313|973|3396|2150|39682|
20170315|254 |1|1|6689|440|743|844|564|826|10106|
20170315|254 |1|2|30231|1452|1223|839|2667|2137|38549|
20170315|651 |0|1|4888|144|202|176|56|123|5589|
20170315|651 |0|2|19440|621|959|256|402|1262|22940|
20170315|651 |1|1|4759|180|260|163|62|516|5940|
20170315|651 |1|2|19680|633|903|186|371|1296|23069|
20170315|685 |0|1|3680|360|948|1032|1060|116|7196|
20170315|685 |0|2|16513|1195|1361|748|3002|1108|23927|
20170315|685 |1|1|3314|351|778|822|672|366|6303|
20170315|685 |1|2|15766|1330|1337|830|3345|1105|23713|
20170316|101 |0|1|17256|518|1024|698|230|353|20079|
20170316|101 |0|2|71080|2765|8846|1237|986|3517|88431|
20170316|101 |1|1|16293|600|1003|1032|270|1536|20734|
20170316|101 |1|2|69696|3205|9135|1805|1484|3526|88851|
20170316|190 |0|1|9109|507|1097|940|246|193|12092|
20170316|190 |0|2|39922|2711|3044|1429|1405|2022|50533|
20170316|190 |1|1|8926|488|887|976|315|785|12377|
20170316|190 |1|2|37945|2759|3033|1605|1557|1828|48727|
20170316|253 |0|1|14324|754|1372|1029|400|261|18140|
20170316|253 |0|2|66619|3046|2226|2116|2496|4165|80668|
20170316|253 |1|1|13416|669|1161|1219|563|1460|18488|
20170316|253 |1|2|62400|2936|2075|2193|3163|4016|76783|
20170316|254 |0|1|6600|397|772|940|812|191|9712|
20170316|254 |0|2|30748|1593|1277|883|3136|2263|39900|
20170316|254 |1|1|7107|431|732|916|531|821|10538|
20170316|254 |1|2|31137|1498|1286|793|2518|2195|39427|
20170316|651 |0|1|5007|160|216|169|107|125|5784|
20170316|651 |0|2|20036|645|966|314|441|1281|23683|
20170316|651 |1|1|4717|169|316|182|63|521|5968|
20170316|651 |1|2|20004|630|933|236|481|1294|23578|
20170316|685 |0|1|3679|375|931|989|961|110|7045|
20170316|685 |0|2|16313|1210|1365|730|2876|1055|23549|
20170316|685 |1|1|3539|374|795|823|679|338|6548|
20170316|685 |1|2|16396|1306|1392|809|3155|1092|24150|
20170317|101 |0|1|18431|520|972|663|220|372|21178|
20170317|101 |0|2|72359|2700|9437|1179|994|3570|90239|
20170317|101 |1|1|17898|593|1013|1008|282|1636|22430|
20170317|101 |1|2|73146|3202|9759|1725|1534|3747|93113|
20170317|190 |0|1|11057|496|1026|881|222|227|13909|
20170317|190 |0|2|46443|2616|3116|1380|1376|2301|57232|
20170317|190 |1|1|10442|516|860|939|342|899|13998|
20170317|190 |1|2|42229|2616|2973|1578|1484|2109|52989|
20170317|253 |0|1|16436|757|1355|1048|434|319|20349|
20170317|253 |0|2|73554|3019|2162|1965|2501|4512|87713|
20170317|253 |1|1|14923|656|1160|1209|540|1630|20118|
20170317|253 |1|2|67325|2951|2080|2084|3120|4212|81772|
20170317|254 |0|1|7033|424|770|856|627|211|9921|
20170317|254 |0|2|32097|1668|1417|938|3386|2225|41731|
20170317|254 |1|1|7690|430|787|848|518|931|11204|
20170317|254 |1|2|32701|1529|1241|863|2726|2354|41414|
20170317|651 |0|1|6421|136|223|189|86|140|7195|
20170317|651 |0|2|25165|612|1136|308|544|1512|29277|
20170317|651 |1|1|5364|165|305|174|57|546|6611|
20170317|651 |1|2|21862|652|1036|245|491|1486|25772|
20170317|685 |0|1|4152|356|873|909|935|126|7351|
20170317|685 |0|2|18094|1184|1308|724|2706|1141|25157|
20170317|685 |1|1|4101|372|799|820|628|416|7136|
20170317|685 |1|2|18548|1236|1252|794|2945|1257|26032|
20170318|101 |0|1|23293|334|588|317|175|286|24993|
20170318|101 |0|2|76188|1634|8994|594|651|3090|91151|
20170318|101 |1|1|21657|432|704|594|176|1862|25425|
20170318|101 |1|2|71945|2138|9166|1023|995|3116|88383|
20170318|190 |0|1|15113|298|566|397|147|202|16723|
20170318|190 |0|2|53016|1497|2397|529|715|2005|60159|
20170318|190 |1|1|13421|328|473|556|218|1082|16078|
20170318|190 |1|2|47927|1544|2409|908|891|1978|55657|
20170318|253 |0|1|20145|503|678|514|244|240|22324|
20170318|253 |0|2|72830|1443|1316|928|1566|3638|81721|
20170318|253 |1|1|18319|384|601|704|369|1807|22184|
20170318|253 |1|2|66541|1482|1296|1093|2287|3505|76204|
20170318|254 |0|1|9226|232|389|380|350|196|10773|
20170318|254 |0|2|33281|806|966|442|1856|1940|39291|
20170318|254 |1|1|9302|261|392|481|327|981|11744|
20170318|254 |1|2|32433|787|916|523|1524|1889|38072|
20170318|651 |0|1|10367|107|134|98|38|204|10948|
20170318|651 |0|2|34623|365|967|156|284|1549|37944|
20170318|651 |1|1|7891|126|189|77|24|793|9100|
20170318|651 |1|2|28332|367|1033|95|271|1404|31502|
20170318|685 |0|1|6188|154|405|484|432|101|7764|
20170318|685 |0|2|20436|564|1220|377|1738|973|25308|
20170318|685 |1|1|5101|144|412|488|409|470|7024|
20170318|685 |1|2|18236|578|1126|462|1967|964|23333|
20170319|101 |0|1|21220|192|289|165|53|245|22164|
20170319|101 |0|2|68539|888|7532|324|218|2842|80343|
20170319|101 |1|1|21590|264|455|341|56|1745|24451|
20170319|101 |1|2|69288|986|7864|668|283|2757|81846|
20170319|190 |0|1|12507|147|253|169|46|144|13266|
20170319|190 |0|2|41970|739|2254|384|240|1769|47356|
20170319|190 |1|1|13718|153|212|248|61|1067|15459|
20170319|190 |1|2|46351|620|2086|401|224|1785|51467|
20170319|253 |0|1|18458|227|262|217|64|208|19436|
20170319|253 |0|2|63683|701|806|361|566|3229|69346|
20170319|253 |1|1|18337|172|191|230|80|1722|20732|
20170319|253 |1|2|61077|540|734|311|584|2981|66227|
20170319|254 |0|1|8373|77|140|116|66|136|8908|
20170319|254 |0|2|28529|346|753|153|367|1558|31706|
20170319|254 |1|1|9030|87|108|120|45|964|10354|
20170319|254 |1|2|29118|261|721|146|289|1537|32072|
20170319|651 |0|1|7017|49|44|26|15|173|7324|
20170319|651 |0|2|23459|119|869|35|57|1159|25698|
20170319|651 |1|1|9278|64|104|70|13|843|10372|
20170319|651 |1|2|31968|163|890|37|58|1363|34479|
20170319|685 |0|1|5520|55|124|142|99|89|6029|
20170319|685 |0|2|16656|203|1173|161|400|831|19424|
20170319|685 |1|1|5421|57|116|132|78|454|6258|
20170319|685 |1|2|17538|220|1029|147|354|798|20086|
20170320|101 |0|1|18790|474|894|674|248|385|21465|
20170320|101 |0|2|74521|2617|8662|1164|859|3810|91633|
20170320|101 |1|1|16570|546|919|808|280|1634|20757|
20170320|101 |1|2|69513|3036|8948|1464|1277|3673|87911|
20170320|190 |0|1|10169|463|1017|899|201|231|12980|
20170320|190 |0|2|42823|2565|2880|1434|1286|2189|53177|
20170320|190 |1|1|8973|502|720|799|268|806|12068|
20170320|190 |1|2|35594|2372|2823|1202|1318|1819|45128|
20170320|253 |0|1|15286|666|1316|1148|372|265|19053|
20170320|253 |0|2|69263|2814|2052|2022|2215|4259|82625|
20170320|253 |1|1|13797|626|1084|1059|541|1434|18541|
20170320|253 |1|2|61803|2819|1999|1820|2945|3982|75368|
20170320|254 |0|1|6767|416|690|865|589|204|9531|
20170320|254 |0|2|30978|1567|1215|893|3135|2263|40051|
20170320|254 |1|1|6819|402|708|705|517|834|9985|
20170320|254 |1|2|29152|1397|1137|686|2435|2127|36934|
20170320|651 |0|1|4976|138|235|146|63|146|5704|
20170320|651 |0|2|20095|582|922|242|437|1347|23625|
20170320|651 |1|1|5194|170|284|144|49|571|6412|
20170320|651 |1|2|20545|625|912|215|419|1416|24132|
20170320|685 |0|1|4323|359|990|964|951|113|7700|
20170320|685 |0|2|18125|1223|1356|716|2714|1093|25227|
20170320|685 |1|1|3715|377|781|772|612|400|6657|
20170320|685 |1|2|16720|1285|1437|721|2850|1128|24141|
20170321|101 |0|1|17263|530|1008|738|256|374|20169|
20170321|101 |0|2|70166|2794|8793|1319|1005|3602|87679|
20170321|101 |1|1|16103|606|1025|1096|284|1603|20717|
20170321|101 |1|2|68106|3241|9029|1914|1432|3615|87337|
20170321|190 |0|1|9129|490|1134|906|270|194|12123|
20170321|190 |0|2|39411|2689|3038|1452|1340|2008|49938|
20170321|190 |1|1|8732|475|872|1046|337|765|12227|
20170321|190 |1|2|36235|2680|2972|1726|1580|1813|47006|
20170321|253 |0|1|14172|701|1353|1208|434|292|18160|
20170321|253 |0|2|66058|3040|2247|2198|2616|4151|80310|
20170321|253 |1|1|12975|668|1144|1273|603|1441|18104|
20170321|253 |1|2|60963|2990|2151|2261|3301|3813|75479|
20170321|254 |0|1|6340|414|757|890|666|198|9265|
20170321|254 |0|2|30025|1643|1278|954|3394|2136|39430|
20170321|254 |1|1|6670|431|815|907|607|792|10222|
20170321|254 |1|2|29934|1463|1205|790|2691|2082|38165|
20170321|651 |0|1|5012|145|196|170|63|164|5750|
20170321|651 |0|2|19657|662|956|278|477|1250|23280|
20170321|651 |1|1|4738|170|267|161|55|530|5921|
20170321|651 |1|2|19689|664|916|222|404|1293|23188|
20170321|685 |0|1|3722|380|930|1033|1022|112|7199|
20170321|685 |0|2|16774|1236|1395|741|2829|1056|24031|
20170321|685 |1|1|3381|380|843|833|605|379|6421|
20170321|685 |1|2|16419|1293|1403|793|3034|1108|24050|
20170322|101 |0|1|17041|529|955|724|284|351|19884|
20170322|101 |0|2|70299|2741|8831|1224|1000|3498|87593|
20170322|101 |1|1|16370|604|974|1052|339|1543|20882|
20170322|101 |1|2|68224|3167|8961|1768|1453|3548|87121|
20170322|190 |0|1|10077|479|1125|871|252|209|13013|
20170322|190 |0|2|36937|2565|2755|1421|1315|1843|46836|
20170322|190 |1|1|8754|464|868|981|348|734|12149|
20170322|190 |1|2|37919|2665|3031|1592|1501|1928|48636|
20170322|253 |0|1|14377|734|1405|1116|479|254|18365|
20170322|253 |0|2|66909|3018|2259|2084|2538|4014|80822|
20170322|253 |1|1|13464|657|1143|1224|634|1426|18548|
20170322|253 |1|2|62687|3000|2206|2175|3394|3875|77337|
20170322|254 |0|1|6482|403|732|826|700|193|9336|
20170322|254 |0|2|30216|1614|1272|946|3378|2209|39635|
20170322|254 |1|1|6630|428|744|836|610|800|10048|
20170322|254 |1|2|29323|1448|1174|784|2635|2094|37458|
20170322|651 |0|1|4961|156|209|166|54|140|5686|
20170322|651 |0|2|19902|642|1013|273|399|1298|23527|
20170322|651 |1|1|4867|174|301|147|67|530|6086|
20170322|651 |1|2|19892|632|937|226|388|1343|23418|
20170322|685 |0|1|3666|345|941|970|1034|104|7060|
20170322|685 |0|2|16713|1200|1357|734|2841|1115|23960|
20170322|685 |1|1|3424|342|800|839|676|353|6434|
20170322|685 |1|2|16186|1273|1281|817|3179|1135|23871|
20170323|101 |0|1|17135|554|936|666|276|362|19929|
20170323|101 |0|2|71620|2881|8869|1233|1049|3476|89128|
20170323|101 |1|1|16953|623|1063|1058|363|1535|21595|
20170323|101 |1|2|69086|3215|9092|1794|1443|3409|88039|
20170323|190 |0|1|9134|514|1102|905|235|203|12093|
20170323|190 |0|2|40225|2623|3048|1406|1352|2026|50680|
20170323|190 |1|1|8910|495|840|1003|340|778|12366|
20170323|190 |1|2|38345|2675|2978|1600|1520|1904|49022|
20170323|253 |0|1|14771|744|1336|1081|444|296|18672|
20170323|253 |0|2|67315|2977|2222|2032|2464|4161|81171|
20170323|253 |1|1|13615|656|1174|1177|622|1469|18713|
20170323|253 |1|2|63476|2942|2172|2089|3284|4028|77991|
20170323|254 |0|1|6472|411|785|881|680|196|9425|
20170323|254 |0|2|30483|1629|1301|954|3479|2203|40049|
20170323|254 |1|1|6758|444|756|808|583|821|10170|
20170323|254 |1|2|30151|1388|1186|779|2595|2088|38187|
20170323|651 |0|1|5143|165|227|179|73|154|5941|
20170323|651 |0|2|20237|664|1006|292|542|1311|24052|
20170323|651 |1|1|4944|192|311|172|51|508|6178|
20170323|651 |1|2|20216|662|961|235|526|1364|23964|
20170323|685 |0|1|3653|360|1002|1037|1074|122|7248|
20170323|685 |0|2|17179|1226|1375|735|2912|1083|24510|
20170323|685 |1|1|3411|347|787|837|707|387|6476|
20170323|685 |1|2|16627|1327|1376|772|3140|1144|24386|
20170324|101 |0|1|18960|464|889|674|234|383|21604|
20170324|101 |0|2|75691|2714|9456|1149|1131|3749|93890|
20170324|101 |1|1|18144|564|991|1002|273|1779|22753|
20170324|101 |1|2|75012|3239|9739|1710|1610|3867|95177|
20170324|190 |0|1|11296|467|1009|867|226|215|14080|
20170324|190 |0|2|47049|2701|3117|1363|1368|2219|57817|
20170324|190 |1|1|10513|462|837|950|311|939|14012|
20170324|190 |1|2|43072|2639|2979|1611|1567|2057|53925|
20170324|253 |0|1|16243|728|1275|1054|400|313|20013|
20170324|253 |0|2|73691|2879|2122|1897|2457|4503|87549|
20170324|253 |1|1|14817|633|1159|1217|561|1523|19910|
20170324|253 |1|2|68694|2886|1988|1996|3184|4176|82924|
20170324|254 |0|1|7292|456|786|896|687|232|10349|
20170324|254 |0|2|32958|1684|1362|973|3346|2382|42705|
20170324|254 |1|1|7632|454|772|884|571|925|11238|
20170324|254 |1|2|33019|1523|1245|856|2728|2307|41678|
20170324|651 |0|1|6711|140|241|168|72|161|7493|
20170324|651 |0|2|25945|613|1170|278|522|1549|30077|
20170324|651 |1|1|5657|172|344|182|89|600|7044|
20170324|651 |1|2|22509|618|1107|204|462|1513|26413|
20170324|685 |0|1|4387|347|950|1013|1033|101|7831|
20170324|685 |0|2|18867|1216|1410|708|2861|1190|26252|
20170324|685 |1|1|4282|354|791|829|618|427|7301|
20170324|685 |1|2|18958|1281|1342|785|3177|1253|26796|
20170325|101 |0|1|23178|336|614|337|114|303|24882|
20170325|101 |0|2|76134|1706|9398|584|572|3105|91499|
20170325|101 |1|1|21323|431|803|597|166|1806|25126|
20170325|101 |1|2|71806|2116|9403|988|813|3153|88279|
20170325|190 |0|1|15015|283|548|388|139|208|16581|
20170325|190 |0|2|52903|1378|2429|504|869|2023|60106|
20170325|190 |1|1|13440|298|502|562|180|1156|16138|
20170325|190 |1|2|48455|1468|2479|900|1065|1995|56362|
20170325|253 |0|1|20834|457|616|508|234|263|22912|
20170325|253 |0|2|73035|1378|1145|698|1490|3646|81392|
20170325|253 |1|1|18730|349|559|689|362|1788|22477|
20170325|253 |1|2|67294|1458|1159|963|2187|3488|76549|
20170325|254 |0|1|9035|209|391|410|336|175|10556|
20170325|254 |0|2|33069|850|986|428|1934|1913|39180|
20170325|254 |1|1|9434|250|430|502|313|1002|11931|
20170325|254 |1|2|33204|798|975|510|1565|1847|38899|
20170325|651 |0|1|10047|106|114|127|35|204|10633|
20170325|651 |0|2|34207|374|1003|158|390|1526|37658|
20170325|651 |1|1|7349|118|209|85|17|731|8509|
20170325|651 |1|2|27139|383|1049|88|333|1333|30325|
20170325|685 |0|1|6241|164|421|459|422|141|7848|
20170325|685 |0|2|20591|571|1214|390|1907|1004|25677|
20170325|685 |1|1|5352|168|448|456|331|552|7307|
20170325|685 |1|2|18693|607|1105|450|2235|1001|24091|
20170326|101 |0|1|21523|186|289|147|44|303|22492|
20170326|101 |0|2|69838|867|7405|314|204|2879|81507|
20170326|101 |1|1|21568|255|503|284|63|1798|24471|
20170326|101 |1|2|69593|836|7778|601|287|2826|81921|
20170326|190 |0|1|9775|140|267|172|39|137|10530|
20170326|190 |0|2|43652|755|2155|381|220|1749|48912|
20170326|190 |1|1|14281|148|190|253|49|1075|15996|
20170326|190 |1|2|47216|628|1979|421|249|1715|52208|
20170326|253 |0|1|19312|269|261|194|69|234|20339|
20170326|253 |0|2|64545|662|769|311|475|3187|69949|
20170326|253 |1|1|18948|181|219|235|83|1665|21331|
20170326|253 |1|2|62591|550|704|290|455|2889|67479|
20170326|254 |0|1|8757|85|144|137|72|143|9338|
20170326|254 |0|2|29939|327|751|172|378|1666|33233|
20170326|254 |1|1|9160|116|125|145|53|947|10546|
20170326|254 |1|2|29623|241|703|139|283|1644|32633|
20170326|651 |0|1|6801|56|58|38|15|130|7098|
20170326|651 |0|2|22818|128|903|45|56|1112|25062|
20170326|651 |1|1|8866|85|129|60|12|804|9956|
20170326|651 |1|2|31257|171|931|43|51|1382|33835|
20170326|685 |0|1|5629|57|143|133|93|93|6148|
20170326|685 |0|2|16945|205|1126|151|424|755|19606|
20170326|685 |1|1|5567|70|123|153|96|480|6489|
20170326|685 |1|2|18341|191|1022|148|378|815|20895|
20170327|101 |0|1|17467|449|906|660|211|386|20079|
20170327|101 |0|2|70701|2456|8733|1162|864|3596|87512|
20170327|101 |1|1|15801|550|900|796|221|1581|19849|
20170327|101 |1|2|67438|2994|9040|1477|1249|3535|85733|
20170327|190 |0|1|10258|466|1008|942|240|207|13121|
20170327|190 |0|2|42940|2577|2940|1396|1304|2079|53236|
20170327|190 |1|1|9016|502|819|765|256|820|12178|
20170327|190 |1|2|37051|2410|2979|1234|1335|1804|46813|
20170327|253 |0|1|15457|725|1300|1078|372|299|19231|
20170327|253 |0|2|69660|2815|2057|1894|2184|4337|82947|
20170327|253 |1|1|13017|614|981|1063|534|1402|17611|
20170327|253 |1|2|60562|2791|1990|1813|2848|3934|73938|
20170327|254 |0|1|7050|413|746|890|649|222|9970|
20170327|254 |0|2|32218|1700|1343|963|3340|2372|41936|
20170327|254 |1|1|6850|385|650|737|527|821|9970|
20170327|254 |1|2|29364|1355|1147|677|2460|2098|37101|
20170327|651 |0|1|5168|130|221|160|47|152|5878|
20170327|651 |0|2|20254|574|981|239|452|1331|23831|
20170327|651 |1|1|5232|161|299|157|60|548|6457|
20170327|651 |1|2|20552|580|938|212|466|1433|24181|
20170327|685 |0|1|4610|353|992|957|883|130|7925|
20170327|685 |0|2|17950|1192|1328|731|2848|1125|25174|
20170327|685 |1|1|3605|363|776|796|648|376|6564|
20170327|685 |1|2|17035|1285|1407|733|3059|1119|24638|
20170328|101 |0|1|17495|561|1041|738|259|336|20430|
20170328|101 |0|2|70651|2852|8796|1281|900|3690|88170|
20170328|101 |1|1|15484|585|1029|1085|273|1471|19927|
20170328|101 |1|2|67469|3169|8999|1875|1475|3482|86469|
20170328|190 |0|1|9201|503|1141|954|245|216|12260|
20170328|190 |0|2|40265|2758|3055|1629|1464|2009|51180|
20170328|190 |1|1|8980|501|890|1052|342|791|12556|
20170328|190 |1|2|37515|2786|3107|1703|1734|1898|48743|
20170328|253 |0|1|14250|711|1392|1124|411|262|18150|
20170328|253 |0|2|66677|2955|2224|2102|2491|4063|80512|
20170328|253 |1|1|13006|677|1124|1270|618|1395|18090|
20170328|253 |1|2|61567|2953|2183|2221|3138|3850|75912|
20170328|254 |0|1|6612|442|832|964|703|223|9776|
20170328|254 |0|2|31189|1720|1368|1022|3510|2236|41045|
20170328|254 |1|1|6656|458|817|916|612|848|10307|
20170328|254 |1|2|30418|1456|1262|857|2795|2178|38966|
20170328|651 |0|1|4948|159|236|196|72|153|5764|
20170328|651 |0|2|20073|651|956|315|608|1274|23877|
20170328|651 |1|1|4663|175|348|189|67|509|5951|
20170328|651 |1|2|20010|642|940|249|544|1313|23698|
20170328|685 |0|1|3729|366|1031|1066|1309|110|7611|
20170328|685 |0|2|16920|1252|1397|744|2875|1151|24339|
20170328|685 |1|1|3515|371|808|892|652|396|6634|
20170328|685 |1|2|16651|1359|1415|892|3376|1187|24880|
20170329|101 |0|1|17513|515|928|726|232|369|20283|
20170329|101 |0|2|71123|2812|8938|1297|919|3519|88608|
20170329|101 |1|1|16111|604|1013|1039|281|1495|20543|
20170329|101 |1|2|68967|3275|9140|1761|1405|3493|88041|
20170329|190 |0|1|9035|504|1103|917|230|198|11987|
20170329|190 |0|2|39610|2788|3049|1408|1392|1982|50229|
20170329|190 |1|1|9279|506|891|995|307|862|12840|
20170329|190 |1|2|37588|2723|3014|1671|1567|1880|48443|
20170329|253 |0|1|14017|748|1380|1100|382|266|17893|
20170329|253 |0|2|66945|2916|2183|2069|2424|4211|80748|
20170329|253 |1|1|13236|699|1102|1243|562|1412|18254|
20170329|253 |1|2|62666|2990|2073|2125|3299|4014|77167|
20170329|254 |0|1|6670|446|789|931|722|202|9760|
20170329|254 |0|2|31136|1717|1405|1026|3594|2192|41070|
20170329|254 |1|1|6562|467|732|905|577|744|9987|
20170329|254 |1|2|29696|1501|1166|853|2703|2121|38040|
20170329|651 |0|1|4841|174|237|174|75|147|5648|
20170329|651 |0|2|20170|625|1047|300|502|1281|23925|
20170329|651 |1|1|4822|179|324|190|57|490|6062|
20170329|651 |1|2|20042|660|961|239|455|1329|23686|
20170329|685 |0|1|3477|366|934|936|928|104|6745|
20170329|685 |0|2|16292|1159|1314|760|2864|1066|23455|
20170329|685 |1|1|3338|386|813|828|652|336|6353|
20170329|685 |1|2|15749|1200|1349|803|3222|1024|23347|
20170330|101 |0|1|17591|545|959|670|294|359|20418|
20170330|101 |0|2|72486|2776|8886|1208|985|3618|89959|
20170330|101 |1|1|16445|626|1010|1029|301|1524|20935|
20170330|101 |1|2|69740|3249|9121|1827|1430|3575|88942|
20170330|190 |0|1|9576|531|1094|956|267|180|12604|
20170330|190 |0|2|40161|2705|3041|1497|1400|2055|50859|
20170330|190 |1|1|9016|491|856|1023|342|741|12469|
20170330|190 |1|2|37861|2695|3006|1639|1576|1909|48686|
20170330|253 |0|1|14693|771|1315|1144|391|288|18602|
20170330|253 |0|2|67519|2900|2126|2006|2468|4143|81162|
20170330|253 |1|1|13644|692|1074|1253|591|1429|18683|
20170330|253 |1|2|63296|2871|2092|2140|3218|3982|77599|
20170330|254 |0|1|6794|436|803|955|698|196|9882|
20170330|254 |0|2|31870|1755|1511|1007|3716|2307|42166|
20170330|254 |1|1|6912|462|797|888|574|845|10478|
20170330|254 |1|2|31403|1507|1248|851|2722|2246|39977|
20170330|651 |0|1|5367|153|250|169|68|132|6139|
20170330|651 |0|2|20584|652|1037|305|584|1319|24481|
20170330|651 |1|1|5049|198|327|168|55|533|6330|
20170330|651 |1|2|20606|668|969|232|546|1354|24375|
20170330|685 |0|1|3382|360|824|899|818|114|6397|
20170330|685 |0|2|15853|1148|1243|790|2662|1024|22720|
20170330|685 |1|1|3572|426|805|842|682|365|6692|
20170330|685 |1|2|16506|1290|1289|739|3090|1079|23993|
20170331|253 |0|1|16082|732|1227|985|327|268|19621|
20170331|253 |0|2|71631|2804|2116|1879|2183|4247|84860|
20170331|253 |1|1|14881|661|1076|1163|485|1623|19889|
20170331|253 |1|2|66978|2811|2078|1971|2836|4118|80792|
20170331|254 |0|1|7388|400|784|791|636|202|10201|
20170331|254 |0|2|32789|1687|1389|947|3215|2306|42333|
20170331|254 |1|1|7352|447|734|822|504|885|10744|
20170331|254 |1|2|32142|1427|1295|808|2531|2283|40486|
