20160801|101 |0|1|23746|504|811|691|240|417|26409|
20160801|101 |0|2|72179|2053|8239|807|763|3365|87406|
20160801|101 |1|1|24637|571|897|753|226|2020|29104|
20160801|101 |1|2|74487|2460|8457|985|993|3485|90867|
20160801|190 |0|1|16110|525|1028|882|257|320|19122|
20160801|190 |0|2|47540|2135|2733|1192|813|2220|56633|
20160801|190 |1|1|16706|530|736|895|276|1333|20476|
20160801|190 |1|2|47760|2087|2683|1128|846|2082|56586|
20160801|253 |0|1|22053|738|867|855|359|352|25224|
20160801|253 |0|2|68949|1910|1148|1038|1609|3730|78384|
20160801|253 |1|1|21365|568|738|803|478|1862|25814|
20160801|253 |1|2|66191|1929|1105|902|2090|3593|75810|
20160801|254 |0|1|9422|296|545|652|602|231|11748|
20160801|254 |0|2|29654|1041|1039|564|2046|1960|36304|
20160801|254 |1|1|10939|375|536|641|531|1060|14082|
20160801|254 |1|2|31062|955|978|385|1457|1948|36785|
20160801|651 |0|1|12518|146|260|127|66|258|13375|
20160801|651 |0|2|29723|417|925|216|257|1508|33046|
20160801|651 |1|1|13043|171|333|213|81|1093|14934|
20160801|651 |1|2|33907|522|820|183|246|1755|37433|
20160801|685 |0|1|6255|216|487|567|650|113|8288|
20160801|685 |0|2|18237|644|1178|442|2192|928|23621|
20160801|685 |1|1|5934|224|493|508|534|529|8222|
20160801|685 |1|2|18236|688|1111|376|2042|928|23381|
20160802|101 |0|1|21942|515|891|697|237|359|24641|
20160802|101 |0|2|70439|2245|8058|887|775|3333|85737|
20160802|101 |1|1|21737|596|918|899|273|1760|26183|
20160802|101 |1|2|68133|2648|8358|1242|1043|3223|84647|
20160802|190 |0|1|13812|490|1062|946|271|251|16832|
20160802|190 |0|2|43777|2316|2788|1282|890|1986|53039|
20160802|190 |1|1|16378|551|800|1229|306|1272|20536|
20160802|190 |1|2|47746|2258|2699|1537|1004|2106|57350|
20160802|253 |0|1|19627|672|944|919|400|303|22865|
20160802|253 |0|2|66658|2101|1273|1125|1734|3728|76619|
20160802|253 |1|1|20389|577|850|1058|556|1857|25287|
20160802|253 |1|2|65087|1957|1187|1167|2167|3482|75047|
20160802|254 |0|1|8571|300|580|718|655|196|11020|
20160802|254 |0|2|28815|1046|1017|560|2345|1985|35768|
20160802|254 |1|1|10248|393|606|761|620|983|13611|
20160802|254 |1|2|30588|941|930|438|1732|1939|36568|
20160802|651 |0|1|10625|152|254|167|65|216|11479|
20160802|651 |0|2|28419|456|923|212|309|1416|31735|
20160802|651 |1|1|12444|164|296|198|77|1109|14288|
20160802|651 |1|2|32493|550|831|206|298|1637|36015|
20160802|685 |0|1|4957|237|530|602|633|127|7086|
20160802|685 |0|2|15821|662|1179|460|2222|864|21208|
20160802|685 |1|1|5676|236|525|547|552|482|8018|
20160802|685 |1|2|18306|721|1054|433|2115|1027|23656|
20160803|101 |0|1|22182|528|917|663|226|380|24896|
20160803|101 |0|2|71469|2297|8121|906|727|3208|86728|
20160803|101 |1|1|22301|606|914|955|274|1812|26862|
20160803|101 |1|2|70250|2817|8372|1247|1045|3220|86951|
20160803|190 |0|1|13828|592|1163|1017|240|260|17100|
20160803|190 |0|2|44854|2424|2787|1348|882|2049|54344|
20160803|190 |1|1|14689|580|820|1184|335|1176|18784|
20160803|190 |1|2|44657|2355|2796|1556|1015|2105|54484|
20160803|253 |0|1|19503|704|965|945|390|324|22831|
20160803|253 |0|2|67623|2167|1237|1064|1671|3648|77410|
20160803|253 |1|1|19230|636|877|1016|564|1813|24136|
20160803|253 |1|2|63694|2094|1227|1121|2158|3492|73786|
20160803|254 |0|1|8482|315|546|702|677|200|10922|
20160803|254 |0|2|29412|1135|1062|567|2341|1943|36460|
20160803|254 |1|1|9697|366|600|677|662|939|12941|
20160803|254 |1|2|30349|1023|976|463|1742|1968|36521|
20160803|651 |0|1|10393|157|268|162|51|224|11255|
20160803|651 |0|2|29010|493|969|227|269|1371|32339|
20160803|651 |1|1|11536|204|284|201|74|962|13261|
20160803|651 |1|2|31421|566|924|201|236|1554|34902|
20160803|685 |0|1|5041|291|576|618|692|88|7306|
20160803|685 |0|2|16817|746|1219|472|2423|962|22639|
20160803|685 |1|1|5232|270|570|538|535|505|7650|
20160803|685 |1|2|17721|821|1111|464|2303|1041|23461|
20160804|101 |0|1|22021|533|970|768|262|380|24934|
20160804|101 |0|2|72314|2372|8220|943|740|3299|87888|
20160804|101 |1|1|20823|670|960|969|275|1799|25496|
20160804|101 |1|2|69307|2802|8414|1338|1034|3345|86240|
20160804|190 |0|1|13785|656|1198|992|307|286|17224|
20160804|190 |0|2|46501|2666|2864|1231|1033|2147|56442|
20160804|190 |1|1|12979|621|901|1113|410|1086|17110|
20160804|190 |1|2|42955|2629|2802|1499|1191|1979|53055|
20160804|253 |0|1|19118|862|1130|996|441|307|22854|
20160804|253 |0|2|69384|2555|1355|1153|1986|3930|80363|
20160804|253 |1|1|17458|752|949|1141|600|1670|22570|
20160804|253 |1|2|62375|2470|1263|1216|2476|3678|73478|
20160804|254 |0|1|8018|385|651|844|719|224|10841|
20160804|254 |0|2|30862|1370|1170|721|2680|2048|38851|
20160804|254 |1|1|8652|445|689|818|679|861|12144|
20160804|254 |1|2|29688|1211|1062|547|1966|1996|36470|
20160804|651 |0|1|10296|156|275|206|70|197|11200|
20160804|651 |0|2|29319|523|979|216|310|1365|32712|
20160804|651 |1|1|9802|193|333|212|73|864|11477|
20160804|651 |1|2|28592|587|935|225|292|1460|32091|
20160804|685 |0|1|5007|344|740|700|835|121|7747|
20160804|685 |0|2|17957|969|1232|494|2447|1076|24175|
20160804|685 |1|1|4454|333|693|641|661|412|7194|
20160804|685 |1|2|17247|1027|1243|503|2561|1012|23593|
20160805|101 |0|1|23798|581|957|729|256|393|26714|
20160805|101 |0|2|74278|2397|8758|912|702|3483|90530|
20160805|101 |1|1|21131|658|987|933|291|1872|25872|
20160805|101 |1|2|71064|2871|8963|1186|1054|3466|88604|
20160805|190 |0|1|15404|631|1107|972|275|257|18646|
20160805|190 |0|2|50932|2662|2855|1259|1022|2321|61051|
20160805|190 |1|1|14619|700|1069|1103|367|1183|19041|
20160805|190 |1|2|44190|2463|2597|1231|1110|2192|53783|
20160805|253 |0|1|20095|889|1094|1008|467|325|23878|
20160805|253 |0|2|73889|2569|1350|1172|2058|4225|85263|
20160805|253 |1|1|18620|722|1006|1136|610|1714|23808|
20160805|253 |1|2|67133|2582|1356|1273|2622|3952|78918|
20160805|254 |0|1|8508|395|675|765|691|226|11260|
20160805|254 |0|2|32190|1481|1266|677|2721|2154|40489|
20160805|254 |1|1|9152|500|662|810|684|942|12750|
20160805|254 |1|2|31079|1242|1079|536|1978|2121|38035|
20160805|651 |0|1|12429|167|215|197|73|252|13333|
20160805|651 |0|2|35498|536|1021|238|344|1572|39209|
20160805|651 |1|1|10206|191|311|189|75|863|11835|
20160805|651 |1|2|29569|586|922|185|310|1575|33147|
20160805|685 |0|1|5309|334|682|707|758|108|7898|
20160805|685 |0|2|18987|1020|1200|528|2411|1106|25252|
20160805|685 |1|1|5020|346|707|722|610|460|7865|
20160805|685 |1|2|18709|1078|1171|535|2505|1130|25128|
20160806|101 |0|1|25980|334|555|339|140|316|27664|
20160806|101 |0|2|74577|1531|7914|500|426|2995|87943|
20160806|101 |1|1|24321|466|754|644|162|1872|28219|
20160806|101 |1|2|71693|2003|8046|885|685|3027|86339|
20160806|190 |0|1|16514|309|514|453|179|201|18170|
20160806|190 |0|2|48043|1393|2252|447|635|1901|54671|
20160806|190 |1|1|15524|303|510|666|237|1089|18329|
20160806|190 |1|2|45513|1452|2421|772|736|1848|52742|
20160806|253 |0|1|22622|514|550|497|237|268|24688|
20160806|253 |0|2|69094|1320|877|537|1214|3493|76535|
20160806|253 |1|1|20474|425|566|739|382|1892|24478|
20160806|253 |1|2|63082|1415|905|738|1763|3325|71228|
20160806|254 |0|1|9492|219|375|374|329|196|10985|
20160806|254 |0|2|30252|741|971|317|1439|1857|35577|
20160806|254 |1|1|10310|264|407|495|307|1049|12832|
20160806|254 |1|2|30287|739|884|342|1066|1691|35009|
20160806|651 |0|1|12909|92|119|113|43|253|13529|
20160806|651 |0|2|31044|237|890|102|154|1354|33781|
20160806|651 |1|1|11736|129|172|115|46|918|13116|
20160806|651 |1|2|31033|340|917|65|139|1331|33825|
20160806|685 |0|1|5991|183|378|376|346|99|7373|
20160806|685 |0|2|18162|500|1239|292|1409|914|22516|
20160806|685 |1|1|5763|178|414|424|362|506|7647|
20160806|685 |1|2|17836|570|1096|342|1440|949|22233|
20160807|101 |0|1|23586|199|345|211|65|291|24697|
20160807|101 |0|2|67083|825|6934|277|126|2774|78019|
20160807|101 |1|1|23986|248|560|294|54|1830|26972|
20160807|101 |1|2|66639|874|7226|447|175|2629|77990|
20160807|190 |0|1|13889|192|341|220|47|174|14863|
20160807|190 |0|2|39323|796|2059|342|188|1619|44327|
20160807|190 |1|1|16174|186|224|480|58|1167|18289|
20160807|190 |1|2|46016|712|2042|573|143|1763|51249|
20160807|253 |0|1|20289|314|257|217|77|239|21393|
20160807|253 |0|2|61223|655|647|317|399|2997|66238|
20160807|253 |1|1|21020|178|233|248|117|1778|23574|
20160807|253 |1|2|59016|526|567|306|361|2737|63513|
20160807|254 |0|1|8782|99|157|150|90|163|9441|
20160807|254 |0|2|26964|344|803|151|311|1446|30019|
20160807|254 |1|1|9991|105|168|156|86|957|11463|
20160807|254 |1|2|27186|286|727|123|218|1480|30020|
20160807|651 |0|1|11636|65|113|61|19|212|12106|
20160807|651 |0|2|29143|137|960|52|43|1237|31572|
20160807|651 |1|1|14329|69|130|107|14|1188|15837|
20160807|651 |1|2|36593|187|877|78|29|1547|39311|
20160807|685 |0|1|5014|81|126|126|142|81|5570|
20160807|685 |0|2|14053|217|1045|112|427|729|16583|
20160807|685 |1|1|5626|69|140|105|114|492|6546|
20160807|685 |1|2|16385|230|994|111|381|748|18849|
20160808|101 |0|1|21470|551|946|728|228|403|24326|
20160808|101 |0|2|72644|2401|8340|925|638|3548|88496|
20160808|101 |1|1|20387|660|951|811|236|1728|24773|
20160808|101 |1|2|69038|2756|8432|1069|912|3436|85643|
20160808|190 |0|1|13409|602|1311|1039|244|262|16867|
20160808|190 |0|2|46436|2707|2765|1287|936|2209|56340|
20160808|190 |1|1|13670|625|883|1007|290|1168|17643|
20160808|190 |1|2|44659|2639|2693|1257|1035|2174|54457|
20160808|253 |0|1|18478|942|1264|1090|399|336|22509|
20160808|253 |0|2|70239|2550|1781|1680|1863|4190|82303|
20160808|253 |1|1|17323|771|1058|1096|547|1643|22438|
20160808|253 |1|2|65018|2683|1787|1560|2330|3942|77320|
20160808|254 |0|1|8011|437|733|933|703|242|11059|
20160808|254 |0|2|31743|1464|1237|767|2792|2200|40203|
20160808|254 |1|1|8682|475|737|805|686|956|12341|
20160808|254 |1|2|30010|1282|1101|547|1997|2102|37039|
20160808|651 |0|1|10084|172|300|166|74|193|10989|
20160808|651 |0|2|26993|571|990|219|385|1524|30682|
20160808|651 |1|1|10342|229|342|256|79|851|12099|
20160808|651 |1|2|29962|595|913|217|353|1662|33702|
20160808|685 |0|1|5215|393|885|832|855|124|8304|
20160808|685 |0|2|17741|1179|1284|653|2522|1129|24508|
20160808|685 |1|1|4245|415|750|775|619|431|7235|
20160808|685 |1|2|16567|1243|1227|581|2438|1018|23074|
20160809|101 |0|1|19866|647|997|877|255|365|23007|
20160809|101 |0|2|69406|2675|8383|1035|822|3402|85723|
20160809|101 |1|1|19247|735|1043|1080|321|1612|24038|
20160809|101 |1|2|66118|3023|8643|1369|1135|3372|83660|
20160809|190 |0|1|12146|636|1357|1085|286|245|15755|
20160809|190 |0|2|43605|2993|2921|1504|1124|2147|54294|
20160809|190 |1|1|12743|625|1017|1322|421|1033|17161|
20160809|190 |1|2|43402|2958|2919|1640|1328|2111|54358|
20160809|253 |0|1|17056|988|1387|1239|494|335|21499|
20160809|253 |0|2|68100|2916|1999|1867|2104|4093|81079|
20160809|253 |1|1|16586|814|1264|1427|650|1644|22385|
20160809|253 |1|2|62732|2947|1901|1913|2565|3816|75874|
20160809|254 |0|1|7471|470|718|942|761|229|10591|
20160809|254 |0|2|29991|1570|1243|910|2872|2123|38709|
20160809|254 |1|1|8495|578|791|973|785|913|12535|
20160809|254 |1|2|30037|1358|1062|615|2254|2120|37446|
20160809|651 |0|1|8844|180|332|210|83|210|9859|
20160809|651 |0|2|25176|590|987|259|479|1428|28919|
20160809|651 |1|1|9475|230|343|262|88|850|11248|
20160809|651 |1|2|27443|671|941|256|427|1531|31269|
20160809|685 |0|1|4204|436|877|903|901|118|7439|
20160809|685 |0|2|17100|1213|1255|752|2665|1066|24051|
20160809|685 |1|1|4228|408|831|837|674|422|7400|
20160809|685 |1|2|17259|1311|1267|710|2725|1093|24365|
20160810|101 |0|1|21081|660|972|781|308|406|24208|
20160810|101 |0|2|69418|2539|8313|1026|795|3326|85417|
20160810|101 |1|1|19635|766|1089|1008|335|1658|24491|
20160810|101 |1|2|68294|2975|8584|1397|1196|3418|85864|
20160810|190 |0|1|12325|697|1319|1048|321|268|15978|
20160810|190 |0|2|44657|2910|2855|1372|1201|2174|55169|
20160810|190 |1|1|12354|677|1001|1247|404|1022|16705|
20160810|190 |1|2|43189|2875|2853|1619|1330|2231|54097|
20160810|253 |0|1|17676|945|1359|1147|470|311|21908|
20160810|253 |0|2|69780|2891|2065|1882|2248|4205|83071|
20160810|253 |1|1|16431|869|1241|1350|700|1605|22196|
20160810|253 |1|2|63846|2936|1959|2000|2660|3994|77395|
20160810|254 |0|1|7768|506|756|944|750|262|10986|
20160810|254 |0|2|31445|1668|1336|819|2906|2225|40399|
20160810|254 |1|1|8303|541|815|933|804|873|12269|
20160810|254 |1|2|30094|1452|1130|627|2308|2068|37679|
20160810|651 |0|1|9154|168|283|195|94|210|10104|
20160810|651 |0|2|26576|605|1025|283|424|1521|30434|
20160810|651 |1|1|9101|209|348|223|98|786|10765|
20160810|651 |1|2|26069|659|981|251|344|1535|29839|
20160810|685 |0|1|4345|431|873|906|1041|125|7721|
20160810|685 |0|2|17106|1228|1338|687|2777|1105|24241|
20160810|685 |1|1|4245|386|799|841|770|413|7454|
20160810|685 |1|2|16907|1262|1244|706|2685|1104|23908|
20160811|101 |0|1|21347|583|1023|835|228|396|24412|
20160811|101 |0|2|73061|2631|8425|1032|850|3436|89435|
20160811|101 |1|1|19642|695|1084|1105|327|1641|24494|
20160811|101 |1|2|68760|3005|8656|1471|1276|3347|86515|
20160811|190 |0|1|13012|682|1330|1056|308|245|16633|
20160811|190 |0|2|46185|2907|2945|1397|1085|2281|56800|
20160811|190 |1|1|12332|684|997|1357|382|986|16738|
20160811|190 |1|2|42947|2871|2905|1564|1246|2139|53672|
20160811|253 |0|1|17648|895|1320|1184|531|378|21956|
20160811|253 |0|2|69514|2868|1972|1875|2356|4201|82786|
20160811|253 |1|1|16349|849|1263|1336|695|1588|22080|
20160811|253 |1|2|64087|2923|2042|1937|2848|3980|77817|
20160811|254 |0|1|7495|481|787|932|787|212|10694|
20160811|254 |0|2|30790|1562|1222|805|2856|2128|39363|
20160811|254 |1|1|8285|559|830|945|798|844|12261|
20160811|254 |1|2|30550|1463|1080|641|2184|2082|38000|
20160811|651 |0|1|9908|196|325|196|96|191|10912|
20160811|651 |0|2|27726|593|1066|239|420|1483|31527|
20160811|651 |1|1|8670|238|374|223|95|749|10349|
20160811|651 |1|2|25976|640|1003|218|370|1469|29676|
20160811|685 |0|1|4279|414|886|889|973|118|7559|
20160811|685 |0|2|17308|1157|1295|667|2681|1087|24195|
20160811|685 |1|1|4140|409|864|766|805|430|7414|
20160811|685 |1|2|16448|1209|1259|666|2632|1076|23290|
20160812|101 |0|1|23887|602|1047|750|284|377|26947|
20160812|101 |0|2|77889|2640|9268|1006|912|3590|95305|
20160812|101 |1|1|21209|715|1170|1031|335|1844|26304|
20160812|101 |1|2|73142|3025|9432|1486|1391|3580|92056|
20160812|190 |0|1|15640|641|1204|1041|282|287|19095|
20160812|190 |0|2|54564|2883|2904|1426|1095|2556|65428|
20160812|190 |1|1|14158|767|1029|1365|442|1172|18933|
20160812|190 |1|2|47640|2834|2846|1618|1206|2412|58556|
20160812|253 |0|1|20400|938|1214|1139|479|427|24597|
20160812|253 |0|2|78195|2841|1831|1572|2366|4433|91238|
20160812|253 |1|1|17574|842|1222|1308|675|1710|23331|
20160812|253 |1|2|68386|2888|1705|1662|2958|4152|81751|
20160812|254 |0|1|8523|495|766|920|750|221|11675|
20160812|254 |0|2|33800|1618|1258|756|2823|2320|42575|
20160812|254 |1|1|8810|587|771|993|755|954|12870|
20160812|254 |1|2|31804|1421|1164|670|2227|2214|39500|
20160812|651 |0|1|12243|179|303|275|102|258|13360|
20160812|651 |0|2|37049|592|1062|298|506|1763|41270|
20160812|651 |1|1|9085|212|398|271|89|802|10857|
20160812|651 |1|2|26892|653|1047|242|428|1530|30792|
20160812|685 |0|1|5434|422|905|892|1266|151|9070|
20160812|685 |0|2|20964|1182|1344|687|2663|1254|28094|
20160812|685 |1|1|4683|421|806|834|731|448|7923|
20160812|685 |1|2|18925|1292|1180|604|2850|1180|26031|
20160813|101 |0|1|28832|356|568|397|162|380|30695|
20160813|101 |0|2|77004|1468|8495|489|498|3072|91026|
20160813|101 |1|1|24115|504|741|737|234|1930|28261|
20160813|101 |1|2|69969|2124|8176|969|991|2878|85107|
20160813|190 |0|1|19492|330|599|411|179|253|21264|
20160813|190 |0|2|53250|1326|1987|486|526|2096|59671|
20160813|190 |1|1|15323|332|479|726|243|1200|18303|
20160813|190 |1|2|44319|1507|2417|810|715|1896|51664|
20160813|253 |0|1|25072|510|541|533|221|339|27216|
20160813|253 |0|2|74632|1332|810|629|1111|3607|82121|
20160813|253 |1|1|20358|448|631|764|377|1785|24363|
20160813|253 |1|2|62844|1564|936|908|1709|3321|71282|
20160813|254 |0|1|10666|265|381|473|382|227|12394|
20160813|254 |0|2|33769|876|1024|432|1598|1991|39690|
20160813|254 |1|1|10505|314|505|571|418|1085|13398|
20160813|254 |1|2|31793|864|942|429|1372|1862|37262|
20160813|651 |0|1|14498|66|122|121|57|442|15306|
20160813|651 |0|2|32495|233|840|155|183|1329|35235|
20160813|651 |1|1|11269|102|166|111|55|871|12574|
20160813|651 |1|2|27169|314|896|90|163|1269|29901|
20160813|685 |0|1|9035|198|532|445|545|119|10874|
20160813|685 |0|2|19835|429|818|303|1428|896|23709|
20160813|685 |1|1|5659|204|466|483|414|452|7678|
20160813|685 |1|2|17211|537|1044|386|1704|949|21831|
20160814|101 |0|1|25857|192|316|126|51|309|26851|
20160814|101 |0|2|69075|771|6916|223|146|2682|79813|
20160814|101 |1|1|25295|240|574|293|64|2020|28486|
20160814|101 |1|2|69197|774|7295|427|232|2607|80532|
20160814|190 |0|1|15929|161|307|160|38|202|16797|
20160814|190 |0|2|43105|692|2029|273|155|1743|47997|
20160814|190 |1|1|16726|172|212|415|49|1216|18790|
20160814|190 |1|2|45607|668|1869|513|132|1751|50540|
20160814|253 |0|1|23288|276|219|151|64|247|24245|
20160814|253 |0|2|65127|580|657|191|351|3031|69937|
20160814|253 |1|1|21557|156|264|219|83|1823|24102|
20160814|253 |1|2|60409|486|555|250|355|2638|64693|
20160814|254 |0|1|9759|98|144|133|74|163|10371|
20160814|254 |0|2|28174|328|756|143|268|1544|31213|
20160814|254 |1|1|10597|129|146|160|90|985|12107|
20160814|254 |1|2|28946|268|703|161|216|1534|31828|
20160814|651 |0|1|14019|69|236|66|44|245|14679|
20160814|651 |0|2|29855|150|861|51|46|1346|32309|
20160814|651 |1|1|13766|66|108|99|13|1097|15149|
20160814|651 |1|2|32756|192|880|79|40|1361|35308|
20160814|685 |0|1|6261|88|150|149|113|98|6859|
20160814|685 |0|2|16436|196|1045|113|424|771|18985|
20160814|685 |1|1|6297|80|136|133|88|547|7281|
20160814|685 |1|2|18537|195|1000|142|428|818|21120|
20160815|101 |0|1|22164|342|649|387|133|318|23993|
20160815|101 |0|2|66446|1619|7651|587|423|2635|79361|
20160815|101 |1|1|26427|400|714|460|144|2020|30165|
20160815|101 |1|2|74486|1832|8048|685|540|2772|88363|
20160815|190 |0|1|12945|305|742|539|138|170|14839|
20160815|190 |0|2|38879|1467|2361|705|486|1613|45511|
20160815|190 |1|1|19109|300|442|633|153|1327|21964|
20160815|190 |1|2|53692|1395|2224|766|503|2093|60673|
20160815|253 |0|1|18937|490|483|461|229|217|20817|
20160815|253 |0|2|60849|1215|878|514|1239|3005|67700|
20160815|253 |1|1|23379|328|436|450|246|1855|26694|
20160815|253 |1|2|65553|1130|791|447|1414|2930|72265|
20160815|254 |0|1|8760|177|302|249|238|189|9915|
20160815|254 |0|2|28076|629|870|307|1180|1601|32663|
20160815|254 |1|1|10886|220|293|312|203|1057|12971|
20160815|254 |1|2|30801|588|806|242|768|1651|34856|
20160815|651 |0|1|11030|96|183|85|41|233|11668|
20160815|651 |0|2|27633|322|929|144|216|1217|30461|
20160815|651 |1|1|17289|138|223|168|40|1370|19228|
20160815|651 |1|2|43366|376|839|114|195|1816|46706|
20160815|685 |0|1|4968|132|304|334|275|97|6110|
20160815|685 |0|2|14707|381|1156|274|1036|804|18358|
20160815|685 |1|1|6340|134|274|301|202|535|7786|
20160815|685 |1|2|19095|402|994|263|1164|900|22818|
20160816|101 |0|1|20907|662|993|763|269|419|24013|
20160816|101 |0|2|70153|2479|8310|986|675|3521|86124|
20160816|101 |1|1|20534|638|1041|857|292|1820|25182|
20160816|101 |1|2|71328|2941|8634|1228|1103|3618|88852|
20160816|190 |0|1|12046|640|1213|1041|278|270|15488|
20160816|190 |0|2|44095|2829|2790|1360|1013|2279|54366|
20160816|190 |1|1|12853|689|865|1030|308|1054|16799|
20160816|190 |1|2|42643|2681|2739|1290|1140|2233|52726|
20160816|253 |0|1|16620|1580|1359|1117|456|270|21402|
20160816|253 |0|2|70817|2920|1820|1764|2306|4332|83959|
20160816|253 |1|1|17041|764|1139|1133|669|1701|22447|
20160816|253 |1|2|65823|2852|1772|1599|2697|4083|78826|
20160816|254 |0|1|7746|428|758|986|737|229|10884|
20160816|254 |0|2|31814|1622|1243|825|2831|2247|40582|
20160816|254 |1|1|8771|479|762|894|733|995|12634|
20160816|254 |1|2|31715|1376|1056|562|2107|2225|39041|
20160816|651 |0|1|8284|148|304|166|58|216|9176|
20160816|651 |0|2|24116|565|1080|218|422|1439|27840|
20160816|651 |1|1|10420|189|367|240|68|983|12267|
20160816|651 |1|2|31015|609|1119|207|367|1710|35027|
20160816|685 |0|1|4411|410|882|901|903|125|7632|
20160816|685 |0|2|17997|1170|1336|665|2598|1089|24855|
20160816|685 |1|1|4459|397|825|748|658|412|7499|
20160816|685 |1|2|17342|1287|1231|647|2509|1108|24124|
20160817|101 |0|1|19385|593|1012|857|269|402|22518|
20160817|101 |0|2|70478|2634|8375|1132|927|3424|86970|
20160817|101 |1|1|18735|695|1057|1119|324|1625|23555|
20160817|101 |1|2|67113|3092|8583|1536|1355|3344|85023|
20160817|190 |0|1|11128|676|1188|1150|296|230|14668|
20160817|190 |0|2|41705|2915|2769|1420|1029|2094|51932|
20160817|190 |1|1|11641|691|991|1337|399|975|16034|
20160817|190 |1|2|40813|2884|2780|1611|1280|2161|51529|
20160817|253 |0|1|15617|1838|1414|1230|502|237|20838|
20160817|253 |0|2|68950|2996|1893|1760|2482|4095|82176|
20160817|253 |1|1|15912|867|1249|1418|787|1591|21824|
20160817|253 |1|2|63530|3004|1816|1774|2858|3770|76752|
20160817|254 |0|1|7453|498|776|1025|836|234|10822|
20160817|254 |0|2|30989|1688|1259|884|3258|2206|40284|
20160817|254 |1|1|8151|593|816|1027|778|920|12285|
20160817|254 |1|2|30431|1450|1099|722|2561|2098|38361|
20160817|651 |0|1|8404|199|307|205|67|166|9348|
20160817|651 |0|2|24635|582|1098|262|433|1469|28479|
20160817|651 |1|1|8830|234|347|213|72|787|10483|
20160817|651 |1|2|26344|654|1070|239|362|1554|30223|
20160817|685 |0|1|4283|400|967|966|1147|111|7874|
20160817|685 |0|2|16948|1224|1277|687|2916|1043|24095|
20160817|685 |1|1|4090|390|864|851|843|415|7453|
20160817|685 |1|2|16441|1225|1217|659|2810|984|23336|
20160818|101 |0|1|19922|624|994|834|273|379|23026|
20160818|101 |0|2|71516|2684|8431|1099|936|3291|87957|
20160818|101 |1|1|18926|710|1094|1123|365|1630|23848|
20160818|101 |1|2|69022|3033|8666|1580|1355|3379|87035|
20160818|190 |0|1|11213|652|1319|1006|318|251|14759|
20160818|190 |0|2|41432|2858|2754|1383|1068|1965|51460|
20160818|190 |1|1|11329|664|974|1228|388|1015|15598|
20160818|190 |1|2|40416|2957|2751|1591|1262|2044|51021|
20160818|253 |0|1|16377|1031|1355|1186|496|258|20703|
20160818|253 |0|2|69818|3067|1819|1699|2520|4229|83152|
20160818|253 |1|1|15807|864|1360|1447|796|1559|21833|
20160818|253 |1|2|64749|3031|1752|1770|3140|3971|78413|
20160818|254 |0|1|7549|472|831|1015|856|226|10949|
20160818|254 |0|2|31644|1657|1252|854|3341|2334|41082|
20160818|254 |1|1|8045|558|864|1030|872|836|12205|
20160818|254 |1|2|28737|1321|955|611|2177|2033|35834|
20160818|651 |0|1|8382|180|306|207|113|209|9397|
20160818|651 |0|2|25365|608|1151|238|445|1463|29270|
20160818|651 |1|1|8442|233|356|225|79|843|10178|
20160818|651 |1|2|25563|626|1060|221|417|1524|29411|
20160818|685 |0|1|4037|423|864|938|988|107|7357|
20160818|685 |0|2|16830|1178|1229|667|2851|1068|23823|
20160818|685 |1|1|4142|452|894|925|858|372|7643|
20160818|685 |1|2|17111|1332|1295|650|2940|1096|24424|
20160819|101 |0|1|21586|636|975|762|293|397|24649|
20160819|101 |0|2|74207|2686|9067|1092|822|3529|91403|
20160819|101 |1|1|20273|731|1121|1073|349|1726|25273|
20160819|101 |1|2|72608|3141|9375|1539|1299|3711|91673|
20160819|190 |0|1|12877|637|1265|1082|317|277|16455|
20160819|190 |0|2|46621|2867|2869|1270|1190|2233|57050|
20160819|190 |1|1|12003|712|957|1282|397|1076|16427|
20160819|190 |1|2|44317|2959|2716|1521|1339|2259|55111|
20160819|253 |0|1|17905|996|1366|1208|496|333|22304|
20160819|253 |0|2|73532|2943|1756|1515|2354|4286|86386|
20160819|253 |1|1|16813|813|1243|1370|672|1683|22594|
20160819|253 |1|2|68343|2922|1728|1592|2913|4121|81619|
20160819|254 |0|1|7967|515|770|983|743|233|11211|
20160819|254 |0|2|32704|1697|1250|834|3058|2239|41782|
20160819|254 |1|1|8368|590|844|988|753|908|12451|
20160819|254 |1|2|31630|1496|1032|670|2379|2145|39352|
20160819|651 |0|1|10449|192|309|256|86|228|11520|
20160819|651 |0|2|33120|626|1340|268|509|1639|37502|
20160819|651 |1|1|8590|222|402|252|83|792|10341|
20160819|651 |1|2|26909|669|1238|220|457|1589|31082|
20160819|685 |0|1|4589|414|884|933|1087|133|8040|
20160819|685 |0|2|18473|1128|1351|657|2788|1123|25520|
20160819|685 |1|1|4490|403|855|855|775|428|7806|
20160819|685 |1|2|18247|1278|1221|702|2946|1175|25569|
20160820|101 |0|1|25310|398|680|422|200|347|27357|
20160820|101 |0|2|76409|1756|8489|600|592|3102|90948|
20160820|101 |1|1|23398|535|840|749|225|1859|27606|
20160820|101 |1|2|71346|2188|8616|990|894|3081|87115|
20160820|190 |0|1|15079|329|654|503|164|249|16978|
20160820|190 |0|2|45701|1380|2280|538|589|1847|52335|
20160820|190 |1|1|13574|358|531|726|212|1074|16475|
20160820|190 |1|2|42032|1547|2397|928|840|1882|49626|
20160820|253 |0|1|22204|618|697|526|268|263|24576|
20160820|253 |0|2|72698|1452|1011|696|1400|3669|80926|
20160820|253 |1|1|19677|393|712|746|412|1776|23716|
20160820|253 |1|2|65332|1585|1031|938|2091|3437|74414|
20160820|254 |0|1|9651|251|421|474|405|214|11416|
20160820|254 |0|2|31917|903|936|409|1857|1882|37904|
20160820|254 |1|1|10347|353|494|625|440|1074|13333|
20160820|254 |1|2|32347|840|910|439|1595|1889|38020|
20160820|651 |0|1|12803|108|159|120|60|235|13485|
20160820|651 |0|2|34139|320|1204|168|260|1522|37613|
20160820|651 |1|1|10288|162|234|121|49|841|11695|
20160820|651 |1|2|30044|388|1183|107|232|1363|33317|
20160820|685 |0|1|6152|201|408|458|582|113|7914|
20160820|685 |0|2|18504|588|1178|331|1945|962|23508|
20160820|685 |1|1|5274|216|473|492|489|522|7466|
20160820|685 |1|2|17248|612|969|372|2012|900|22113|
20160821|101 |0|1|23424|235|356|213|48|294|24570|
20160821|101 |0|2|69279|885|7413|334|167|2816|80894|
20160821|101 |1|1|23408|290|561|329|62|1867|26517|
20160821|101 |1|2|68338|931|7765|515|225|2651|80425|
20160821|190 |0|1|11640|223|333|258|66|182|12702|
20160821|190 |0|2|39662|821|2240|415|161|1736|45035|
20160821|190 |1|1|14492|194|234|452|55|1042|16469|
20160821|190 |1|2|41171|745|2043|538|184|1644|46325|
20160821|253 |0|1|20092|333|305|207|87|236|21260|
20160821|253 |0|2|63116|744|835|310|399|3108|68512|
20160821|253 |1|1|19938|214|308|274|138|1703|22575|
20160821|253 |1|2|59109|585|691|282|372|2777|63816|
20160821|254 |0|1|8952|109|172|158|112|163|9666|
20160821|254 |0|2|28000|386|741|169|340|1559|31195|
20160821|254 |1|1|10222|124|192|191|99|991|11819|
20160821|254 |1|2|28177|297|671|146|192|1529|31012|
20160821|651 |0|1|10490|77|138|59|11|222|10997|
20160821|651 |0|2|28472|181|1227|67|49|1272|31268|
20160821|651 |1|1|13521|101|152|103|17|1195|15089|
20160821|651 |1|2|36814|224|1155|69|40|1587|39889|
20160821|685 |0|1|5140|85|148|132|129|91|5725|
20160821|685 |0|2|14967|212|1015|114|566|713|17587|
20160821|685 |1|1|5462|82|126|108|110|490|6378|
20160821|685 |1|2|16429|228|940|117|538|799|19051|
20160822|101 |0|1|20780|564|953|748|233|389|23667|
20160822|101 |0|2|73019|2456|8327|1074|788|3696|89360|
20160822|101 |1|1|18763|628|1029|855|300|1669|23244|
20160822|101 |1|2|68442|2844|8606|1242|1205|3586|85925|
20160822|190 |0|1|11419|612|1275|1041|294|260|14901|
20160822|190 |0|2|42535|2710|2647|1349|1097|2157|52495|
20160822|190 |1|1|11185|647|927|1071|346|1049|15225|
20160822|190 |1|2|39356|2693|2690|1251|1188|2139|49317|
20160822|253 |0|1|17358|1032|1290|1242|473|322|21717|
20160822|253 |0|2|70557|2764|1820|1888|2076|4311|83416|
20160822|253 |1|1|15537|813|1143|1160|623|1555|20831|
20160822|253 |1|2|62307|2776|1805|1709|2586|4027|75210|
20160822|254 |0|1|7705|472|776|987|753|224|10917|
20160822|254 |0|2|32148|1558|1190|829|3059|2352|41136|
20160822|254 |1|1|7814|531|765|814|749|893|11566|
20160822|254 |1|2|29941|1323|1008|554|2185|2135|37146|
20160822|651 |0|1|8459|160|295|208|84|218|9424|
20160822|651 |0|2|24426|592|1114|267|385|1468|28252|
20160822|651 |1|1|9270|245|411|265|144|857|11192|
20160822|651 |1|2|25668|603|931|218|275|1603|29298|
20160822|685 |0|1|5210|390|948|919|1059|138|8664|
20160822|685 |0|2|18033|1161|1238|643|2690|1072|24837|
20160822|685 |1|1|4015|397|808|801|711|388|7120|
20160822|685 |1|2|16619|1238|1256|632|2608|1084|23437|
20160823|101 |0|1|18522|617|1062|859|255|384|21699|
20160823|101 |0|2|68063|2673|8413|1146|932|3484|84711|
20160823|101 |1|1|17673|679|1110|1113|325|1506|22406|
20160823|101 |1|2|66024|3119|8649|1527|1443|3414|84176|
20160823|190 |0|1|10690|633|1240|983|308|219|14073|
20160823|190 |0|2|40319|2886|2792|1417|1195|2029|50638|
20160823|190 |1|1|10872|706|1072|1343|440|971|15404|
20160823|190 |1|2|39644|2973|2819|1687|1368|2142|50633|
20160823|253 |0|1|16145|1010|1349|1249|507|291|20551|
20160823|253 |0|2|68380|2998|2018|2070|2536|4266|82268|
20160823|253 |1|1|15344|874|1320|1448|810|1511|21307|
20160823|253 |1|2|62537|3007|1937|2058|2962|3960|76461|
20160823|254 |0|1|7388|449|795|919|872|244|10667|
20160823|254 |0|2|30997|1698|1286|809|3244|2184|40218|
20160823|254 |1|1|7787|555|839|1027|887|839|11934|
20160823|254 |1|2|29203|1422|1034|615|2350|2040|36664|
20160823|651 |0|1|7599|186|303|202|91|183|8564|
20160823|651 |0|2|23297|606|1099|304|519|1396|27221|
20160823|651 |1|1|7769|233|340|229|102|804|9477|
20160823|651 |1|2|24186|673|1028|252|444|1505|28088|
20160823|685 |0|1|4035|430|932|988|1031|123|7539|
20160823|685 |0|2|17018|1255|1310|746|2781|1045|24155|
20160823|685 |1|1|3876|433|847|903|778|350|7187|
20160823|685 |1|2|16532|1292|1277|749|2890|1083|23823|
20160824|101 |0|1|19119|587|992|822|267|403|22190|
20160824|101 |0|2|70465|2618|8508|1105|874|3420|86990|
20160824|101 |1|1|18541|706|1093|1097|325|1592|23354|
20160824|101 |1|2|68890|3029|8572|1537|1315|3488|86831|
20160824|190 |0|1|10696|637|1287|1075|325|256|14276|
20160824|190 |0|2|40836|2858|2835|1406|1187|2116|51238|
20160824|190 |1|1|10607|675|1015|1268|399|952|14916|
20160824|190 |1|2|39846|2895|2859|1635|1381|2141|50757|
20160824|253 |0|1|16153|969|1367|1251|524|305|20569|
20160824|253 |0|2|68974|3001|1989|1921|2537|4348|82770|
20160824|253 |1|1|14943|840|1259|1368|801|1504|20715|
20160824|253 |1|2|62492|2948|1857|1905|3046|3876|76124|
20160824|254 |0|1|7408|475|770|1011|853|241|10758|
20160824|254 |0|2|31075|1653|1184|830|3204|2295|40241|
20160824|254 |1|1|7771|557|833|986|825|866|11838|
20160824|254 |1|2|30178|1423|995|630|2371|2153|37750|
20160824|651 |0|1|7332|181|302|237|76|174|8302|
20160824|651 |0|2|23127|571|1103|280|505|1449|27035|
20160824|651 |1|1|7388|224|337|283|88|695|9015|
20160824|651 |1|2|23486|624|1064|243|449|1487|27353|
20160824|685 |0|1|3936|439|909|898|1021|115|7318|
20160824|685 |0|2|16572|1209|1280|635|2911|1069|23676|
20160824|685 |1|1|3892|422|838|831|729|395|7107|
20160824|685 |1|2|16427|1310|1236|715|2946|1065|23699|
20160825|101 |0|1|19747|640|945|810|268|389|22799|
20160825|101 |0|2|72601|2693|8559|1111|898|3433|89295|
20160825|101 |1|1|18495|729|1080|1123|329|1577|23333|
20160825|101 |1|2|69232|3089|8811|1537|1361|3452|87482|
20160825|190 |0|1|9594|638|1213|1062|352|220|13079|
20160825|190 |0|2|41595|2819|2871|1379|1211|2135|52010|
20160825|190 |1|1|11129|710|1097|1281|430|955|15602|
20160825|190 |1|2|41367|2950|2891|1633|1370|2192|52403|
20160825|253 |0|1|16120|1124|1471|1241|513|307|20776|
20160825|253 |0|2|69459|3026|1989|1972|2302|4283|83031|
20160825|253 |1|1|15508|913|1300|1392|720|1471|21304|
20160825|253 |1|2|64033|3041|1912|2029|2848|3986|77849|
20160825|254 |0|1|7513|494|769|926|760|221|10683|
20160825|254 |0|2|31337|1635|1187|831|3072|2213|40275|
20160825|254 |1|1|7930|557|803|980|765|880|11915|
20160825|254 |1|2|30804|1473|1074|665|2357|2156|38529|
20160825|651 |0|1|7454|167|313|202|97|167|8400|
20160825|651 |0|2|24258|634|1181|260|500|1432|28265|
20160825|651 |1|1|7373|214|400|255|108|656|9006|
20160825|651 |1|2|22972|649|999|229|448|1421|26718|
20160825|685 |0|1|4073|455|974|947|1181|112|7742|
20160825|685 |0|2|16883|1261|1336|666|2860|1085|24091|
20160825|685 |1|1|3929|432|871|833|766|390|7221|
20160825|685 |1|2|16287|1291|1229|672|3058|1037|23574|
20160826|101 |0|1|22020|634|1046|776|244|393|25113|
20160826|101 |0|2|74523|2614|9211|1118|884|3581|91931|
20160826|101 |1|1|19522|710|1062|1038|316|1696|24344|
20160826|101 |1|2|70623|2952|9500|1539|1312|3552|89478|
20160826|190 |0|1|12231|631|1137|933|292|228|15452|
20160826|190 |0|2|46088|2736|2831|1307|1173|2195|56330|
20160826|190 |1|1|12153|673|1021|1188|369|1038|16442|
20160826|190 |1|2|44638|2887|2777|1464|1361|2284|55411|
20160826|253 |0|1|16934|1876|1330|1146|456|225|21967|
20160826|253 |0|2|73755|2835|1761|1649|1906|4396|86302|
20160826|253 |1|1|17041|863|1209|1346|632|1722|22813|
20160826|253 |1|2|68619|2935|1752|1693|2427|4263|81689|
20160826|254 |0|1|7985|421|731|912|795|219|11063|
20160826|254 |0|2|32603|1570|1191|862|2932|2234|41392|
20160826|254 |1|1|8650|559|806|973|792|897|12677|
20160826|254 |1|2|32128|1405|1052|766|2294|2224|39869|
20160826|651 |0|1|9692|197|292|201|72|241|10695|
20160826|651 |0|2|32374|603|1280|287|418|1621|36583|
20160826|651 |1|1|7574|233|381|229|85|701|9203|
20160826|651 |1|2|25396|644|1207|235|373|1558|29413|
20160826|685 |0|1|4903|396|871|865|873|134|8042|
20160826|685 |0|2|19526|1178|1339|691|2692|1163|26589|
20160826|685 |1|1|4543|401|837|851|663|451|7746|
20160826|685 |1|2|19124|1233|1243|719|2644|1211|26174|
20160827|101 |0|1|28368|376|584|407|158|390|30283|
20160827|101 |0|2|79637|1619|8992|560|501|3049|94358|
20160827|101 |1|1|24885|512|760|710|217|1844|28928|
20160827|101 |1|2|72567|2144|9047|1015|837|2931|88541|
20160827|190 |0|1|17957|313|500|407|135|258|19570|
20160827|190 |0|2|46134|1190|2037|432|584|1733|52110|
20160827|190 |1|1|14934|345|495|678|229|1107|17788|
20160827|190 |1|2|45664|1512|2322|837|855|1903|53093|
20160827|253 |0|1|24861|529|596|526|328|220|27060|
20160827|253 |0|2|77887|1369|959|621|1489|3799|86124|
20160827|253 |1|1|21113|452|705|753|438|1937|25398|
20160827|253 |1|2|68234|1562|1065|848|2081|3432|77222|
20160827|254 |0|1|11050|230|434|455|419|206|12794|
20160827|254 |0|2|36351|897|892|401|1777|2079|42397|
20160827|254 |1|1|10920|301|450|554|406|1115|13746|
20160827|254 |1|2|33712|797|825|429|1314|1918|38995|
20160827|651 |0|1|13025|100|139|110|61|225|13660|
20160827|651 |0|2|33135|293|1065|145|214|1377|36229|
20160827|651 |1|1|10543|145|171|108|41|908|11916|
20160827|651 |1|2|29058|359|1154|88|199|1258|32116|
20160827|685 |0|1|8215|201|499|426|470|152|9963|
20160827|685 |0|2|21209|482|1051|314|1494|938|25488|
20160827|685 |1|1|6196|225|428|483|404|532|8268|
20160827|685 |1|2|19214|569|1003|355|1929|986|24056|
20160828|101 |0|1|26551|225|284|188|62|339|27649|
20160828|101 |0|2|74920|846|7259|264|177|2849|86315|
20160828|101 |1|1|26638|291|426|296|63|1937|29651|
20160828|101 |1|2|73492|820|7755|425|224|2761|85477|
20160828|190 |0|1|16608|185|280|225|78|255|17631|
20160828|190 |0|2|45911|777|1829|349|237|1894|50997|
20160828|190 |1|1|16716|183|212|380|64|1207|18762|
20160828|190 |1|2|44999|674|1654|448|201|1669|49645|
20160828|253 |0|1|23798|341|249|221|125|179|24913|
20160828|253 |0|2|71104|723|725|291|645|3276|76764|
20160828|253 |1|1|23562|185|233|267|110|1933|26290|
20160828|253 |1|2|67052|567|640|269|612|2906|72046|
20160828|254 |0|1|10481|113|122|152|143|182|11193|
20160828|254 |0|2|32450|358|680|153|380|1715|35736|
20160828|254 |1|1|11630|112|167|182|110|1083|13284|
20160828|254 |1|2|31626|253|625|132|269|1664|34569|
20160828|651 |0|1|10148|70|93|45|25|201|10582|
20160828|651 |0|2|28350|172|1166|76|65|1302|31131|
20160828|651 |1|1|12922|80|123|98|29|1018|14270|
20160828|651 |1|2|36126|200|947|70|53|1544|38940|
20160828|685 |0|1|6892|78|147|139|127|140|7523|
20160828|685 |0|2|18698|218|1041|121|421|897|21396|
20160828|685 |1|1|7334|74|142|144|99|575|8368|
20160828|685 |1|2|20725|200|863|118|350|904|23160|
20160829|101 |0|1|21625|644|1078|872|308|458|24985|
20160829|101 |0|2|72859|2483|8564|1032|769|3627|89334|
20160829|101 |1|1|20403|666|993|939|285|1804|25090|
20160829|101 |1|2|72568|2988|8976|1303|1180|3724|90739|
20160829|190 |0|1|11407|577|1192|1080|289|235|14780|
20160829|190 |0|2|42166|2693|2830|1408|1068|2121|52286|
20160829|190 |1|1|12513|657|938|1110|357|1026|16601|
20160829|190 |1|2|43145|2808|2967|1315|1258|2396|53889|
20160829|253 |0|1|17532|928|1309|1197|549|226|21741|
20160829|253 |0|2|70176|2775|1744|1741|2156|4251|82843|
20160829|253 |1|1|16361|809|1128|1193|639|1653|21783|
20160829|253 |1|2|65047|2774|1818|1540|2724|4038|77941|
20160829|254 |0|1|8101|499|836|1008|834|268|11546|
20160829|254 |0|2|34033|1652|1221|860|3020|2363|43149|
20160829|254 |1|1|8470|526|793|923|782|875|12369|
20160829|254 |1|2|30968|1401|1126|575|2216|2160|38446|
20160829|651 |0|1|7437|184|280|216|83|197|8397|
20160829|651 |0|2|23292|661|1074|255|510|1433|27225|
20160829|651 |1|1|8026|249|326|254|85|768|9708|
20160829|651 |1|2|25243|707|959|210|440|1625|29184|
20160829|685 |0|1|5594|421|974|880|897|118|8884|
20160829|685 |0|2|17685|1142|1343|661|2462|1085|24378|
20160829|685 |1|1|4210|417|796|782|690|415|7310|
20160829|685 |1|2|17251|1258|1289|636|2542|1166|24142|
20160830|101 |0|1|19549|660|1047|894|297|398|22845|
20160830|101 |0|2|70130|2807|8705|1204|894|3484|87224|
20160830|101 |1|1|18762|778|1086|1242|376|1754|23998|
20160830|101 |1|2|69222|3281|9047|1697|1393|3507|88147|
20160830|190 |0|1|10697|663|1341|1113|326|251|14391|
20160830|190 |0|2|41077|2914|2949|1542|1284|2080|51846|
20160830|190 |1|1|11079|723|1001|1437|430|931|15601|
20160830|190 |1|2|40269|3045|2957|1731|1466|2145|51613|
20160830|253 |0|1|15802|976|1461|1350|587|221|20397|
20160830|253 |0|2|67013|3030|1796|1624|2236|4092|79791|
20160830|253 |1|1|14982|862|1217|1510|693|1491|20755|
20160830|253 |1|2|60985|2959|1822|1792|2978|3816|74352|
20160830|254 |0|1|7397|458|789|1026|868|221|10759|
20160830|254 |0|2|31421|1723|1206|892|3341|2297|40880|
20160830|254 |1|1|7662|543|845|1083|842|829|11804|
20160830|254 |1|2|30185|1521|1124|731|2542|2123|38226|
20160830|651 |0|1|6642|176|294|195|86|174|7567|
20160830|651 |0|2|21764|613|1071|277|552|1432|25709|
20160830|651 |1|1|7327|233|357|245|98|698|8958|
20160830|651 |1|2|23399|672|1021|256|461|1558|27367|
20160830|685 |0|1|4103|448|981|983|1103|112|7730|
20160830|685 |0|2|17057|1216|1356|719|2938|1085|24371|
20160830|685 |1|1|4077|413|859|864|799|397|7409|
20160830|685 |1|2|16030|1348|1244|746|3020|1082|23470|
20160831|101 |0|1|17954|584|990|843|254|364|20989|
20160831|101 |0|2|64440|2593|8827|1173|736|3410|81179|
20160831|101 |1|1|17193|683|999|1061|296|1528|21760|
20160831|101 |1|2|63340|3063|9086|1589|1076|3381|81535|
20160831|190 |0|1|9350|581|1121|933|230|203|12418|
20160831|190 |0|2|35424|2656|2816|1348|972|1785|45001|
20160831|190 |1|1|9949|627|950|1226|331|912|13995|
20160831|190 |1|2|36693|2844|2868|1561|1128|2005|47099|
20160831|253 |0|1|14297|751|1351|1126|415|194|18134|
20160831|253 |0|2|61979|2754|1793|1593|1780|3932|73831|
20160831|253 |1|1|14109|717|1128|1310|581|1412|19257|
20160831|253 |1|2|58524|2708|1794|1699|2273|3694|70692|
