20150601|101 |0|1|22939|1103|2052|1577|850|554|29075|
20150601|101 |0|2|66761|2198|7970|0|1|3391|80321|
20150601|101 |1|1|19793|1316|1887|2016|1290|1839|28141|
20150601|101 |1|2|59030|2534|8205|0|1|3180|72950|
20150601|190 |0|1|13933|1340|2293|2104|1257|349|21276|
20150601|190 |0|2|41367|2364|2149|0|2|2121|48003|
20150601|190 |1|1|12554|1249|1895|1938|1347|1045|20028|
20150601|190 |1|2|36023|2180|2155|0|2|1960|42320|
20150601|253 |0|1|21070|1577|2997|2914|2058|706|31322|
20150601|253 |0|2|68661|2483|759|2|2|4427|76334|
20150601|253 |1|1|18131|1650|2559|2762|2758|1916|29776|
20150601|253 |1|2|60889|2579|736|0|1|4100|68305|
20150601|254 |0|1|9839|1109|1476|1828|3671|365|18288|
20150601|254 |0|2|30754|1427|736|0|0|2437|35354|
20150601|254 |1|1|9561|925|1376|1532|2701|1014|17109|
20150601|254 |1|2|28318|1223|732|0|0|2246|32519|
20150601|651 |0|1|6684|292|400|354|480|199|8409|
20150601|651 |0|2|17576|477|751|0|0|1072|19876|
20150601|651 |1|1|6516|315|459|348|414|641|8693|
20150601|651 |1|2|17958|515|739|0|0|1147|20359|
20150601|685 |0|1|6449|704|1459|1579|3159|198|13548|
20150601|685 |0|2|15129|864|753|0|0|921|17667|
20150601|685 |1|1|4321|754|1243|1390|2897|457|11062|
20150601|685 |1|2|14698|933|860|0|0|997|17488|
20150602|101 |0|1|21224|1209|2223|1715|1027|539|27937|
20150602|101 |0|2|65015|2366|7926|0|1|3145|78453|
20150602|101 |1|1|19662|1485|2193|2540|1571|1703|29154|
20150602|101 |1|2|60292|2740|8152|0|2|3078|74264|
20150602|190 |0|1|12730|1432|2546|2341|1249|326|20624|
20150602|190 |0|2|38909|2498|2128|0|2|2050|45587|
20150602|190 |1|1|12295|1377|2235|2654|1522|1003|21086|
20150602|190 |1|2|37070|2478|2109|1|2|1950|43610|
20150602|253 |0|1|19214|1791|3107|2995|2251|631|29989|
20150602|253 |0|2|65915|2702|827|0|0|4363|73807|
20150602|253 |1|1|17720|1813|2774|3355|3042|1891|30595|
20150602|253 |1|2|60730|2731|732|0|0|4085|68278|
20150602|254 |0|1|8651|1100|1365|1832|3917|315|17180|
20150602|254 |0|2|28546|1372|703|0|2|2162|32785|
20150602|254 |1|1|9271|1013|1543|1802|3095|1042|17766|
20150602|254 |1|2|29239|1284|733|0|0|2188|33444|
20150602|651 |0|1|6748|287|425|384|386|199|8429|
20150602|651 |0|2|17455|500|802|0|0|1070|19827|
20150602|651 |1|1|6436|331|512|357|328|580|8544|
20150602|651 |1|2|17119|545|786|0|0|1090|19540|
20150602|685 |0|1|4401|723|1516|1701|3525|169|12035|
20150602|685 |0|2|15636|914|875|0|0|1005|18430|
20150602|685 |1|1|4118|807|1383|1646|3157|421|11532|
20150602|685 |1|2|15050|934|830|0|0|1007|17821|
20150603|101 |0|1|20561|1133|2131|1630|855|494|26804|
20150603|101 |0|2|63282|2319|8003|0|0|3108|76712|
20150603|101 |1|1|19084|1389|2180|2476|1398|1692|28219|
20150603|101 |1|2|59587|2707|8062|0|1|3067|73424|
20150603|190 |0|1|12742|1337|2469|2061|1145|347|20101|
20150603|190 |0|2|38836|2414|2296|0|1|2026|45573|
20150603|190 |1|1|12192|1355|2096|2431|1476|1057|20607|
20150603|190 |1|2|37531|2356|2238|0|1|2020|44146|
20150603|253 |0|1|18666|1741|3156|2982|2295|600|29440|
20150603|253 |0|2|65060|2652|828|1|0|4262|72803|
20150603|253 |1|1|17463|1841|2786|3198|3071|1844|30203|
20150603|253 |1|2|61688|2752|782|0|0|4145|69367|
20150603|254 |0|1|8744|1128|1438|1860|3819|347|17336|
20150603|254 |0|2|28862|1375|747|0|2|2296|33282|
20150603|254 |1|1|9086|987|1510|1715|3048|1018|17364|
20150603|254 |1|2|28675|1243|727|0|0|2158|32803|
20150603|651 |0|1|6583|304|413|364|386|196|8246|
20150603|651 |0|2|17708|496|781|1|0|971|19957|
20150603|651 |1|1|6360|344|490|294|344|613|8445|
20150603|651 |1|2|16830|519|787|1|0|1011|19148|
20150603|685 |0|1|4177|681|1428|1653|3493|152|11584|
20150603|685 |0|2|15433|950|868|0|0|1025|18276|
20150603|685 |1|1|4271|785|1332|1593|3295|423|11699|
20150603|685 |1|2|14817|1000|850|0|0|1001|17668|
20150604|101 |0|1|21161|1153|2157|1660|930|503|27564|
20150604|101 |0|2|64570|2267|7661|3|2|3181|77684|
20150604|101 |1|1|19772|1362|2161|2378|1443|1764|28880|
20150604|101 |1|2|62290|2638|7833|3|3|3130|75897|
20150604|190 |0|1|12665|1369|2463|2137|1255|325|20214|
20150604|190 |0|2|39614|2386|2141|0|5|1966|46112|
20150604|190 |1|1|12503|1392|2135|2459|1472|996|20957|
20150604|190 |1|2|38639|2365|2087|1|4|1889|44985|
20150604|253 |0|1|18958|1833|2986|3000|2395|608|29780|
20150604|253 |0|2|65691|2670|712|1|0|4329|73403|
20150604|253 |1|1|17427|1783|2689|3218|3127|1829|30073|
20150604|253 |1|2|61142|2696|674|1|0|4058|68571|
20150604|254 |0|1|8852|1025|1337|1735|3851|342|17142|
20150604|254 |0|2|29098|1384|703|0|2|2258|33445|
20150604|254 |1|1|9198|976|1403|1676|2927|1009|17189|
20150604|254 |1|2|29158|1225|692|0|0|2182|33257|
20150604|651 |0|1|6720|280|411|401|460|193|8465|
20150604|651 |0|2|18446|503|788|0|0|1075|20812|
20150604|651 |1|1|6199|317|475|351|398|552|8292|
20150604|651 |1|2|17495|539|758|0|0|1032|19824|
20150604|685 |0|1|4040|707|1439|1629|3432|147|11394|
20150604|685 |0|2|15404|921|838|0|0|975|18138|
20150604|685 |1|1|3999|734|1325|1521|3305|440|11324|
20150604|685 |1|2|14889|960|811|0|0|1013|17673|
20150605|101 |0|1|24247|1067|2063|1366|862|547|30152|
20150605|101 |0|2|70722|2223|8143|0|2|3414|84504|
20150605|101 |1|1|21696|1393|2061|2359|1387|1937|30833|
20150605|101 |1|2|65496|2632|8407|0|2|3284|79821|
20150605|190 |0|1|16034|1331|2262|1841|1154|397|23019|
20150605|190 |0|2|46250|2293|2127|0|2|2136|52808|
20150605|190 |1|1|14471|1296|2063|2494|1468|1206|22998|
20150605|190 |1|2|43586|2349|2212|0|2|2176|50325|
20150605|253 |0|1|22092|1710|2969|2715|2244|663|32393|
20150605|253 |0|2|71410|2518|720|0|0|4576|79224|
20150605|253 |1|1|20068|1756|2736|3153|3124|2025|32862|
20150605|253 |1|2|66252|2732|756|0|0|4426|74166|
20150605|254 |0|1|9809|1031|1390|1653|3649|406|17938|
20150605|254 |0|2|30950|1368|689|0|0|2354|35361|
20150605|254 |1|1|9894|947|1380|1711|2900|1121|17953|
20150605|254 |1|2|29840|1228|611|0|0|2191|33870|
20150605|685 |0|1|5325|725|1344|1600|3261|170|12425|
20150605|685 |0|2|18329|882|894|0|0|1110|21215|
20150605|685 |1|1|4970|739|1455|1490|3170|491|12315|
20150605|685 |1|2|16913|937|794|0|0|1146|19790|
20150606|101 |0|1|28233|605|1214|650|495|429|31626|
20150606|101 |0|2|66017|1271|7013|0|0|2536|76837|
20150606|101 |1|1|25087|786|1274|1103|708|1916|30874|
20150606|101 |1|2|61240|1656|6970|1|0|2478|72345|
20150606|190 |0|1|19677|609|1111|713|636|322|23068|
20150606|190 |0|2|45677|1102|1783|0|0|1735|50297|
20150606|190 |1|1|16408|634|1116|882|841|1196|21077|
20150606|190 |1|2|38800|1112|1830|0|0|1572|43314|
20150606|253 |0|1|26513|727|1109|879|1219|518|30965|
20150606|253 |0|2|62861|1142|520|0|0|3035|67558|
20150606|253 |1|1|22534|746|1088|1185|1899|1992|29444|
20150606|253 |1|2|57477|1193|485|0|0|3045|62200|
20150606|254 |0|1|11838|446|597|634|1741|299|15555|
20150606|254 |0|2|27737|588|599|0|0|1646|30570|
20150606|254 |1|1|12227|449|702|828|1426|1205|16837|
20150606|254 |1|2|28706|636|642|0|0|1686|31670|
20150606|651 |0|1|15857|182|353|203|174|387|17156|
20150606|651 |0|2|26006|211|541|0|0|1084|27842|
20150606|651 |1|1|11229|177|254|141|165|878|12844|
20150606|651 |1|2|24832|284|748|0|0|1027|26891|
20150606|685 |0|1|6794|266|531|626|1381|145|9743|
20150606|685 |0|2|16810|336|873|0|0|740|18759|
20150606|685 |1|1|5726|270|605|614|1547|501|9263|
20150606|685 |1|2|14607|321|824|0|0|757|16509|
20150607|101 |0|1|22318|336|783|524|205|353|24519|
20150607|101 |0|2|55079|790|6199|0|0|2260|64328|
20150607|101 |1|1|24252|437|825|889|221|1750|28374|
20150607|101 |1|2|57173|783|6489|0|0|2175|66620|
20150607|190 |0|1|13437|340|642|617|219|248|15503|
20150607|190 |0|2|31514|610|1775|0|0|1379|35278|
20150607|190 |1|1|17881|354|576|713|218|1275|21017|
20150607|190 |1|2|41737|585|1750|0|0|1560|45632|
20150607|253 |0|1|20513|392|550|542|514|407|22918|
20150607|253 |0|2|50715|605|407|0|0|2703|54430|
20150607|253 |1|1|23089|312|458|508|582|1899|26848|
20150607|253 |1|2|54255|510|418|0|0|2534|57717|
20150607|254 |0|1|10001|182|260|309|489|273|11514|
20150607|254 |0|2|23313|317|650|0|0|1366|25646|
20150607|254 |1|1|10815|172|286|243|310|1043|12869|
20150607|254 |1|2|23921|246|638|0|0|1354|26159|
20150607|651 |0|1|8556|81|92|62|26|184|9001|
20150607|651 |0|2|19305|119|709|0|0|863|20996|
20150607|651 |1|1|13526|104|114|115|28|1116|15003|
20150607|651 |1|2|31071|132|732|0|0|1253|33188|
20150607|685 |0|1|4707|99|235|241|508|107|5897|
20150607|685 |0|2|11045|126|819|0|0|593|12583|
20150607|685 |1|1|6142|103|204|196|599|476|7720|
20150607|685 |1|2|14775|136|841|0|0|656|16408|
20150608|101 |0|1|22189|1010|2040|1623|850|493|28205|
20150608|101 |0|2|66901|2224|7466|0|2|3384|79977|
20150608|101 |1|1|19493|1195|1753|2077|1184|1745|27447|
20150608|101 |1|2|59723|2476|7702|2|2|3193|73098|
20150608|190 |0|1|13622|1243|2236|2034|1214|335|20684|
20150608|190 |0|2|41433|2304|1952|1|1|2182|47873|
20150608|190 |1|1|12383|1218|1880|2099|1295|989|19864|
20150608|190 |1|2|36259|2200|2007|1|0|2056|42523|
20150608|253 |0|1|20775|1638|2998|3068|2257|651|31387|
20150608|253 |0|2|68472|2519|600|1|0|4617|76209|
20150608|253 |1|1|17377|1633|2455|2947|2886|1883|29181|
20150608|253 |1|2|60294|2556|572|0|3|4172|67597|
20150608|254 |0|1|9124|950|1399|1718|3580|365|17136|
20150608|254 |0|2|29297|1315|682|0|3|2280|33577|
20150608|254 |1|1|9135|955|1304|1491|2718|1041|16644|
20150608|254 |1|2|28119|1174|696|0|0|2218|32207|
20150608|651 |0|1|6731|256|385|380|384|210|8346|
20150608|651 |0|2|17910|498|680|0|0|1016|20104|
20150608|651 |1|1|6800|298|447|356|340|665|8906|
20150608|651 |1|2|18410|521|675|0|0|1146|20752|
20150608|685 |0|1|5160|737|1384|1619|3084|161|12145|
20150608|685 |0|2|16480|851|819|0|0|1005|19155|
20150608|685 |1|1|4162|706|1309|1447|2865|420|10909|
20150608|685 |1|2|14964|888|856|1|0|1003|17712|
20150609|101 |0|1|20454|1097|2111|1686|891|472|26711|
20150609|101 |0|2|62831|2281|7308|2|3|3092|75517|
20150609|101 |1|1|18834|1385|2069|2448|1379|1751|27866|
20150609|101 |1|2|60037|2600|7521|3|3|3139|73303|
20150609|190 |0|1|12036|1317|2408|2149|1398|310|19618|
20150609|190 |0|2|38551|2411|1930|0|2|1969|44863|
20150609|190 |1|1|11371|1306|2125|2567|1567|970|19906|
20150609|190 |1|2|36307|2398|1889|0|2|1936|42532|
20150609|253 |0|1|18458|1770|3135|3203|2518|644|29728|
20150609|253 |0|2|65079|2684|612|2|0|4310|72687|
20150609|253 |1|1|16652|1804|2761|3356|3352|1788|29713|
20150609|253 |1|2|60090|2665|604|0|0|4035|67394|
20150609|254 |0|1|8715|1044|1527|1800|3872|324|17282|
20150609|254 |0|2|28952|1392|688|1|0|2344|33377|
20150609|254 |1|1|8986|1040|1440|1713|3033|1013|17225|
20150609|254 |1|2|28708|1271|692|0|0|2309|32980|
20150609|651 |0|1|6716|281|378|435|414|191|8415|
20150609|651 |0|2|18083|490|690|0|0|1115|20378|
20150609|651 |1|1|6185|317|421|352|390|575|8240|
20150609|651 |1|2|17815|543|689|0|0|1091|20138|
20150609|685 |0|1|4085|755|1417|1659|3366|156|11438|
20150609|685 |0|2|15477|930|804|0|0|1061|18272|
20150609|685 |1|1|4004|776|1430|1583|3205|409|11407|
20150609|685 |1|2|15270|1002|763|0|0|1065|18100|
20150610|101 |0|1|20712|1124|2046|1684|852|491|26909|
20150610|101 |0|2|63036|2325|7220|0|0|3181|75762|
20150610|101 |1|1|18971|1324|1954|2467|1314|1737|27767|
20150610|101 |1|2|61212|2714|7455|0|0|3204|74585|
20150610|190 |0|1|11915|1301|2313|2175|1242|340|19286|
20150610|190 |0|2|38729|2380|1923|0|6|2002|45040|
20150610|190 |1|1|11802|1297|2069|2563|1501|987|20219|
20150610|190 |1|2|37161|2338|1896|0|6|1974|43375|
20150610|253 |0|1|18467|1803|3150|3044|2463|637|29564|
20150610|253 |0|2|65221|2681|599|1|0|4276|72778|
20150610|253 |1|1|17201|1777|2753|3308|3246|1828|30113|
20150610|253 |1|2|60788|2729|597|1|0|3981|68096|
20150610|254 |0|1|8654|1040|1447|1740|3889|344|17114|
20150610|254 |0|2|29346|1451|678|0|1|2220|33696|
20150610|254 |1|1|8982|955|1434|1696|2980|993|17040|
20150610|254 |1|2|28768|1303|644|0|0|2152|32867|
20150610|651 |0|1|7138|332|385|402|401|202|8860|
20150610|651 |0|2|17882|458|621|0|0|1014|19975|
20150610|651 |1|1|6452|347|455|372|372|589|8587|
20150610|651 |1|2|18175|521|661|0|0|1030|20387|
20150610|685 |0|1|4157|685|1406|1567|3302|147|11264|
20150610|685 |0|2|15465|936|811|1|0|1015|18228|
20150610|685 |1|1|4132|732|1348|1626|3195|403|11436|
20150610|685 |1|2|15371|987|815|2|0|1024|18199|
20150611|101 |0|1|20091|1042|2029|1598|884|428|26072|
20150611|101 |0|2|65880|2274|7243|0|2|3260|78659|
20150611|101 |1|1|19398|1344|2011|2476|1337|1717|28283|
20150611|101 |1|2|61568|2652|7447|1|2|3130|74800|
20150611|190 |0|1|11689|1310|2376|2029|1332|329|19065|
20150611|190 |0|2|38658|2384|1919|1|2|1964|44928|
20150611|190 |1|1|12062|1293|2088|2368|1510|1024|20345|
20150611|190 |1|2|37658|2257|1924|1|2|2023|43865|
20150611|253 |0|1|18348|1725|3015|3049|2389|590|29116|
20150611|253 |0|2|64608|2494|598|1|0|4279|71980|
20150611|253 |1|1|17028|1760|2619|3113|3237|1840|29597|
20150611|253 |1|2|61049|2607|602|1|0|4012|68271|
20150611|254 |0|1|8689|1107|1428|1825|4025|357|17431|
20150611|254 |0|2|29136|1372|734|0|0|2283|33525|
20150611|254 |1|1|8860|1000|1405|1721|2967|1006|16959|
20150611|254 |1|2|28671|1196|629|0|0|2171|32667|
20150611|651 |0|1|6552|292|385|379|449|203|8260|
20150611|651 |0|2|18509|452|667|0|0|1039|20667|
20150611|651 |1|1|6192|315|418|355|399|593|8272|
20150611|651 |1|2|18197|489|687|0|0|1037|20410|
20150611|685 |0|1|4232|678|1332|1527|3127|159|11055|
20150611|685 |0|2|14600|846|708|1|1|996|17152|
20150611|685 |1|1|4195|727|1369|1492|3206|420|11409|
20150611|685 |1|2|14974|911|786|0|0|1002|17673|
20150612|101 |0|1|23238|1059|1961|1642|893|536|29329|
20150612|101 |0|2|69473|2271|7595|1|1|3309|82650|
20150612|101 |1|1|22169|1309|2009|2485|1314|1957|31243|
20150612|101 |1|2|67336|2684|7871|0|1|3433|81325|
20150612|190 |0|1|14383|1202|2250|2017|1302|365|21519|
20150612|190 |0|2|45278|2328|1992|1|2|2220|51821|
20150612|190 |1|1|13662|1238|1976|2293|1508|1108|21785|
20150612|190 |1|2|41852|2267|1866|1|2|2207|48195|
20150612|253 |0|1|21125|1639|2939|2906|2306|732|31647|
20150612|253 |0|2|71042|2540|588|0|0|4497|78667|
20150612|253 |1|1|19559|1706|2613|3097|3051|2043|32069|
20150612|253 |1|2|66664|2608|596|0|0|4367|74235|
20150612|254 |0|1|9273|1036|1341|1726|3726|360|17462|
20150612|254 |0|2|30591|1353|671|0|1|2373|34989|
20150612|254 |1|1|9989|959|1454|1716|2958|1094|18170|
20150612|254 |1|2|30728|1222|611|0|0|2332|34893|
20150612|651 |0|1|9217|290|390|449|427|259|11032|
20150612|651 |0|2|25891|500|687|0|0|1306|28384|
20150612|651 |1|1|6874|299|400|384|348|666|8971|
20150612|651 |1|2|19796|528|730|0|0|1166|22220|
20150612|685 |0|1|4972|699|1429|1573|3266|176|12115|
20150612|685 |0|2|17509|931|836|0|0|1112|20388|
20150612|685 |1|1|5003|720|1369|1524|3221|516|12353|
20150612|685 |1|2|17055|973|771|0|0|1171|19970|
20150613|101 |0|1|27832|643|1327|735|544|466|31547|
20150613|101 |0|2|68162|1451|6867|0|0|2694|79174|
20150613|101 |1|1|24715|756|1268|1525|771|1924|30959|
20150613|101 |1|2|61926|1887|7003|0|0|2562|73378|
20150613|190 |0|1|18845|623|1270|822|759|356|22675|
20150613|190 |0|2|45704|1279|1805|0|0|1866|50654|
20150613|190 |1|1|16320|688|1255|1294|988|1273|21818|
20150613|190 |1|2|41537|1355|1778|0|0|1660|46330|
20150613|253 |0|1|25945|888|1708|1669|1446|549|32205|
20150613|253 |0|2|66542|1348|480|0|0|3428|71798|
20150613|253 |1|1|22385|939|1676|2063|2200|2120|31383|
20150613|253 |1|2|61433|1434|456|0|0|3359|66682|
20150613|254 |0|1|11761|541|738|837|2234|310|16421|
20150613|254 |0|2|29522|699|593|0|0|1754|32568|
20150613|254 |1|1|12140|565|848|1091|1880|1222|17746|
20150613|254 |1|2|30124|700|589|0|0|1831|33244|
20150613|651 |0|1|13848|165|209|275|229|308|15034|
20150613|651 |0|2|30920|256|716|1|0|1340|33233|
20150613|651 |1|1|9960|169|220|229|207|848|11633|
20150613|651 |1|2|25330|317|725|0|0|1148|27520|
20150613|685 |0|1|6330|297|679|794|1934|156|10190|
20150613|685 |0|2|16054|370|851|0|0|802|18077|
20150613|685 |1|1|5754|313|762|828|2044|496|10197|
20150613|685 |1|2|15571|372|808|0|0|841|17592|
20150614|101 |0|1|23298|321|604|374|178|394|25169|
20150614|101 |0|2|57743|757|6185|0|5|2378|67068|
20150614|101 |1|1|24352|397|617|828|206|1741|28141|
20150614|101 |1|2|57910|712|6381|0|0|2267|67270|
20150614|190 |0|1|13604|287|536|475|193|266|15361|
20150614|190 |0|2|32094|584|1760|0|0|1318|35756|
20150614|190 |1|1|17136|292|436|746|238|1300|20148|
20150614|190 |1|2|40346|549|1766|1|0|1533|44195|
20150614|253 |0|1|20760|335|461|451|456|438|22901|
20150614|253 |0|2|53045|577|432|0|0|2782|56836|
20150614|253 |1|1|22633|306|377|551|544|1955|26366|
20150614|253 |1|2|54704|492|412|0|0|2541|58149|
20150614|254 |0|1|10538|189|240|287|384|234|11872|
20150614|254 |0|2|24083|315|629|0|0|1398|26425|
20150614|254 |1|1|11075|162|249|299|295|1042|13122|
20150614|254 |1|2|23997|241|644|0|0|1407|26289|
20150614|651 |0|1|8843|78|95|93|74|194|9377|
20150614|651 |0|2|19984|120|720|0|0|906|21730|
20150614|651 |1|1|12696|101|113|148|40|1108|14206|
20150614|651 |1|2|30918|139|734|1|0|1267|33059|
20150614|685 |0|1|4961|93|259|271|452|126|6162|
20150614|685 |0|2|11465|115|810|0|0|640|13030|
20150614|685 |1|1|5597|95|206|256|535|480|7169|
20150614|685 |1|2|13801|116|775|0|0|646|15338|
20150615|101 |0|1|22143|1071|2012|1536|823|515|28100|
20150615|101 |0|2|66597|2170|7358|2|2|3242|79371|
20150615|101 |1|1|19838|1197|1809|1900|1229|1808|27781|
20150615|101 |1|2|61239|2465|7641|4|1|3198|74548|
20150615|190 |0|1|13657|1258|2356|2027|1272|379|20949|
20150615|190 |0|2|41916|2279|1884|1|1|2211|48292|
20150615|190 |1|1|12348|1205|1882|1938|1292|1145|19810|
20150615|190 |1|2|36560|2173|1923|1|1|1987|42645|
20150615|253 |0|1|21129|1603|2903|2876|2198|661|31370|
20150615|253 |0|2|68261|2491|599|1|0|4475|75827|
20150615|253 |1|1|17488|1629|2540|2622|2844|1917|29040|
20150615|253 |1|2|60084|2552|580|0|0|4058|67274|
20150615|254 |0|1|9536|1015|1343|1801|3654|381|17730|
20150615|254 |0|2|30862|1398|686|0|0|2334|35280|
20150615|254 |1|1|9408|840|1356|1430|2691|1058|16783|
20150615|254 |1|2|28561|1207|713|0|0|2149|32630|
20150615|651 |0|1|6929|250|365|312|490|199|8545|
20150615|651 |0|2|17828|469|642|0|0|1114|20053|
20150615|651 |1|1|6874|274|381|317|420|696|8962|
20150615|651 |1|2|18746|538|645|0|0|1208|21137|
20150615|685 |0|1|6621|732|1468|1595|3175|180|13771|
20150615|685 |0|2|15929|868|692|0|0|942|18431|
20150615|685 |1|1|4310|682|1301|1370|2933|443|11039|
20150615|685 |1|2|15178|917|778|0|0|1082|17955|
20150616|101 |0|1|21781|1193|2130|1617|832|493|28046|
20150616|101 |0|2|64143|2331|7231|0|1|3164|76870|
20150616|101 |1|1|18998|1312|2069|2509|1303|1679|27870|
20150616|101 |1|2|60403|2709|7410|1|1|3099|73623|
20150616|190 |0|1|12357|1310|2476|2252|1400|313|20108|
20150616|190 |0|2|38958|2418|1893|2|4|2008|45283|
20150616|190 |1|1|11910|1338|2102|2647|1591|1005|20593|
20150616|190 |1|2|36230|2319|1870|2|4|1946|42371|
20150616|253 |0|1|18529|1702|3053|2987|2224|603|29098|
20150616|253 |0|2|64632|2549|609|0|0|4207|71997|
20150616|253 |1|1|16882|1752|2702|3226|3125|1789|29476|
20150616|253 |1|2|59922|2635|607|0|0|4034|67198|
20150616|254 |0|1|8868|1054|1436|1818|3797|363|17336|
20150616|254 |0|2|29537|1407|658|1|1|2289|33893|
20150616|254 |1|1|9144|977|1464|1744|2920|1051|17300|
20150616|254 |1|2|29138|1259|683|0|0|2208|33288|
20150616|651 |0|1|6749|298|367|411|414|196|8435|
20150616|651 |0|2|17779|475|660|0|0|1078|19992|
20150616|651 |1|1|6366|309|434|316|364|596|8385|
20150616|651 |1|2|17586|534|674|0|0|1091|19885|
20150616|685 |0|1|4350|719|1448|1618|3603|147|11885|
20150616|685 |0|2|16036|919|791|0|0|1017|18763|
20150616|685 |1|1|4049|724|1441|1514|3347|419|11494|
20150616|685 |1|2|15500|984|743|0|0|1009|18236|
20150617|101 |0|1|20450|1125|2111|1614|866|480|26646|
20150617|101 |0|2|64928|2347|7128|0|0|3149|77552|
20150617|101 |1|1|19284|1287|2041|2377|1393|1714|28096|
20150617|101 |1|2|61754|2652|7356|0|0|3076|74838|
20150617|190 |0|1|10545|1093|1970|1731|1157|256|16752|
20150617|190 |0|2|38778|2325|1879|0|0|1968|44950|
20150617|190 |1|1|11923|1309|2008|2436|1557|958|20191|
20150617|190 |1|2|37349|2294|1843|0|0|1993|43479|
20150617|253 |0|1|18487|1729|2961|2908|2251|630|28966|
20150617|253 |0|2|61901|2579|541|0|1|4086|69108|
20150617|253 |1|1|16619|1739|2768|3153|3032|1759|29070|
20150617|253 |1|2|59655|2736|566|0|1|3936|66894|
20150617|254 |0|1|8796|1043|1332|1727|3792|357|17047|
20150617|254 |0|2|29134|1408|641|0|0|2298|33481|
20150617|254 |1|1|9176|944|1402|1675|3042|1040|17279|
20150617|254 |1|2|29235|1289|711|0|0|2168|33403|
20150617|685 |0|1|4229|741|1466|1611|3513|140|11700|
20150617|685 |0|2|16080|950|817|0|0|1052|18899|
20150617|685 |1|1|4186|777|1347|1519|3205|410|11444|
20150617|685 |1|2|14931|960|735|0|0|1087|17713|
20150618|101 |0|1|21113|1098|2061|1560|831|529|27192|
20150618|101 |0|2|65655|2338|7156|0|5|3114|78268|
20150618|101 |1|1|19833|1355|2017|2251|1364|1783|28603|
20150618|101 |1|2|63057|2599|7414|0|0|3080|76150|
20150618|190 |0|1|12538|1294|2452|2203|1296|334|20117|
20150618|190 |0|2|39851|2359|1908|1|4|2034|46157|
20150618|190 |1|1|12350|1349|2018|2540|1487|1011|20755|
20150618|190 |1|2|38702|2314|1872|1|3|2024|44916|
20150618|253 |0|1|19151|1793|3045|2885|2270|620|29764|
20150618|253 |0|2|67126|2695|610|1|1|4409|74842|
20150618|253 |1|1|17682|1765|2725|3184|2947|1781|30084|
20150618|253 |1|2|62931|2717|614|0|0|4197|70459|
20150618|254 |0|1|8763|995|1404|1777|3853|335|17127|
20150618|254 |0|2|29737|1349|660|0|0|2335|34081|
20150618|254 |1|1|8920|934|1370|1646|3063|983|16916|
20150618|254 |1|2|28741|1190|605|0|1|2114|32651|
20150618|651 |0|1|6850|297|384|376|392|207|8506|
20150618|651 |0|2|18958|457|645|0|0|1041|21101|
20150618|651 |1|1|6367|308|403|339|357|608|8382|
20150618|651 |1|2|18266|483|647|0|0|1076|20472|
20150618|685 |0|1|4161|742|1407|1576|3490|157|11533|
20150618|685 |0|2|15873|889|776|0|0|1015|18553|
20150618|685 |1|1|4161|764|1317|1461|3211|395|11309|
20150618|685 |1|2|15442|912|770|0|0|996|18120|
20150619|101 |0|1|24331|1092|2018|1578|862|559|30440|
20150619|101 |0|2|70802|2267|7704|0|2|3304|84079|
20150619|101 |1|1|62966|671794|620992|704519|35387|2371|2098029|
20150619|101 |1|2|66912|2653|7940|0|2|3325|80832|
20150619|190 |0|1|15435|1272|2321|2075|1322|386|22811|
20150619|190 |0|2|47082|2384|1960|0|5|2289|53720|
20150619|190 |1|1|14844|1260|2120|2435|1499|1260|23418|
20150619|190 |1|2|45015|2376|1872|0|1|2282|51546|
20150619|253 |0|1|22052|1696|2873|2884|2235|729|32469|
20150619|253 |0|2|72149|2589|636|1|1|4449|79825|
20150619|253 |1|1|20234|1753|2650|2979|2978|2102|32696|
20150619|253 |1|2|67445|2643|605|0|0|4396|75089|
20150619|254 |0|1|9714|1010|1317|1697|3684|402|17824|
20150619|254 |0|2|31375|1376|599|0|1|2286|35637|
20150619|254 |1|1|10376|994|1447|1671|3165|1149|18802|
20150619|254 |1|2|30771|1269|583|0|0|2244|34867|
20150619|651 |0|1|9458|304|385|402|385|228|11162|
20150619|651 |0|2|25650|483|688|0|0|1320|28141|
20150619|651 |1|1|7138|309|407|358|337|649|9198|
20150619|651 |1|2|19908|517|720|0|0|1173|22318|
20150619|685 |0|1|5170|711|1445|1575|3384|181|12466|
20150619|685 |0|2|18461|949|842|0|0|1095|21347|
20150619|685 |1|1|5233|751|1393|1476|3109|525|12487|
20150619|685 |1|2|17638|971|759|0|0|1164|20532|
20150620|101 |0|1|26761|627|1233|662|456|426|30165|
20150620|101 |0|2|64769|1350|6825|0|0|2530|75474|
20150620|101 |1|1|23754|738|1229|1385|751|1806|29663|
20150620|101 |1|2|57504|1781|6980|0|0|2453|68718|
20150620|190 |0|1|17610|573|1181|751|607|291|21013|
20150620|190 |0|2|42890|1215|1677|0|0|1745|47527|
20150620|190 |1|1|16046|588|1184|1272|777|1171|21038|
20150620|190 |1|2|39725|1296|1624|0|0|1719|44364|
20150620|253 |0|1|25065|862|1623|1624|1181|526|30881|
20150620|253 |0|2|63898|1257|447|0|0|3256|68858|
20150620|253 |1|1|21821|932|1495|1958|1843|1956|30005|
20150620|253 |1|2|58194|1316|487|0|0|3174|63171|
20150620|254 |0|1|11523|512|699|779|2126|317|15956|
20150620|254 |0|2|28554|696|569|0|0|1744|31563|
20150620|254 |1|1|11795|506|761|951|1711|1153|16877|
20150620|254 |1|2|29005|647|552|0|0|1773|31977|
20150620|651 |0|1|13997|140|217|247|208|315|15124|
20150620|651 |0|2|31173|289|735|0|0|1282|33479|
20150620|651 |1|1|8796|162|206|156|164|692|10176|
20150620|651 |1|2|22641|287|781|0|0|1022|24731|
20150620|685 |0|1|6186|273|686|697|1683|157|9682|
20150620|685 |0|2|16112|345|825|0|0|772|18054|
20150620|685 |1|1|5936|305|721|819|1869|538|10188|
20150620|685 |1|2|15632|374|736|0|0|791|17533|
20150621|101 |0|1|25684|277|639|435|199|383|27617|
20150621|101 |0|2|61836|801|6208|0|0|2517|71362|
20150621|101 |1|1|25346|391|715|790|282|1915|29439|
20150621|101 |1|2|59622|793|6483|0|0|2278|69176|
20150621|190 |0|1|15180|308|708|465|228|255|17144|
20150621|190 |0|2|35430|645|1745|0|0|1510|39330|
20150621|190 |1|1|17897|346|567|737|224|1307|21078|
20150621|190 |1|2|42691|613|1704|0|0|1626|46634|
20150621|253 |0|1|23457|375|624|533|505|474|25968|
20150621|253 |0|2|57857|651|405|0|0|3021|61934|
20150621|253 |1|1|23831|355|489|564|579|2021|27839|
20150621|253 |1|2|57699|570|412|0|0|2706|61387|
20150621|254 |0|1|11287|192|280|291|595|280|12925|
20150621|254 |0|2|25829|339|616|0|0|1502|28286|
20150621|254 |1|1|11659|197|271|286|482|1188|14083|
20150621|254 |1|2|25912|267|615|0|0|1462|28256|
20150621|651 |0|1|10096|63|107|75|71|224|10636|
20150621|651 |0|2|22979|122|730|1|0|1026|24858|
20150621|651 |1|1|13524|72|81|162|50|1061|14950|
20150621|651 |1|2|31356|147|743|0|0|1336|33582|
20150621|685 |0|1|5313|99|242|287|445|103|6489|
20150621|685 |0|2|12842|136|840|0|0|610|14428|
20150621|685 |1|1|6193|98|221|266|485|496|7759|
20150621|685 |1|2|15231|138|784|0|0|734|16887|
20150622|101 |0|1|22923|980|1839|1556|823|553|28674|
20150622|101 |0|2|66322|2095|7050|0|6|3474|78947|
20150622|101 |1|1|19179|1158|1683|1752|1203|1766|26741|
20150622|101 |1|2|58055|2375|7268|0|4|3138|70840|
20150622|190 |0|1|13806|1204|2182|2021|1213|338|20764|
20150622|190 |0|2|42191|2316|1709|0|0|2173|48389|
20150622|190 |1|1|12842|1188|1822|1904|1303|1086|20145|
20150622|190 |1|2|37277|2141|1718|0|0|2064|43200|
20150622|253 |0|1|21255|1622|2900|3006|2084|670|31537|
20150622|253 |0|2|68920|2483|463|1|0|4482|76349|
20150622|253 |1|1|18143|1590|2443|2820|2767|1972|29735|
20150622|253 |1|2|61457|2500|529|0|0|4119|68605|
20150622|254 |0|1|9639|1007|1368|1800|3617|376|17807|
20150622|254 |0|2|31097|1372|615|0|0|2325|35409|
20150622|254 |1|1|9250|858|1324|1414|2613|1051|16510|
20150622|254 |1|2|27907|1209|587|0|0|2126|31829|
20150622|651 |0|1|7468|300|369|326|365|212|9040|
20150622|651 |0|2|18428|468|663|0|1|1108|20668|
20150622|651 |1|1|7254|314|367|373|334|699|9341|
20150622|651 |1|2|19100|489|661|0|0|1192|21442|
20150622|685 |0|1|6634|733|1476|1576|3188|170|13777|
20150622|685 |0|2|15826|893|684|0|0|997|18400|
20150622|685 |1|1|4249|682|1332|1441|3012|388|11104|
20150622|685 |1|2|15365|931|754|0|0|1044|18094|
20150623|101 |0|1|21115|1181|2037|1691|853|462|27339|
20150623|101 |0|2|64063|2317|6966|0|4|3168|76518|
20150623|101 |1|1|19411|1386|2009|2515|1426|1728|28475|
20150623|101 |1|2|60533|2631|7208|0|4|3089|73465|
20150623|190 |0|1|12013|1213|1926|1806|1146|329|18433|
20150623|190 |0|2|39619|2437|1710|2|1|1996|45765|
20150623|190 |1|1|12164|1283|2061|2578|1653|985|20724|
20150623|190 |1|2|37378|2359|1668|0|1|2002|43408|
20150623|253 |0|1|19300|1766|3101|3191|2448|538|30344|
20150623|253 |0|2|66248|2586|507|0|0|4313|73654|
20150623|253 |1|1|17193|1816|2756|3311|3225|1762|30063|
20150623|253 |1|2|60481|2587|505|0|0|4021|67594|
20150623|254 |0|1|8869|1037|1386|1814|4018|352|17476|
20150623|254 |0|2|29657|1433|601|0|0|2290|33981|
20150623|254 |1|1|9164|923|1375|1775|3082|1045|17364|
20150623|254 |1|2|29078|1292|603|0|0|2181|33154|
20150623|651 |0|1|7303|308|401|434|453|192|9091|
20150623|651 |0|2|18495|473|665|0|0|1080|20713|
20150623|651 |1|1|6827|313|427|403|380|596|8946|
20150623|651 |1|2|18149|526|669|0|0|1095|20439|
20150623|685 |0|1|4353|739|1455|1738|3561|156|12002|
20150623|685 |0|2|16209|919|760|0|0|1076|18964|
20150623|685 |1|1|4190|767|1442|1495|3367|447|11708|
20150623|685 |1|2|15153|959|730|1|0|1054|17897|
20150624|101 |0|1|20983|1145|2032|1609|890|491|27150|
20150624|101 |0|2|64931|2259|6933|1|2|3215|77341|
20150624|101 |1|1|19891|1317|1859|2414|1427|1714|28622|
20150624|101 |1|2|62151|2608|7176|2|3|3212|75152|
20150624|190 |0|1|13169|1420|2293|2018|1347|369|20616|
20150624|190 |0|2|38274|2243|1688|1|1|1950|44157|
20150624|190 |1|1|12872|1307|2103|2434|1522|1050|21288|
20150624|190 |1|2|37807|2313|1649|2|2|2037|43810|
20150624|253 |0|1|18629|1735|2980|2986|2289|598|29217|
20150624|253 |0|2|65019|2622|468|0|0|4187|72296|
20150624|253 |1|1|17689|1807|2716|3283|3105|1886|30486|
20150624|253 |1|2|62437|2674|478|0|2|4149|69740|
20150624|254 |0|1|8945|996|1434|1813|3881|340|17409|
20150624|254 |0|2|29696|1387|618|0|0|2226|33927|
20150624|254 |1|1|9398|981|1447|1739|3116|1048|17729|
20150624|254 |1|2|29511|1284|623|0|0|2209|33627|
20150624|651 |0|1|7219|302|394|416|365|200|8896|
20150624|651 |0|2|19015|498|628|0|0|1122|21263|
20150624|651 |1|1|6802|336|408|380|297|619|8842|
20150624|651 |1|2|18515|551|641|1|0|1101|20809|
20150624|685 |0|1|4267|663|1422|1597|3469|167|11585|
20150624|685 |0|2|16031|932|752|0|0|1064|18779|
20150624|685 |1|1|4256|699|1388|1546|3233|417|11539|
20150624|685 |1|2|15703|967|710|0|0|1050|18430|
20150625|101 |0|1|20801|1133|1982|1660|842|503|26921|
20150625|101 |0|2|64901|2286|6970|1|4|3169|77331|
20150625|101 |1|1|20217|1376|1968|2349|1406|1738|29054|
20150625|101 |1|2|62864|2616|7201|1|4|3097|75783|
20150625|190 |0|1|12702|1332|2447|2125|1299|308|20213|
20150625|190 |0|2|39904|2404|1708|0|0|1947|45963|
20150625|190 |1|1|12167|1334|2156|2581|1553|1018|20809|
20150625|190 |1|2|37503|2344|1622|0|0|1873|43342|
20150625|253 |0|1|18578|1787|2952|3113|2397|610|29437|
20150625|253 |0|2|65934|2615|474|0|0|4298|73321|
20150625|253 |1|1|18751|1866|2765|3249|3297|1952|31880|
20150625|253 |1|2|62974|2626|492|1|0|4107|70200|
20150625|254 |0|1|9217|1041|1320|1804|3872|348|17602|
20150625|254 |0|2|30019|1394|633|0|0|2282|34328|
20150625|254 |1|1|9971|963|1446|1756|3133|1079|18348|
20150625|254 |1|2|30008|1258|587|0|0|2170|34023|
20150625|651 |0|1|7056|303|415|427|411|204|8816|
20150625|651 |0|2|19127|502|657|1|0|1115|21402|
20150625|651 |1|1|7103|324|417|407|366|654|9271|
20150625|651 |1|2|18577|529|677|0|0|1147|20930|
20150625|685 |0|1|4198|688|1347|1501|3552|155|11441|
20150625|685 |0|2|15806|945|754|0|1|1061|18567|
20150625|685 |1|1|4406|765|1287|1426|3367|423|11674|
20150625|685 |1|2|15342|999|741|0|3|1065|18150|
20150626|101 |0|1|21661|965|1674|1415|695|487|26897|
20150626|101 |0|2|62569|2013|7462|0|15|3091|75150|
20150626|101 |1|1|20913|1167|1796|2090|1023|1888|28877|
20150626|101 |1|2|63722|2465|7637|2|3|3242|77071|
20150626|190 |0|1|14264|1172|2181|1857|1091|381|20946|
20150626|190 |0|2|43720|2181|1794|0|0|2149|49844|
20150626|190 |1|1|13928|1186|1949|2124|1239|1217|21643|
20150626|190 |1|2|42716|2238|1746|0|0|2187|48887|
20150626|253 |0|1|20996|1540|2819|2783|1942|644|30724|
20150626|253 |0|2|70446|2293|500|0|0|4558|77797|
20150626|253 |1|1|19284|1533|2453|2931|2632|1983|30816|
20150626|253 |1|2|65960|2376|520|1|0|4359|73216|
20150626|254 |0|1|9442|909|1323|1507|3257|382|16820|
20150626|254 |0|2|30434|1351|599|0|0|2308|34692|
20150626|254 |1|1|9947|857|1372|1678|2605|1131|17590|
20150626|254 |1|2|30584|1185|589|0|0|2273|34631|
20150626|651 |0|1|9135|229|371|434|313|263|10745|
20150626|651 |0|2|24256|440|705|0|0|1261|26662|
20150626|651 |1|1|6748|270|355|423|265|644|8705|
20150626|651 |1|2|18341|476|723|0|0|1151|20691|
20150626|685 |0|1|5048|633|1289|1515|3103|178|11766|
20150626|685 |0|2|17691|865|808|0|0|1139|20503|
20150626|685 |1|1|4906|635|1258|1507|2916|504|11726|
20150626|685 |1|2|17318|888|751|1|0|1219|20177|
20150627|101 |0|1|30008|686|1251|704|515|444|33608|
20150627|101 |0|2|72354|1359|6892|0|0|2834|83439|
20150627|101 |1|1|26121|829|1254|1465|778|1986|32433|
20150627|101 |1|2|63545|1800|7081|0|0|2691|75117|
20150627|190 |0|1|20134|665|1241|832|738|357|23967|
20150627|190 |0|2|48840|1265|1716|0|0|1915|53736|
20150627|190 |1|1|17257|717|1222|1350|997|1304|22847|
20150627|190 |1|2|44328|1326|1689|0|0|1808|49151|
20150627|253 |0|1|28143|922|1716|1683|1360|608|34432|
20150627|253 |0|2|70278|1340|423|1|0|3669|75711|
20150627|253 |1|1|23604|966|1616|2055|1993|2095|32329|
20150627|253 |1|2|62149|1406|438|0|0|3390|67383|
20150627|254 |0|1|12646|503|721|840|2174|347|17231|
20150627|254 |0|2|31556|730|581|0|1|1913|34781|
20150627|254 |1|1|12924|528|802|1074|1828|1307|18463|
20150627|254 |1|2|31972|687|576|0|0|1968|35203|
20150627|651 |0|1|15933|168|268|263|208|385|17225|
20150627|651 |0|2|32140|254|606|0|0|1351|34351|
20150627|651 |1|1|10524|171|211|205|194|929|12234|
20150627|651 |1|2|25840|310|747|0|0|1186|28083|
20150627|685 |0|1|7235|315|665|789|1997|172|11173|
20150627|685 |0|2|18563|373|845|0|0|905|20686|
20150627|685 |1|1|6067|324|741|895|2013|557|10597|
20150627|685 |1|2|16551|403|782|0|0|888|18624|
20150628|101 |0|1|25651|341|639|396|209|405|27641|
20150628|101 |0|2|62134|761|6160|0|0|2497|71552|
20150628|101 |1|1|26478|398|605|705|255|1921|30362|
20150628|101 |1|2|62148|744|6493|0|0|2410|71795|
20150628|190 |0|1|15432|311|568|491|237|267|17306|
20150628|190 |0|2|36522|591|1735|0|0|1508|40356|
20150628|190 |1|1|18912|348|470|879|230|1327|22166|
20150628|190 |1|2|44397|544|1698|0|0|1656|48295|
20150628|253 |0|1|24093|434|568|524|665|476|26760|
20150628|253 |0|2|58753|643|418|0|0|2964|62778|
20150628|253 |1|1|24799|394|402|622|694|2115|29026|
20150628|253 |1|2|59611|550|434|0|0|2879|63474|
20150628|254 |0|1|11606|206|263|342|556|293|13266|
20150628|254 |0|2|26769|287|607|0|0|1482|29145|
20150628|254 |1|1|12231|184|253|332|411|1162|14573|
20150628|254 |1|2|26917|250|602|0|0|1494|29263|
20150628|651 |0|1|10935|85|111|91|65|256|11543|
20150628|651 |0|2|24093|116|764|0|0|1050|26023|
20150628|651 |1|1|14929|110|106|145|44|1199|16533|
20150628|651 |1|2|33888|141|746|0|0|1414|36189|
20150628|685 |0|1|5563|109|241|243|509|102|6767|
20150628|685 |0|2|13079|144|837|0|0|663|14723|
20150628|685 |1|1|6379|99|200|220|480|519|7897|
20150628|685 |1|2|15871|135|791|0|0|717|17514|
20150629|101 |0|1|23970|1080|2086|1625|925|576|30262|
20150629|101 |0|2|67387|2166|7171|0|3|3348|80075|
20150629|101 |1|1|20875|1241|1807|1973|1293|1936|29125|
20150629|101 |1|2|62488|2563|7401|1|5|3284|75742|
20150629|190 |0|1|13826|1338|2383|2145|1215|346|21253|
20150629|190 |0|2|42693|2248|1749|0|2|2213|48905|
20150629|190 |1|1|13238|1255|1908|2097|1292|1135|20925|
20150629|190 |1|2|37789|2192|1753|0|0|2022|43756|
20150629|253 |0|1|20783|1676|2939|2981|2133|640|31152|
20150629|253 |0|2|68198|2493|449|0|0|4419|75559|
20150629|253 |1|1|18457|1733|2640|2854|2856|1973|30513|
20150629|253 |1|2|62453|2553|476|0|1|4358|69841|
20150629|254 |0|1|9811|1053|1414|1843|3698|344|18163|
20150629|254 |0|2|31109|1435|586|0|1|2379|35510|
20150629|254 |1|1|9604|930|1329|1519|2774|1106|17262|
20150629|254 |1|2|28999|1271|648|0|0|2197|33115|
20150629|651 |0|1|7797|293|416|382|429|212|9529|
20150629|651 |0|2|19204|524|706|0|0|1208|21642|
20150629|651 |1|1|7798|326|398|389|350|724|9985|
20150629|651 |1|2|20232|545|661|0|0|1260|22698|
20150629|685 |0|1|6819|788|1491|1623|3323|187|14231|
20150629|685 |0|2|15897|867|710|0|0|1015|18489|
20150629|685 |1|1|4407|728|1290|1400|3067|414|11306|
20150629|685 |1|2|15468|953|778|0|0|1008|18207|
20150630|101 |0|1|20843|1139|2092|1753|918|516|27261|
20150630|101 |0|2|62651|2350|7008|0|1|3167|75177|
20150630|101 |1|1|19156|1332|2033|2559|1376|1647|28103|
20150630|101 |1|2|58666|2664|7190|0|1|3046|71567|
20150630|190 |0|1|12151|1308|2425|2280|1326|303|19793|
20150630|190 |0|2|37340|2405|1742|0|0|1997|43484|
20150630|190 |1|1|11966|1287|2139|2749|1505|1044|20690|
20150630|190 |1|2|35691|2322|1709|0|0|1940|41662|
20150630|253 |0|1|18247|1717|3116|3114|2335|596|29125|
20150630|253 |0|2|64047|2563|431|0|2|4273|71316|
20150630|253 |1|1|17028|1745|2746|3372|3116|1915|29922|
20150630|253 |1|2|60315|2629|477|0|0|4110|67531|
20150630|254 |0|1|8946|1054|1394|1819|3758|341|17312|
20150630|254 |0|2|29223|1413|613|0|0|2265|33514|
20150630|254 |1|1|9287|967|1445|1715|2941|996|17351|
20150630|254 |1|2|28413|1288|568|0|0|2133|32402|
